1.600000000000000000e+01,0.000000000000000000e+00,7.640897216796875000e+02,6.597279052734375000e+02,6.548513174057006836e-01,7.646579589843750000e+02,6.583496093750000000e+02,6.677556037902832031e-01,7.628596801757812500e+02,6.586106567382812500e+02,6.699331998825073242e-01,7.680379638671875000e+02,6.583912353515625000e+02,8.203863501548767090e-01,7.614439086914062500e+02,6.590822753906250000e+02,6.526205539703369141e-01,7.710085449218750000e+02,6.648275146484375000e+02,6.993507742881774902e-01,7.589204101562500000e+02,6.658051757812500000e+02,6.674867868423461914e-01,7.744742431640625000e+02,6.732442016601562500e+02,7.658684253692626953e-01,7.542886962890625000e+02,6.751784667968750000e+02,6.505703330039978027e-01,7.665526733398437500e+02,6.732442016601562500e+02,7.274392247200012207e-01,7.549365844726562500e+02,6.809277343750000000e+02,6.080359220504760742e-01,7.695232543945312500e+02,6.816608886718750000e+02,6.608241200447082520e-01,7.584578247070312500e+02,6.813739013671875000e+02,5.972627401351928711e-01,7.665526733398437500e+02,6.930481567382812500e+02,7.530201673507690430e-01,7.551678466796875000e+02,6.925909423828125000e+02,7.508904337882995605e-01,7.670477294921875000e+02,7.064158325195312500e+02,5.226136445999145508e-01,7.512521972656250000e+02,7.047532958984375000e+02,5.844019055366516113e-01,7.635507812500000000e+02,6.543298339843750000e+02,6.926941871643066406e-01,7.650673828125000000e+02,6.618569335937500000e+02,8.056887984275817871e-01,7.650673828125000000e+02,6.806707153320312500e+02,6.045102477073669434e-01,7.630869750976562500e+02,7.088913574218750000e+02,7.200097441673278809e-01,7.710085449218750000e+02,7.083962402343750000e+02,5.746496915817260742e-01,7.650673828125000000e+02,7.093864746093750000e+02,6.378397941589355469e-01,7.549253540039062500e+02,7.076726074218750000e+02,5.055294036865234375e-01,7.670477294921875000e+02,7.088913574218750000e+02,6.860958933830261230e-01,7.498775634765625000e+02,7.065229492187500000e+02,7.031000852584838867e-01,7.517301635742187500e+02,6.580446166992187500e+02,2.518908691406250000e+01,5.069824218750000000e+01,0.000000000000000000e+00
1.600000000000000000e+01,1.000000000000000000e+00,7.674863281250000000e+02,6.599593505859375000e+02,7.684854865074157715e-01,7.689281005859375000e+02,6.585175781250000000e+02,8.127399682998657227e-01,7.665251464843750000e+02,6.585175781250000000e+02,7.819427251815795898e-01,7.713310546875000000e+02,6.594787597656250000e+02,8.342885971069335938e-01,7.655639648437500000e+02,6.594787597656250000e+02,8.456727266311645508e-01,7.737340087890625000e+02,6.657264404296875000e+02,8.864603042602539062e-01,7.631610107421875000e+02,6.657264404296875000e+02,8.631823062896728516e-01,7.766175537109375000e+02,6.734158325195312500e+02,9.505512714385986328e-01,7.607580566406250000e+02,6.729353027343750000e+02,8.668261766433715820e-01,7.689281005859375000e+02,6.738964233398437500e+02,8.361682295799255371e-01,7.583551025390625000e+02,6.782217407226562500e+02,7.339096665382385254e-01,7.713310546875000000e+02,6.820664672851562500e+02,8.522167801856994629e-01,7.641221923828125000e+02,6.815858764648437500e+02,8.754848837852478027e-01,7.694086914062500000e+02,6.926394653320312500e+02,8.421671390533447266e-01,7.597968750000000000e+02,6.936006469726562500e+02,8.918311595916748047e-01,7.703698730468750000e+02,7.070571289062500000e+02,8.341323733329772949e-01,7.549910278320312500e+02,7.056153564453125000e+02,8.827054500579833984e-01,7.682072143554687500e+02,6.549131469726562500e+02,8.864097595214843750e-01,7.684475097656250000e+02,6.628428955078125000e+02,9.050403833389282227e-01,7.679669189453125000e+02,6.815858764648437500e+02,8.575077652931213379e-01,7.665251464843750000e+02,7.104212646484375000e+02,8.725295662879943848e-01,7.593162841796875000e+02,7.084989013671875000e+02,7.657520771026611328e-01,7.684475097656250000e+02,7.109018554687500000e+02,7.499532103538513184e-01,7.578745117187500000e+02,7.089794921875000000e+02,6.837112307548522949e-01,7.713310546875000000e+02,7.094600830078125000e+02,7.812241315841674805e-01,7.535492553710937500e+02,7.075377197265625000e+02,8.361939787864685059e-01,7.549106445312500000e+02,6.601035156250000000e+02,2.467077636718750000e+01,4.921234130859375000e+01,0.000000000000000000e+00
1.600000000000000000e+01,2.000000000000000000e+00,7.698748168945312500e+02,6.605017700195312500e+02,7.680194973945617676e-01,7.707861938476562500e+02,6.591347045898437500e+02,7.772423624992370605e-01,7.689633789062500000e+02,6.591347045898437500e+02,8.390861153602600098e-01,7.730646972656250000e+02,6.595903930664062500e+02,8.107554316520690918e-01,7.680520019531250000e+02,6.595903930664062500e+02,7.665858864784240723e-01,7.762546386718750000e+02,6.664259033203125000e+02,8.691582083702087402e-01,7.671405639648437500e+02,6.664259033203125000e+02,8.525049090385437012e-01,7.785331420898437500e+02,6.741728515625000000e+02,9.581291675567626953e-01,7.653177490234375000e+02,6.732614746093750000e+02,8.791092038154602051e-01,7.707861938476562500e+02,6.741728515625000000e+02,8.724766969680786133e-01,7.648620605468750000e+02,6.750842895507812500e+02,5.438952445983886719e-01,7.730646972656250000e+02,6.832869262695312500e+02,8.789479732513427734e-01,7.685076904296875000e+02,6.828312377929687500e+02,8.445888161659240723e-01,7.730646972656250000e+02,6.960465698242187500e+02,7.395142912864685059e-01,7.639506835937500000e+02,6.942237548828125000e+02,7.685084342956542969e-01,7.730646972656250000e+02,7.078948364257812500e+02,7.174136638641357422e-01,7.589379272460937500e+02,7.065277099609375000e+02,7.911076545715332031e-01,7.705583496093750000e+02,6.566282958984375000e+02,8.049089312553405762e-01,7.712418823242187500e+02,6.636917114257812500e+02,8.929827809333801270e-01,7.707861938476562500e+02,6.823754882812500000e+02,9.143417477607727051e-01,7.698748168945312500e+02,7.115404663085937500e+02,8.176742196083068848e-01,7.634949340820312500e+02,7.097176513671875000e+02,8.482614755630493164e-01,7.716976318359375000e+02,7.119961547851562500e+02,7.376195788383483887e-01,7.621278686523437500e+02,7.101733398437500000e+02,7.690554261207580566e-01,7.744318237304687500e+02,7.110847778320312500e+02,7.768343687057495117e-01,7.571151123046875000e+02,7.083505249023437500e+02,8.480380773544311523e-01,7.586969604492187500e+02,6.624613037109375000e+02,2.372277832031250000e+01,4.666394042968750000e+01,0.000000000000000000e+00
1.600000000000000000e+01,4.000000000000000000e+00,7.724827880859375000e+02,6.613898925781250000e+02,8.027147054672241211e-01,7.734471435546875000e+02,6.598759765625000000e+02,7.581951618194580078e-01,7.719870605468750000e+02,6.596547241210937500e+02,7.729551792144775391e-01,7.764759521484375000e+02,6.601525878906250000e+02,8.461127281188964844e-01,7.720079345703125000e+02,6.601846313476562500e+02,6.723336577415466309e-01,7.804666748046875000e+02,6.663928833007812500e+02,9.025565385818481445e-01,7.719825439453125000e+02,6.671238403320312500e+02,9.124288558959960938e-01,7.829973144531250000e+02,6.744298095703125000e+02,9.161968231201171875e-01,7.711948852539062500e+02,6.745761718750000000e+02,8.531609773635864258e-01,7.756857910156250000e+02,6.747241821289062500e+02,8.176306486129760742e-01,7.703714599609375000e+02,6.802600708007812500e+02,8.161045312881469727e-01,7.814207763671875000e+02,6.834149169921875000e+02,9.202237129211425781e-01,7.756885986328125000e+02,6.843635253906250000e+02,8.858160376548767090e-01,7.860726318359375000e+02,6.964236450195312500e+02,7.600408196449279785e-01,7.762020263671875000e+02,6.980003662109375000e+02,6.856468915939331055e-01,7.902738037109375000e+02,7.066802978515625000e+02,7.655447125434875488e-01,7.722301635742187500e+02,7.091589355468750000e+02,4.494814574718475342e-01,7.739464111328125000e+02,6.553881225585937500e+02,7.792687416076660156e-01,7.754654541015625000e+02,6.636378173828125000e+02,9.382123947143554688e-01,7.784489746093750000e+02,6.834145507812500000e+02,9.072756767272949219e-01,7.949989624023437500e+02,7.086966552734375000e+02,7.085088491439819336e-01,7.725687866210937500e+02,7.115942382812500000e+02,5.170395970344543457e-01,7.955142822265625000e+02,7.076762695312500000e+02,7.187398672103881836e-01,7.705878906250000000e+02,7.113486328125000000e+02,5.912959575653076172e-01,7.899899902343750000e+02,7.086951904296875000e+02,7.367282509803771973e-01,7.807263183593750000e+02,7.106933593750000000e+02,5.130963921546936035e-01,7.633340454101562500e+02,6.578645019531250000e+02,2.819342041015625000e+01,5.605706787109375000e+01,0.000000000000000000e+00
1.600000000000000000e+01,1.200000000000000000e+01,7.864531250000000000e+02,6.556816406250000000e+02,7.999317646026611328e-01,7.879292602539062500e+02,6.542055053710937500e+02,8.127557039260864258e-01,7.859610595703125000e+02,6.542055053710937500e+02,8.543785214424133301e-01,7.898974609375000000e+02,6.551895751953125000e+02,8.377825021743774414e-01,7.849769287109375000e+02,6.546975097656250000e+02,8.170884847640991211e-01,7.923576660156250000e+02,6.620782470703125000e+02,8.653857707977294922e-01,7.844849243164062500e+02,6.615862426757812500e+02,8.737038969993591309e-01,7.953099975585937500e+02,6.699510498046875000e+02,8.921650052070617676e-01,7.839928588867187500e+02,6.689669189453125000e+02,7.210150361061096191e-01,7.874371948242187500e+02,6.709351196289062500e+02,8.556048274040222168e-01,7.825167236328125000e+02,6.709351196289062500e+02,7.613432407379150391e-01,7.903894653320312500e+02,6.788079223632812500e+02,8.412449359893798828e-01,7.854689941406250000e+02,6.788079223632812500e+02,8.510885834693908691e-01,7.859610595703125000e+02,6.930773315429687500e+02,8.749197125434875488e-01,7.854689941406250000e+02,6.930773315429687500e+02,7.977645397186279297e-01,7.953099975585937500e+02,7.014421997070312500e+02,6.216050982475280762e-01,7.859610595703125000e+02,7.078388061523437500e+02,6.412533521652221680e-01,7.881752929687500000e+02,6.519912719726562500e+02,8.316966891288757324e-01,7.879292602539062500e+02,6.591259765625000000e+02,9.202859997749328613e-01,7.879292602539062500e+02,6.783158569335937500e+02,8.802249431610107422e-01,7.810405883789062500e+02,7.098070068359375000e+02,7.577368021011352539e-01,7.958020019531250000e+02,7.078388061523437500e+02,4.138541519641876221e-01,7.820246582031250000e+02,7.102990722656250000e+02,8.231555819511413574e-01,7.958020019531250000e+02,7.073467407226562500e+02,3.808237612247467041e-01,7.977702026367187500e+02,7.009501342773437500e+02,7.758130431175231934e-01,7.884212646484375000e+02,7.093149414062500000e+02,2.753249704837799072e-01,7.810256958007812500e+02,6.573053588867187500e+02,2.020367431640625000e+01,5.038580322265625000e+01,0.000000000000000000e+00
1.600000000000000000e+01,1.300000000000000000e+01,7.873185424804687500e+02,6.554690551757812500e+02,7.170246839523315430e-01,7.882867431640625000e+02,6.540167846679687500e+02,7.635323405265808105e-01,7.863503417968750000e+02,6.545008544921875000e+02,8.094555735588073730e-01,7.907072143554687500e+02,6.549849853515625000e+02,7.949492931365966797e-01,7.858662109375000000e+02,6.549849853515625000e+02,7.765709757804870605e-01,7.931276855468750000e+02,6.607941284179687500e+02,8.768624067306518555e-01,7.858662109375000000e+02,6.607941284179687500e+02,8.692580461502075195e-01,7.960322875976562500e+02,6.690237426757812500e+02,8.644850254058837891e-01,7.863503417968750000e+02,6.685396728515625000e+02,7.328065037727355957e-01,7.887708129882812500e+02,6.699919433593750000e+02,8.621026277542114258e-01,7.844139404296875000e+02,6.728965454101562500e+02,6.753202080726623535e-01,7.916754150390625000e+02,6.782216186523437500e+02,8.272424936294555664e-01,7.868344116210937500e+02,6.782216186523437500e+02,8.099663257598876953e-01,7.873185424804687500e+02,6.932285766601562500e+02,8.621493577957153320e-01,7.868344116210937500e+02,6.932285766601562500e+02,7.634366154670715332e-01,7.955481567382812500e+02,7.014582519531250000e+02,8.324236273765563965e-01,7.887708129882812500e+02,7.072673950195312500e+02,7.529140114784240723e-01,7.885287475585937500e+02,6.523224487304687500e+02,8.267821669578552246e-01,7.887708129882812500e+02,6.583736572265625000e+02,9.350931048393249512e-01,7.892549438476562500e+02,6.777374877929687500e+02,8.759469985961914062e-01,7.950640869140625000e+02,7.077514648437500000e+02,8.758184909820556641e-01,7.844139404296875000e+02,7.101719970703125000e+02,8.624033927917480469e-01,7.965163574218750000e+02,7.072673950195312500e+02,8.821079730987548828e-01,7.848980712890625000e+02,7.092037963867187500e+02,8.516357541084289551e-01,7.979686279296875000e+02,7.014582519531250000e+02,8.102362751960754395e-01,7.902230834960937500e+02,7.096878662109375000e+02,9.372952580451965332e-01,7.808249511718750000e+02,6.575507202148437500e+02,2.121685791015625000e+01,4.957147216796875000e+01,0.000000000000000000e+00
1.600000000000000000e+01,1.400000000000000000e+01,7.885473632812500000e+02,6.537013549804687500e+02,7.610267400741577148e-01,7.900097045898437500e+02,6.522390136718750000e+02,7.714069485664367676e-01,7.880599365234375000e+02,6.522390136718750000e+02,8.161357641220092773e-01,7.924469604492187500e+02,6.532139282226562500e+02,8.849789500236511230e-01,7.870850219726562500e+02,6.532139282226562500e+02,7.634571790695190430e-01,7.948842163085937500e+02,6.600382690429687500e+02,8.933578133583068848e-01,7.870850219726562500e+02,6.595507812500000000e+02,8.788306117057800293e-01,7.982963867187500000e+02,6.683248901367187500e+02,9.224978685379028320e-01,7.875724487304687500e+02,6.673500366210937500e+02,8.908373713493347168e-01,7.900097045898437500e+02,6.692998046875000000e+02,8.543748855590820312e-01,7.861101074218750000e+02,6.722244873046875000e+02,7.701293230056762695e-01,7.934218750000000000e+02,6.770989990234375000e+02,8.552159667015075684e-01,7.885473632812500000e+02,6.770989990234375000e+02,8.259876966476440430e-01,7.890347900390625000e+02,6.912351074218750000e+02,7.725411653518676758e-01,7.870850219726562500e+02,6.912351074218750000e+02,8.176705837249755859e-01,7.924469604492187500e+02,7.053711547851562500e+02,6.731950044631958008e-01,7.943967895507812500e+02,7.024464721679687500e+02,7.330942749977111816e-01,7.902534179687500000e+02,6.500454711914062500e+02,8.577663898468017578e-01,7.904971923828125000e+02,6.566260986328125000e+02,9.911762475967407227e-01,7.909846191406250000e+02,6.766115722656250000e+02,9.514079093933105469e-01,7.875724487304687500e+02,7.087833251953125000e+02,8.352395296096801758e-01,7.929344482421875000e+02,7.082958984375000000e+02,3.619641661643981934e-01,7.890347900390625000e+02,7.092708129882812500e+02,7.855578064918518066e-01,7.914720458984375000e+02,7.078084106445312500e+02,4.991746544837951660e-01,7.943967895507812500e+02,7.082958984375000000e+02,6.892498135566711426e-01,7.968340454101562500e+02,7.029338989257812500e+02,7.029821276664733887e-01,7.819619140625000000e+02,6.553099975585937500e+02,2.048266601562500000e+01,4.991491699218750000e+01,0.000000000000000000e+00
1.600000000000000000e+01,1.500000000000000000e+01,7.881062622070312500e+02,6.514750366210937500e+02,7.788588404655456543e-01,7.896431274414062500e+02,6.499381713867187500e+02,8.181372284889221191e-01,7.870816650390625000e+02,6.494259033203125000e+02,8.360995650291442871e-01,7.932291259765625000e+02,6.504504394531250000e+02,8.430218696594238281e-01,7.865693969726562500e+02,6.499381713867187500e+02,6.574569344520568848e-01,7.963027954101562500e+02,6.586470336914062500e+02,8.608235716819763184e-01,7.881062622070312500e+02,6.586470336914062500e+02,9.304744005203247070e-01,7.998887939453125000e+02,6.673558349609375000e+02,9.667150378227233887e-01,7.891307983398437500e+02,6.673558349609375000e+02,8.586049079895019531e-01,7.911799926757812500e+02,6.683804321289062500e+02,8.807563781738281250e-01,7.875939941406250000e+02,6.709418334960937500e+02,8.219352960586547852e-01,7.947659301757812500e+02,6.765769653320312500e+02,8.374217152595520020e-01,7.901553955078125000e+02,6.765769653320312500e+02,8.543830513954162598e-01,7.937413940429687500e+02,6.909209594726562500e+02,8.650569319725036621e-01,7.870816650390625000e+02,6.909209594726562500e+02,8.993809819221496582e-01,7.947659301757812500e+02,7.057771606445312500e+02,8.241348266601562500e-01,7.942536621093750000e+02,7.047526245117187500e+02,6.999583840370178223e-01,7.898992309570312500e+02,6.466083374023437500e+02,7.831686139106750488e-01,7.916922607421875000e+02,6.550610351562500000e+02,9.353793263435363770e-01,7.927167968750000000e+02,6.765769653320312500e+02,9.762395024299621582e-01,7.896431274414062500e+02,7.083386230468750000e+02,7.909702658653259277e-01,7.901553955078125000e+02,7.083386230468750000e+02,7.842200398445129395e-01,7.911799926757812500e+02,7.088508911132812500e+02,9.069659113883972168e-01,7.906676635742187500e+02,7.078263549804687500e+02,8.059544563293457031e-01,7.957905273437500000e+02,7.083386230468750000e+02,8.210131525993347168e-01,7.973273925781250000e+02,7.073140258789062500e+02,5.633923411369323730e-01,7.832604980468750000e+02,6.531655273437500000e+02,1.942492675781250000e+01,5.245800781250000000e+01,0.000000000000000000e+00
1.600000000000000000e+01,1.600000000000000000e+01,7.929968872070312500e+02,6.497149658203125000e+02,8.941792845726013184e-01,7.945372314453125000e+02,6.481745605468750000e+02,9.102903008460998535e-01,7.919699707031250000e+02,6.476611328125000000e+02,8.724005222320556641e-01,7.960775756835937500e+02,6.486880493164062500e+02,8.699536323547363281e-01,7.888892822265625000e+02,6.481745605468750000e+02,8.512597084045410156e-01,7.976179199218750000e+02,6.569032592773437500e+02,8.881374001502990723e-01,7.894027099609375000e+02,6.574167480468750000e+02,8.998824357986450195e-01,8.012120971679687500e+02,6.656319580078125000e+02,9.434899091720581055e-01,7.904296264648437500e+02,6.651185302734375000e+02,8.756641149520874023e-01,7.929968872070312500e+02,6.661453857421875000e+02,8.770935535430908203e-01,7.894027099609375000e+02,6.702529907226562500e+02,8.185993432998657227e-01,7.965910644531250000e+02,6.759010009765625000e+02,8.890195488929748535e-01,7.914565429687500000e+02,6.753875122070312500e+02,9.117433428764343262e-01,7.965910644531250000e+02,6.907910766601562500e+02,8.755549788475036621e-01,7.868354492187500000e+02,6.897642211914062500e+02,8.940243721008300781e-01,7.981314086914062500e+02,7.051677246093750000e+02,8.594616055488586426e-01,7.919699707031250000e+02,7.036273803710937500e+02,8.275868296623229980e-01,7.922266845703125000e+02,6.458640747070312500e+02,6.730000972747802734e-01,7.929968872070312500e+02,6.538225708007812500e+02,9.286016225814819336e-01,7.940238037109375000e+02,6.748740844726562500e+02,9.339430928230285645e-01,7.929968872070312500e+02,7.082484741210937500e+02,7.330501675605773926e-01,7.888892822265625000e+02,7.077349853515625000e+02,9.133949875831604004e-01,7.950506591796875000e+02,7.087619018554687500e+02,7.179233431816101074e-01,7.883757934570312500e+02,7.067081298828125000e+02,8.675510883331298828e-01,7.996717529296875000e+02,7.077349853515625000e+02,8.738178610801696777e-01,7.935103149414062500e+02,7.056812133789062500e+02,7.820525765419006348e-01,7.819230346679687500e+02,6.524362182617187500e+02,2.266113281250000000e+01,5.257745361328125000e+01,0.000000000000000000e+00
1.600000000000000000e+01,1.700000000000000000e+01,7.929555053710937500e+02,6.490137329101562500e+02,7.858816385269165039e-01,7.945060424804687500e+02,6.474631958007812500e+02,8.575049638748168945e-01,7.924386596679687500e+02,6.474631958007812500e+02,8.462359905242919922e-01,7.965734252929687500e+02,6.484968872070312500e+02,8.853233456611633301e-01,7.908881225585937500e+02,6.484968872070312500e+02,8.816376924514770508e-01,7.991576538085937500e+02,6.552158813476562500e+02,9.415219426155090332e-01,7.903712768554687500e+02,6.562495727539062500e+02,8.977524042129516602e-01,8.022587280273437500e+02,6.640022583007812500e+02,9.250328540802001953e-01,7.903712768554687500e+02,6.640022583007812500e+02,8.950279951095581055e-01,7.939891967773437500e+02,6.650358886718750000e+02,8.832104802131652832e-01,7.903712768554687500e+02,6.681369628906250000e+02,7.068181037902832031e-01,7.981239624023437500e+02,6.748559570312500000e+02,8.767400979995727539e-01,7.924386596679687500e+02,6.743391113281250000e+02,9.120987653732299805e-01,7.986408081054687500e+02,6.893276367187500000e+02,9.496679306030273438e-01,7.877870483398437500e+02,6.872602539062500000e+02,9.024066329002380371e-01,8.007081909179687500e+02,7.032824096679687500e+02,8.961192369461059570e-01,7.893375854492187500e+02,7.017318725585937500e+02,8.564548492431640625e-01,7.937307739257812500e+02,6.441036987304687500e+02,8.797041773796081543e-01,7.939891967773437500e+02,6.526316528320312500e+02,9.713982939720153809e-01,7.950228881835937500e+02,6.738222656250000000e+02,9.060859084129333496e-01,7.950228881835937500e+02,7.058666381835937500e+02,9.220304489135742188e-01,7.872702026367187500e+02,7.069003295898437500e+02,8.616085052490234375e-01,7.976071166992187500e+02,7.063834838867187500e+02,8.442553281784057617e-01,7.857196655273437500e+02,7.058666381835937500e+02,8.805614709854125977e-01,8.022587280273437500e+02,7.058666381835937500e+02,8.662564754486083984e-01,7.908881225585937500e+02,7.043161010742187500e+02,7.733089923858642578e-01,7.822069091796875000e+02,6.507193603515625000e+02,2.304772949218750000e+01,5.292480468750000000e+01,0.000000000000000000e+00
1.600000000000000000e+01,1.800000000000000000e+01,7.919085083007812500e+02,6.483583374023437500e+02,7.769324779510498047e-01,7.934368896484375000e+02,6.468298950195312500e+02,7.928108572959899902e-01,7.913990478515625000e+02,6.468298950195312500e+02,8.289183378219604492e-01,7.964937744140625000e+02,6.473393554687500000e+02,8.574938774108886719e-01,7.908895263671875000e+02,6.478488769531250000e+02,6.700198054313659668e-01,8.000600585937500000e+02,6.544720458984375000e+02,9.041466116905212402e-01,7.913990478515625000e+02,6.549815063476562500e+02,9.067777395248413086e-01,8.031169433593750000e+02,6.631330566406250000e+02,8.916302919387817383e-01,7.919085083007812500e+02,6.631330566406250000e+02,9.269470572471618652e-01,7.954747924804687500e+02,6.641520385742187500e+02,8.767706155776977539e-01,7.913990478515625000e+02,6.687373046875000000e+02,7.099714279174804688e-01,7.990411376953125000e+02,6.743414916992187500e+02,8.936600089073181152e-01,7.929274291992187500e+02,6.743414916992187500e+02,8.751516938209533691e-01,8.010790405273437500e+02,6.880973510742187500e+02,9.354276061058044434e-01,7.883421630859375000e+02,6.875878295898437500e+02,8.650123476982116699e-01,8.031169433593750000e+02,7.023626098632812500e+02,9.283131957054138184e-01,7.873232421875000000e+02,7.023626098632812500e+02,9.153677225112915039e-01,7.936916503906250000e+02,6.440277709960937500e+02,8.527418971061706543e-01,7.954747924804687500e+02,6.514151611328125000e+02,9.304627776145935059e-01,7.959843139648437500e+02,6.738320312500000000e+02,9.489873051643371582e-01,7.990411376953125000e+02,7.054194335937500000e+02,8.729833364486694336e-01,7.837568969726562500e+02,7.059289550781250000e+02,7.933990359306335449e-01,8.010790405273437500e+02,7.059289550781250000e+02,8.374168872833251953e-01,7.832474365234375000e+02,7.049099731445312500e+02,8.374965786933898926e-01,8.051548461914062500e+02,7.044005126953125000e+02,8.194845914840698242e-01,7.888516235351562500e+02,7.044005126953125000e+02,8.251027464866638184e-01,7.831110229492187500e+02,6.505490722656250000e+02,2.523706054687500000e+01,5.217016601562500000e+01,0.000000000000000000e+00
1.600000000000000000e+01,1.900000000000000000e+01,7.937773437500000000e+02,6.480801391601562500e+02,8.138562440872192383e-01,7.948491821289062500e+02,6.470083007812500000e+02,8.643435835838317871e-01,7.932413940429687500e+02,6.464723510742187500e+02,8.739711642265319824e-01,7.975288085937500000e+02,6.475442504882812500e+02,8.995900750160217285e-01,7.932413940429687500e+02,6.475442504882812500e+02,7.242012619972229004e-01,8.007443847656250000e+02,6.545112915039062500e+02,9.076463580131530762e-01,7.927055053710937500e+02,6.550472412109375000e+02,9.071053862571716309e-01,8.039599609375000000e+02,6.630861206054687500e+02,9.289640784263610840e-01,7.932413940429687500e+02,6.630861206054687500e+02,8.941002488136291504e-01,7.959210205078125000e+02,6.641580200195312500e+02,9.040207266807556152e-01,7.921695556640625000e+02,6.689813232421875000e+02,6.740034222602844238e-01,8.002084960937500000e+02,6.738046875000000000e+02,9.254605770111083984e-01,7.943132324218750000e+02,6.738046875000000000e+02,8.455805182456970215e-01,8.028881225585937500e+02,6.877388305664062500e+02,8.622760772705078125e-01,7.889539794921875000e+02,6.882747802734375000e+02,9.174224734306335449e-01,8.061036987304687500e+02,7.022088623046875000e+02,8.630813360214233398e-01,7.857384033203125000e+02,7.022088623046875000e+02,8.867361545562744141e-01,7.961890258789062500e+02,6.445966186523437500e+02,8.880462646484375000e-01,7.964569702148437500e+02,6.518316650390625000e+02,9.526770710945129395e-01,7.975288085937500000e+02,6.732687988281250000e+02,9.378193616867065430e-01,8.007443847656250000e+02,7.054244384765625000e+02,8.803509473800659180e-01,7.798432006835937500e+02,7.038166503906250000e+02,8.579666018486022949e-01,8.028881225585937500e+02,7.054244384765625000e+02,8.890236616134643555e-01,7.803791503906250000e+02,7.032807617187500000e+02,8.978556394577026367e-01,8.077114868164062500e+02,7.048885498046875000e+02,8.900252580642700195e-01,7.857384033203125000e+02,7.054244384765625000e+02,8.665788769721984863e-01,7.837448120117187500e+02,6.503846435546875000e+02,2.703204345703125000e+01,5.487902832031250000e+01,0.000000000000000000e+00
1.600000000000000000e+01,2.000000000000000000e+01,7.946428222656250000e+02,6.486364746093750000e+02,8.431742787361145020e-01,7.961170654296875000e+02,6.471646728515625000e+02,8.440165519714355469e-01,7.940300292968750000e+02,6.471569824218750000e+02,8.741925954818725586e-01,7.990622558593750000e+02,6.480279541015625000e+02,8.814097642898559570e-01,7.936669921875000000e+02,6.480304565429687500e+02,8.052913546562194824e-01,8.023654785156250000e+02,6.551366577148437500e+02,9.310657978057861328e-01,7.934246826171875000e+02,6.557480468750000000e+02,9.415187239646911621e-01,8.047023925781250000e+02,6.635643310546875000e+02,9.270795583724975586e-01,7.940310668945312500e+02,6.635595703125000000e+02,8.832811117172241211e-01,7.963719482421875000e+02,6.646871337890625000e+02,9.146566390991210938e-01,7.931484375000000000e+02,6.661662597656250000e+02,8.574498891830444336e-01,8.014931640625000000e+02,6.742320556640625000e+02,9.249833822250366211e-01,7.951619873046875000e+02,6.742308349609375000e+02,9.044877290725708008e-01,8.047010498046875000e+02,6.878493652343750000e+02,9.661371707916259766e-01,7.898660278320312500e+02,6.890705566406250000e+02,9.311528205871582031e-01,8.086138916015625000e+02,7.015572509765625000e+02,8.549984693527221680e-01,7.842346191406250000e+02,7.021702270507812500e+02,9.568427205085754395e-01,7.962437133789062500e+02,6.436384277343750000e+02,9.257631301879882812e-01,7.975877685546875000e+02,6.521905517578125000e+02,9.463566541671752930e-01,7.984572143554687500e+02,6.736245117187500000e+02,9.346151947975158691e-01,8.032310791015625000e+02,7.054694213867187500e+02,8.259539604187011719e-01,7.782375488281250000e+02,7.025130004882812500e+02,8.648018836975097656e-01,8.050390625000000000e+02,7.054675292968750000e+02,8.211977481842041016e-01,7.788400878906250000e+02,7.015767822265625000e+02,8.782771825790405273e-01,8.100837402343750000e+02,7.042686767578125000e+02,7.545796632766723633e-01,7.842154541015625000e+02,7.054689941406250000e+02,8.298056721687316895e-01,7.765535278320312500e+02,6.413647460937500000e+02,4.284460449218750000e+01,7.088305664062500000e+01,0.000000000000000000e+00
1.600000000000000000e+01,2.100000000000000000e+01,7.956248168945312500e+02,6.495075683593750000e+02,8.249710202217102051e-01,7.970894775390625000e+02,6.480413818359375000e+02,8.339414000511169434e-01,7.950167236328125000e+02,6.480350341796875000e+02,8.719363808631896973e-01,7.994171142578125000e+02,6.488936767578125000e+02,8.984849452972412109e-01,7.944114990234375000e+02,6.489101562500000000e+02,8.609510064125061035e-01,8.026972656250000000e+02,6.559741210937500000e+02,9.351480603218078613e-01,7.940648193359375000e+02,6.562294311523437500e+02,9.244703054428100586e-01,8.053759765625000000e+02,6.642597656250000000e+02,9.295181035995483398e-01,7.940618286132812500e+02,6.642595214843750000e+02,8.505913019180297852e-01,7.968297119140625000e+02,6.654686279296875000e+02,9.265814423561096191e-01,7.926916503906250000e+02,6.657254638671875000e+02,9.317051172256469727e-01,8.018363037109375000e+02,6.755700683593750000e+02,9.616478681564331055e-01,7.956241455078125000e+02,6.755784912109375000e+02,9.221248626708984375e-01,8.059799804687500000e+02,6.891251831054687500e+02,9.238704442977905273e-01,7.902666015625000000e+02,6.903333129882812500e+02,9.058989286422729492e-01,8.109882812500000000e+02,7.031102905273437500e+02,9.054373502731323242e-01,7.846622924804687500e+02,7.036158447265625000e+02,9.338903427124023438e-01,7.966044921875000000e+02,6.453775634765625000e+02,8.768132925033569336e-01,7.979531250000000000e+02,6.530296020507812500e+02,9.469470977783203125e-01,7.985557250976562500e+02,6.749610595703125000e+02,9.326453208923339844e-01,8.058895263671875000e+02,7.066516113281250000e+02,8.763494491577148438e-01,7.786969604492187500e+02,7.027622680664062500e+02,8.935804367065429688e-01,8.077008666992187500e+02,7.066527099609375000e+02,8.639270663261413574e-01,7.789501953125000000e+02,7.019031982421875000e+02,9.055253267288208008e-01,8.127973022460937500e+02,7.054446411132812500e+02,8.515313863754272461e-01,7.843033447265625000e+02,7.069032592773437500e+02,8.939939737319946289e-01,7.762854003906250000e+02,6.425697021484375000e+02,4.379748535156250000e+01,7.012609863281250000e+01,0.000000000000000000e+00
1.600000000000000000e+01,2.200000000000000000e+01,7.959580078125000000e+02,6.497921752929687500e+02,8.427211046218872070e-01,7.971810302734375000e+02,6.485504760742187500e+02,8.724414110183715820e-01,7.953210449218750000e+02,6.485500488281250000e+02,8.750871419906616211e-01,7.995418701171875000e+02,6.491663818359375000e+02,8.832297325134277344e-01,7.947329711914062500e+02,6.494177246093750000e+02,8.309859037399291992e-01,8.031589965820312500e+02,6.563817138671875000e+02,9.508812427520751953e-01,7.939941406250000000e+02,6.569995727539062500e+02,9.322550296783447266e-01,8.064046020507812500e+02,6.651859741210937500e+02,9.361165165901184082e-01,7.936318359375000000e+02,6.645722656250000000e+02,8.899143338203430176e-01,7.970762939453125000e+02,6.665872192382812500e+02,8.890482783317565918e-01,7.928507690429687500e+02,6.663280029296875000e+02,9.357707500457763672e-01,8.021777954101562500e+02,6.762672119140625000e+02,9.540884494781494141e-01,7.958423461914062500e+02,6.760125732421875000e+02,9.147797822952270508e-01,8.064045410156250000e+02,6.901838989257812500e+02,9.341465234756469727e-01,7.907373657226562500e+02,6.910627441406250000e+02,9.160107374191284180e-01,8.130972900390625000e+02,7.034750976562500000e+02,9.292098283767700195e-01,7.861525268554687500e+02,7.049670410156250000e+02,9.475224018096923828e-01,7.969438476562500000e+02,6.450725097656250000e+02,8.639639616012573242e-01,7.979546508789062500e+02,6.533900146484375000e+02,9.602931737899780273e-01,7.988371582031250000e+02,6.757455444335937500e+02,9.577541947364807129e-01,8.087788696289062500e+02,7.074381103515625000e+02,9.123119711875915527e-01,7.804394531250000000e+02,7.058571777343750000e+02,9.032356739044189453e-01,8.108948974609375000e+02,7.074359130859375000e+02,8.964980840682983398e-01,7.807026367187500000e+02,7.049722900390625000e+02,8.804129362106323242e-01,8.151995239257812500e+02,7.055895996093750000e+02,8.491552472114562988e-01,7.867697753906250000e+02,7.076976318359375000e+02,9.149916768074035645e-01,7.770532226562500000e+02,6.417718505859375000e+02,4.382684326171875000e+01,7.198608398437500000e+01,0.000000000000000000e+00
1.600000000000000000e+01,2.300000000000000000e+01,7.962673339843750000e+02,6.505386352539062500e+02,8.361504077911376953e-01,7.975291748046875000e+02,6.486458129882812500e+02,8.882105350494384766e-01,7.953647460937500000e+02,6.490013427734375000e+02,9.039725065231323242e-01,7.996918945312500000e+02,6.499121093750000000e+02,8.999996185302734375e-01,7.940972900390625000e+02,6.505449218750000000e+02,8.766238689422607422e-01,8.031215820312500000e+02,6.570383300781250000e+02,9.463924169540405273e-01,7.941030273437500000e+02,6.579369506835937500e+02,9.411415457725524902e-01,8.074520263671875000e+02,6.656915283203125000e+02,9.324578642845153809e-01,7.931982421875000000e+02,6.654277343750000000e+02,8.696308135986328125e-01,7.975286254882812500e+02,6.674995727539062500e+02,9.190756082534790039e-01,7.931977539062500000e+02,6.675960083007812500e+02,9.075487852096557617e-01,8.024919433593750000e+02,6.771478881835937500e+02,9.286722540855407715e-01,7.956348876953125000e+02,6.771513671875000000e+02,9.259006977081298828e-01,8.059190673828125000e+02,6.914069824218750000e+02,9.450158476829528809e-01,7.913936767578125000e+02,6.919465332031250000e+02,8.857032656669616699e-01,8.143159790039062500e+02,7.028649902343750000e+02,9.055474400520324707e-01,7.882388305664062500e+02,7.059290771484375000e+02,8.807107210159301758e-01,7.967626953125000000e+02,6.453572998046875000e+02,8.961314558982849121e-01,7.978868408203125000e+02,6.542370605468750000e+02,9.566620588302612305e-01,7.990612792968750000e+02,6.765203247070312500e+02,9.328755140304565430e-01,8.117797851562500000e+02,7.080904541015625000e+02,8.806946277618408203e-01,7.839079589843750000e+02,7.087243652343750000e+02,8.692357540130615234e-01,8.139440917968750000e+02,7.080902099609375000e+02,8.720880746841430664e-01,7.839086303710937500e+02,7.078177490234375000e+02,8.939441442489624023e-01,8.164667968750000000e+02,7.037640380859375000e+02,8.222036361694335938e-01,7.894978027343750000e+02,7.087248535156250000e+02,8.802665472030639648e-01,7.787364501953125000e+02,6.417916870117187500e+02,4.237500000000000000e+01,7.311730957031250000e+01,0.000000000000000000e+00
1.600000000000000000e+01,2.400000000000000000e+01,7.969667358398437500e+02,6.503991699218750000e+02,7.989683747291564941e-01,7.983427124023437500e+02,6.484727783203125000e+02,8.528517484664916992e-01,7.958659667968750000e+02,6.492984008789062500e+02,8.105446696281433105e-01,8.008194580078125000e+02,6.492984008789062500e+02,7.954971790313720703e-01,7.936644287109375000e+02,6.503991699218750000e+02,8.284314870834350586e-01,8.041217651367187500e+02,6.575541992187500000e+02,9.004315733909606934e-01,7.953155517578125000e+02,6.581045532226562500e+02,8.936342597007751465e-01,8.068737182617187500e+02,6.669107666015625000e+02,9.362192749977111816e-01,7.953155517578125000e+02,6.658099975585937500e+02,8.427563309669494629e-01,7.975170898437500000e+02,6.680115356445312500e+02,8.866344690322875977e-01,7.931140136718750000e+02,6.680115356445312500e+02,9.282686710357666016e-01,8.024705810546875000e+02,6.779185180664062500e+02,9.456264972686767578e-01,7.964163208007812500e+02,6.779185180664062500e+02,8.896801471710205078e-01,8.046721191406250000e+02,6.922285766601562500e+02,9.178216457366943359e-01,7.920132446289062500e+02,6.922285766601562500e+02,8.904622793197631836e-01,8.145791015625000000e+02,7.032363281250000000e+02,9.091153740882873535e-01,7.898117065429687500e+02,7.076394042968750000e+02,8.410135507583618164e-01,7.961411743164062500e+02,6.473720092773437500e+02,6.976761221885681152e-01,7.986179199218750000e+02,6.542518920898437500e+02,9.158458113670349121e-01,7.997186889648437500e+02,6.773681030273437500e+02,9.274286627769470215e-01,8.140287475585937500e+02,7.092905883789062500e+02,8.333169221878051758e-01,7.854086303710937500e+02,7.109417114257812500e+02,8.069274425506591797e-01,8.162302856445312500e+02,7.087401733398437500e+02,7.705983519554138184e-01,7.854086303710937500e+02,7.098409423828125000e+02,8.468676805496215820e-01,8.173310546875000000e+02,7.037866821289062500e+02,8.539043664932250977e-01,7.914628295898437500e+02,7.103913574218750000e+02,8.237175345420837402e-01,7.868887329101562500e+02,6.544169311523437500e+02,2.951263427734375000e+01,5.635968017578125000e+01,0.000000000000000000e+00
1.600000000000000000e+01,2.500000000000000000e+01,7.975870971679687500e+02,6.514564208984375000e+02,8.447467088699340820e-01,7.989050292968750000e+02,6.501417236328125000e+02,8.555176258087158203e-01,7.968885498046875000e+02,6.501466064453125000e+02,8.607361316680908203e-01,8.010133056640625000e+02,6.508717651367187500e+02,8.392666578292846680e-01,7.950784912109375000e+02,6.508606567382812500e+02,8.451112508773803711e-01,8.042928466796875000e+02,6.586544189453125000e+02,8.830478191375732422e-01,7.950810546875000000e+02,6.589050903320312500e+02,8.961846232414245605e-01,8.068872070312500000e+02,6.678609619140625000e+02,9.239112138748168945e-01,7.953283081054687500e+02,6.669411621093750000e+02,8.115367889404296875e-01,7.981809082031250000e+02,6.687024536132812500e+02,9.112588763236999512e-01,7.939082031250000000e+02,6.689582519531250000e+02,9.346253275871276855e-01,8.022774047851562500e+02,6.794012451171875000e+02,9.159570932388305664e-01,7.965040283203125000e+02,6.790843505859375000e+02,9.231457710266113281e-01,8.039572143554687500e+02,6.940780029296875000e+02,9.170792102813720703e-01,7.927376708984375000e+02,6.937438354492187500e+02,9.076691865921020508e-01,8.143511962890625000e+02,7.032798461914062500e+02,8.827221393585205078e-01,7.921536254882812500e+02,7.087337646484375000e+02,8.608539104461669922e-01,7.980150146484375000e+02,6.478460693359375000e+02,7.453535795211791992e-01,7.985142822265625000e+02,6.554704589843750000e+02,9.484318494796752930e-01,7.996846313476562500e+02,6.784989624023437500e+02,9.574391841888427734e-01,8.146159667968750000e+02,7.107476196289062500e+02,8.777170181274414062e-01,7.884642944335937500e+02,7.119151611328125000e+02,8.558645248413085938e-01,8.163543701171875000e+02,7.096500854492187500e+02,8.512486219406127930e-01,7.878792724609375000e+02,7.107425537109375000e+02,8.938020467758178711e-01,8.169457397460937500e+02,7.026445312500000000e+02,8.541593551635742188e-01,7.939082031250000000e+02,7.113294677734375000e+02,8.946331739425659180e-01,7.816690063476562500e+02,6.467666625976562500e+02,4.343933105468750000e+01,6.696203613281250000e+01,0.000000000000000000e+00
1.600000000000000000e+01,2.600000000000000000e+01,7.973709716796875000e+02,6.523583374023437500e+02,8.355852365493774414e-01,7.990202636718750000e+02,6.505313720703125000e+02,8.374459743499755859e-01,7.965208740234375000e+02,6.509168701171875000e+02,8.426250219345092773e-01,8.014423828125000000e+02,6.515122070312500000e+02,8.228657245635986328e-01,7.953454589843750000e+02,6.517713623046875000e+02,8.185908794403076172e-01,8.049170532226562500e+02,6.590545654296875000e+02,9.213797450065612793e-01,7.959403076171875000e+02,6.596491699218750000e+02,9.147087335586547852e-01,8.075430908203125000e+02,6.689598388671875000e+02,9.146909713745117188e-01,7.957441406250000000e+02,6.681271972656250000e+02,8.946616649627685547e-01,7.982251586914062500e+02,6.692232666015625000e+02,8.784768581390380859e-01,7.941660156250000000e+02,6.702862548828125000e+02,8.413681387901306152e-01,8.028838500976562500e+02,6.800568847656250000e+02,9.402630329132080078e-01,7.970410766601562500e+02,6.800570068359375000e+02,9.174237251281738281e-01,8.020407104492187500e+02,6.945375976562500000e+02,9.246051907539367676e-01,7.944934082031250000e+02,6.948812255859375000e+02,9.026563167572021484e-01,8.127943115234375000e+02,7.041998901367187500e+02,9.024701714515686035e-01,7.944075317382812500e+02,7.102925415039062500e+02,8.637323379516601562e-01,7.982882080078125000e+02,6.478872070312500000e+02,7.870346307754516602e-01,7.994094238281250000e+02,6.558369140625000000e+02,9.448352456092834473e-01,8.002589111328125000e+02,6.791303710937500000e+02,9.367322921752929688e-01,8.130509033203125000e+02,7.114819335937500000e+02,8.470795750617980957e-01,7.900969238281250000e+02,7.132643432617187500e+02,8.587175607681274414e-01,8.142318115234375000e+02,7.106391601562500000e+02,8.348557949066162109e-01,7.900980834960937500e+02,7.123269042968750000e+02,8.744531869888305664e-01,8.154188232421875000e+02,7.036058959960937500e+02,8.285230398178100586e-01,7.961932983398437500e+02,7.129217529296875000e+02,8.504288196563720703e-01,7.819808959960937500e+02,6.460895996093750000e+02,4.245422363281250000e+01,6.788543701171875000e+01,0.000000000000000000e+00
1.600000000000000000e+01,2.700000000000000000e+01,7.947490234375000000e+02,6.534696044921875000e+02,7.183985710144042969e-01,7.960284423828125000e+02,6.511666870117187500e+02,7.344971895217895508e-01,7.939813842773437500e+02,6.521901855468750000e+02,6.991057991981506348e-01,8.001224975585937500e+02,6.521901855468750000e+02,7.597091197967529297e-01,7.950048828125000000e+02,6.521901855468750000e+02,5.420066118240356445e-01,8.054960327148437500e+02,6.590989990234375000e+02,9.359908699989318848e-01,7.967960815429687500e+02,6.601224975585937500e+02,8.933500051498413086e-01,8.075430297851562500e+02,6.698460083007812500e+02,8.596302270889282227e-01,7.978195800781250000e+02,6.688224487304687500e+02,7.977421879768371582e-01,7.983313598632812500e+02,6.698460083007812500e+02,9.149780869483947754e-01,7.947490234375000000e+02,6.708695068359375000e+02,8.734403252601623535e-01,8.034489746093750000e+02,6.800812377929687500e+02,8.908737897872924805e-01,7.988430786132812500e+02,6.800812377929687500e+02,8.570355176925659180e-01,7.998666381835937500e+02,6.954340820312500000e+02,6.889014840126037598e-01,7.973078002929687500e+02,6.959458618164062500e+02,7.293986678123474121e-01,8.111253662109375000e+02,7.061810913085937500e+02,7.072010636329650879e-01,7.973078002929687500e+02,7.118104858398437500e+02,6.581960916519165039e-01,7.960284423828125000e+02,6.511666870117187500e+02,2.436365038156509399e-01,7.998666381835937500e+02,6.560283813476562500e+02,9.564523100852966309e-01,8.014019165039062500e+02,6.795694580078125000e+02,9.300398230552673340e-01,7.916784057617187500e+02,7.143692626953125000e+02,6.077839136123657227e-01,7.916784057617187500e+02,7.138574829101562500e+02,4.005898535251617432e-01,7.929578247070312500e+02,7.156486816406250000e+02,6.584925651550292969e-01,7.921901855468750000e+02,7.128339843750000000e+02,5.214403271675109863e-01,8.136842041015625000e+02,7.061810913085937500e+02,7.458617687225341797e-01,7.993548583984375000e+02,7.148810424804687500e+02,4.439952671527862549e-01,7.896394653320312500e+02,6.577172241210937500e+02,2.506018066406250000e+01,5.240441894531250000e+01,0.000000000000000000e+00
1.600000000000000000e+01,2.800000000000000000e+01,7.962154541015625000e+02,6.536031494140625000e+02,8.175985813140869141e-01,7.979616699218750000e+02,6.512748413085937500e+02,8.158913850784301758e-01,7.956333618164062500e+02,6.518569335937500000e+02,8.373082280158996582e-01,8.014542236328125000e+02,6.518569335937500000e+02,7.980370521545410156e-01,7.956333618164062500e+02,6.524390258789062500e+02,6.042507290840148926e-01,8.061109008789062500e+02,6.600061035156250000e+02,8.864021897315979004e-01,7.967975463867187500e+02,6.600061035156250000e+02,8.559928536415100098e-01,8.084392089843750000e+02,6.699015502929687500e+02,8.774430155754089355e-01,7.967975463867187500e+02,6.687373657226562500e+02,7.998709678649902344e-01,7.985437622070312500e+02,6.716477661132812500e+02,8.964475989341735840e-01,7.950512695312500000e+02,6.728119506835937500e+02,7.681778669357299805e-01,8.037825317382812500e+02,6.803790893554687500e+02,8.955017328262329102e-01,7.985437622070312500e+02,6.797969970703125000e+02,8.459580540657043457e-01,7.991258544921875000e+02,6.955132446289062500e+02,8.826894164085388184e-01,7.991258544921875000e+02,6.960953369140625000e+02,8.256649971008300781e-01,8.090213012695312500e+02,7.083191528320312500e+02,4.852773845195770264e-01,8.090213012695312500e+02,7.077370605468750000e+02,5.036654472351074219e-01,7.982527465820312500e+02,6.480733642578125000e+02,7.945343852043151855e-01,8.008721313476562500e+02,6.565136108398437500e+02,9.146053791046142578e-01,8.014542236328125000e+02,6.797969970703125000e+02,9.596936106681823730e-01,7.938870849609375000e+02,7.158862304687500000e+02,8.728755116462707520e-01,8.066929321289062500e+02,7.158862304687500000e+02,7.481133937835693359e-01,7.950512695312500000e+02,7.170504150390625000e+02,8.868108391761779785e-01,8.072750244140625000e+02,7.153041381835937500e+02,6.959152221679687500e-01,8.002900390625000000e+02,7.164683227539062500e+02,8.122485876083374023e-01,8.119317016601562500e+02,7.089011840820312500e+02,7.702451348304748535e-01,7.896273803710937500e+02,6.555240478515625000e+02,2.423571777343750000e+01,5.960540771484375000e+01,0.000000000000000000e+00
1.600000000000000000e+01,2.900000000000000000e+01,7.977476806640625000e+02,6.524312744140625000e+02,7.854845523834228516e-01,7.994472656250000000e+02,6.507316284179687500e+02,7.472659349441528320e-01,7.977476806640625000e+02,6.507316284179687500e+02,8.006188869476318359e-01,8.034129638671875000e+02,6.507316284179687500e+02,6.643902659416198730e-01,7.977476806640625000e+02,6.512982177734375000e+02,5.574833750724792480e-01,8.068121337890625000e+02,6.597961425781250000e+02,9.124574065208435059e-01,7.971811523437500000e+02,6.603626708984375000e+02,8.729730248451232910e-01,8.090782470703125000e+02,6.705602416992187500e+02,8.887455463409423828e-01,7.971811523437500000e+02,6.688606567382812500e+02,8.341475129127502441e-01,7.994472656250000000e+02,6.716932983398437500e+02,8.822257518768310547e-01,7.954815063476562500e+02,6.716932983398437500e+02,8.427467346191406250e-01,8.045460205078125000e+02,6.807578125000000000e+02,9.342533946037292480e-01,7.994472656250000000e+02,6.801912841796875000e+02,9.045190811157226562e-01,8.000137939453125000e+02,6.960541381835937500e+02,8.802192807197570801e-01,8.000137939453125000e+02,6.960541381835937500e+02,8.744053840637207031e-01,8.022799072265625000e+02,7.141831054687500000e+02,8.180963993072509766e-01,8.056790771484375000e+02,7.113504638671875000e+02,9.135891199111938477e-01,8.002970581054687500e+02,6.487487792968750000e+02,4.583126604557037354e-01,8.017133789062500000e+02,6.563969726562500000e+02,8.550645709037780762e-01,8.022799072265625000e+02,6.801912841796875000e+02,9.444878101348876953e-01,7.960480957031250000e+02,7.170157470703125000e+02,8.681077361106872559e-01,8.045460205078125000e+02,7.164492187500000000e+02,6.261862516403198242e-01,7.977476806640625000e+02,7.175822753906250000e+02,8.569380640983581543e-01,8.045460205078125000e+02,7.158826904296875000e+02,7.356484532356262207e-01,8.039794921875000000e+02,7.170157470703125000e+02,7.675507068634033203e-01,8.085117187500000000e+02,7.119169921875000000e+02,8.032517433166503906e-01,7.918138427734375000e+02,6.560003662109375000e+02,2.149865722656250000e+01,5.801281738281250000e+01,0.000000000000000000e+00
1.600000000000000000e+01,3.000000000000000000e+01,7.985208740234375000e+02,6.538641967773437500e+02,6.916272044181823730e-01,7.998071899414062500e+02,6.520633544921875000e+02,6.521692872047424316e-01,7.977490844726562500e+02,6.520633544921875000e+02,7.214846611022949219e-01,8.039234619140625000e+02,6.520633544921875000e+02,6.934924125671386719e-01,7.977490844726562500e+02,6.520633544921875000e+02,5.643148422241210938e-01,8.072679443359375000e+02,6.610676269531250000e+02,9.121859073638916016e-01,7.980063476562500000e+02,6.610676269531250000e+02,8.990474939346313477e-01,8.098405761718750000e+02,6.713582763671875000e+02,8.978986740112304688e-01,7.974918212890625000e+02,6.693001708984375000e+02,8.280801773071289062e-01,8.000644531250000000e+02,6.729019165039062500e+02,8.754227161407470703e-01,7.964627685546875000e+02,6.723873901367187500e+02,8.617693185806274414e-01,8.052097778320312500e+02,6.811343994140625000e+02,8.437587618827819824e-01,8.000644531250000000e+02,6.806198730468750000e+02,8.938924670219421387e-01,8.005790405273437500e+02,6.965704345703125000e+02,8.393845558166503906e-01,8.005790405273437500e+02,6.975994873046875000e+02,8.353411555290222168e-01,8.026371459960937500e+02,7.150935668945312500e+02,7.483806014060974121e-01,8.026371459960937500e+02,7.150935668945312500e+02,8.903045058250427246e-01,8.008363037109375000e+02,6.510342407226562500e+02,4.522258639335632324e-01,8.021226196289062500e+02,6.574659423828125000e+02,8.901804685592651367e-01,8.026371459960937500e+02,6.801053466796875000e+02,9.343762993812561035e-01,7.946618652343750000e+02,7.158653564453125000e+02,2.225734144449234009e-01,7.987781372070312500e+02,7.158653564453125000e+02,2.434099614620208740e-01,7.967200317382812500e+02,7.158653564453125000e+02,1.480146199464797974e-01,7.967200317382812500e+02,7.158653564453125000e+02,3.593280911445617676e-01,8.039234619140625000e+02,7.158653564453125000e+02,3.340278267860412598e-01,8.049525146484375000e+02,7.158653564453125000e+02,4.343285858631134033e-01,7.927149658203125000e+02,6.576203002929687500e+02,2.035882568359375000e+01,5.268811035156250000e+01,0.000000000000000000e+00
1.600000000000000000e+01,3.100000000000000000e+01,7.987938842773437500e+02,6.534752197265625000e+02,8.018712401390075684e-01,8.006210937500000000e+02,6.516474609375000000e+02,7.858677506446838379e-01,7.987976074218750000e+02,6.519133911132812500e+02,8.396030068397521973e-01,8.041239013671875000e+02,6.529430541992187500e+02,8.755542039871215820e-01,7.981605224609375000e+02,6.528082275390625000e+02,7.290364503860473633e-01,8.074982910156250000e+02,6.613804931640625000e+02,9.296033978462219238e-01,7.978617553710937500e+02,6.613831787109375000e+02,9.030164480209350586e-01,8.103486938476562500e+02,6.714884033203125000e+02,9.053604602813720703e-01,7.968476562500000000e+02,6.701914062500000000e+02,8.722115159034729004e-01,8.008919067382812500e+02,6.726729736328125000e+02,9.017012715339660645e-01,7.962106323242187500e+02,6.723988647460937500e+02,9.236279726028442383e-01,8.046478271484375000e+02,6.821290283203125000e+02,8.902535438537597656e-01,8.006168212890625000e+02,6.814823608398437500e+02,8.772245645523071289e-01,8.002202758789062500e+02,6.975927734375000000e+02,8.527972698211669922e-01,8.021842041015625000e+02,6.978458251953125000e+02,7.828922271728515625e-01,8.027829589843750000e+02,7.166034545898437500e+02,7.249489426612854004e-01,8.017930908203125000e+02,7.166107177734375000e+02,6.169492006301879883e-01,8.011445922851562500e+02,6.481319580078125000e+02,8.718248009681701660e-01,8.021763916015625000e+02,6.576185302734375000e+02,9.580590724945068359e-01,8.028203735351562500e+02,6.814824218750000000e+02,9.202821850776672363e-01,7.966493530273437500e+02,7.187061767578125000e+02,7.222869396209716797e-01,7.945736694335937500e+02,7.188606567382812500e+02,7.259119749069213867e-01,7.979406738281250000e+02,7.200032348632812500e+02,7.222396731376647949e-01,7.941042480468750000e+02,7.183075561523437500e+02,8.015278577804565430e-01,8.074597167968750000e+02,7.182380981445312500e+02,6.708096861839294434e-01,8.027076416015625000e+02,7.182012329101562500e+02,5.351204276084899902e-01,7.884289550781250000e+02,6.457224121093750000e+02,3.136694335937500000e+01,7.682257080078125000e+01,0.000000000000000000e+00
1.600000000000000000e+01,3.200000000000000000e+01,7.996437988281250000e+02,6.545447998046875000e+02,8.250027894973754883e-01,8.015773925781250000e+02,6.526126708984375000e+02,8.325443267822265625e-01,7.993876953125000000e+02,6.526057739257812500e+02,8.627551794052124023e-01,8.046820068359375000e+02,6.538975830078125000e+02,8.583647012710571289e-01,7.987424316406250000e+02,6.535050659179687500e+02,7.567209005355834961e-01,8.084281616210937500e+02,6.620336303710937500e+02,9.062870740890502930e-01,7.984707031250000000e+02,6.613890991210937500e+02,9.189437627792358398e-01,8.112562255859375000e+02,6.723529052734375000e+02,9.377763867378234863e-01,7.961844482421875000e+02,6.698825683593750000e+02,8.983880281448364258e-01,8.018444213867187500e+02,6.736411743164062500e+02,9.009561538696289062e-01,7.960240478515625000e+02,6.727474365234375000e+02,8.987901210784912109e-01,8.055887451171875000e+02,6.826911010742187500e+02,9.191545844078063965e-01,8.011968994140625000e+02,6.823117065429687500e+02,8.942251205444335938e-01,7.989910278320312500e+02,6.988424072265625000e+02,8.662073612213134766e-01,8.052111816406250000e+02,6.994878540039062500e+02,8.448628187179565430e-01,7.961292724609375000e+02,7.162006835937500000e+02,7.800614833831787109e-01,8.085136108398437500e+02,7.167800292968750000e+02,7.599209547042846680e-01,8.026144409179687500e+02,6.485848999023437500e+02,8.862718343734741211e-01,8.028572998046875000e+02,6.582847900390625000e+02,9.465885162353515625e-01,8.033952636718750000e+02,6.820451660156250000e+02,9.368214607238769531e-01,7.901016845703125000e+02,7.178850097656250000e+02,7.363206148147583008e-01,8.025235595703125000e+02,7.197750854492187500e+02,8.381789922714233398e-01,7.914567871093750000e+02,7.190958251953125000e+02,7.184052467346191406e-01,8.032722778320312500e+02,7.197750854492187500e+02,8.410919904708862305e-01,7.973041381835937500e+02,7.189733886718750000e+02,7.923265695571899414e-01,8.100111083984375000e+02,7.190263061523437500e+02,8.307992815971374512e-01,7.874972534179687500e+02,6.473703613281250000e+02,3.229882812500000000e+01,7.667260742187500000e+01,0.000000000000000000e+00
1.600000000000000000e+01,3.300000000000000000e+01,8.002031250000000000e+02,6.552724609375000000e+02,8.370044231414794922e-01,8.018129882812500000e+02,6.543325195312500000e+02,7.711799144744873047e-01,7.994435424804687500e+02,6.543312988281250000e+02,7.978019714355468750e-01,8.045932617187500000e+02,6.552351684570312500e+02,8.141649961471557617e-01,7.990150146484375000e+02,6.547744750976562500e+02,7.516148090362548828e-01,8.086702880859375000e+02,6.627265625000000000e+02,8.849486112594604492e-01,7.983215332031250000e+02,6.625148925781250000e+02,9.024955034255981445e-01,8.114287719726562500e+02,6.728305664062500000e+02,7.720775008201599121e-01,7.972684936523437500e+02,6.716076049804687500e+02,7.873235940933227539e-01,8.013577880859375000e+02,6.750808715820312500e+02,7.958862781524658203e-01,7.964905395507812500e+02,6.743046264648437500e+02,8.476281166076660156e-01,8.054073486328125000e+02,6.840383300781250000e+02,8.630815744400024414e-01,8.022077636718750000e+02,6.834787597656250000e+02,8.457795977592468262e-01,7.990440673828125000e+02,6.993698730468750000e+02,8.360008597373962402e-01,8.071202392578125000e+02,7.007268066406250000e+02,8.364392518997192383e-01,7.938137207031250000e+02,7.153100585937500000e+02,7.907105684280395508e-01,8.106124267578125000e+02,7.154650878906250000e+02,7.652407288551330566e-01,8.026765747070312500e+02,6.486444702148437500e+02,9.526615738868713379e-01,8.029046630859375000e+02,6.591481933593750000e+02,9.328896999359130859e-01,8.040098876953125000e+02,6.833588867187500000e+02,9.158446788787841797e-01,7.868513183593750000e+02,7.173066406250000000e+02,8.648893833160400391e-01,8.045123901367187500e+02,7.200479736328125000e+02,7.530946731567382812e-01,7.876171875000000000e+02,7.183375244140625000e+02,8.387912511825561523e-01,8.051528320312500000e+02,7.195704345703125000e+02,7.517738938331604004e-01,7.937202148437500000e+02,7.197391357421875000e+02,8.169572353363037109e-01,8.124603881835937500e+02,7.197381591796875000e+02,7.643936872482299805e-01,7.853776245117187500e+02,6.495964965820312500e+02,3.533013916015625000e+01,7.498693847656250000e+01,0.000000000000000000e+00
1.600000000000000000e+01,3.400000000000000000e+01,8.004918823242187500e+02,6.559373168945312500e+02,8.085219860076904297e-01,8.020430908203125000e+02,6.547891235351562500e+02,7.590232491493225098e-01,8.000769042968750000e+02,6.548967895507812500e+02,7.756406068801879883e-01,8.050104980468750000e+02,6.559173583984375000e+02,7.924938797950744629e-01,7.989125976562500000e+02,6.554936523437500000e+02,7.606528401374816895e-01,8.084028320312500000e+02,6.638160400390625000e+02,8.128200769424438477e-01,7.988872070312500000e+02,6.636237792968750000e+02,8.338598012924194336e-01,8.113529052734375000e+02,6.736246948242187500e+02,8.504526615142822266e-01,7.982291259765625000e+02,6.719816894531250000e+02,7.855033278465270996e-01,8.015936279296875000e+02,6.756520996093750000e+02,8.906337022781372070e-01,7.969804077148437500e+02,6.745802001953125000e+02,8.718595504760742188e-01,8.061719360351562500e+02,6.842054443359375000e+02,9.197329282760620117e-01,8.023157958984375000e+02,6.840828247070312500e+02,8.936734199523925781e-01,7.988585815429687500e+02,7.004089355468750000e+02,8.396094441413879395e-01,8.077506103515625000e+02,7.008326416015625000e+02,8.551913499832153320e-01,7.911474609375000000e+02,7.168120117187500000e+02,9.043527841567993164e-01,8.131070556640625000e+02,7.165800781250000000e+02,8.929311037063598633e-01,8.021370239257812500e+02,6.504443359375000000e+02,9.189482331275939941e-01,8.024633178710937500e+02,6.605673217773437500e+02,8.453831076622009277e-01,8.043066406250000000e+02,6.835181884765625000e+02,9.528405666351318359e-01,7.846768798828125000e+02,7.151469726562500000e+02,8.383114933967590332e-01,8.067696533203125000e+02,7.206511230468750000e+02,8.382416367530822754e-01,7.850463867187500000e+02,7.171842041015625000e+02,7.919621467590332031e-01,8.079765014648437500e+02,7.200472412109375000e+02,7.719844579696655273e-01,7.913859863281250000e+02,7.202685546875000000e+02,8.340055942535400391e-01,8.149143066406250000e+02,7.200496826171875000e+02,8.177571296691894531e-01,7.833845825195312500e+02,6.511271972656250000e+02,3.830828857421875000e+01,7.306274414062500000e+01,0.000000000000000000e+00
1.600000000000000000e+01,3.500000000000000000e+01,8.003669433593750000e+02,6.563541259765625000e+02,7.401436567306518555e-01,8.018323364257812500e+02,6.550139770507812500e+02,8.154105544090270996e-01,7.996273803710937500e+02,6.546613769531250000e+02,7.909536361694335938e-01,8.048574218750000000e+02,6.561060791015625000e+02,7.743285894393920898e-01,7.989288330078125000e+02,6.564906616210937500e+02,7.157537937164306641e-01,8.088569946289062500e+02,6.651330566406250000e+02,7.951325774192810059e-01,7.983937377929687500e+02,6.650914306640625000e+02,8.369003534317016602e-01,8.114820556640625000e+02,6.749658813476562500e+02,8.156655430793762207e-01,7.968536376953125000e+02,6.731427612304687500e+02,7.449140548706054688e-01,8.013410644531250000e+02,6.767363281250000000e+02,8.506496548652648926e-01,7.955162353515625000e+02,6.756354370117187500e+02,8.229715228080749512e-01,8.061538085937500000e+02,6.852701416015625000e+02,8.537898659706115723e-01,8.024263916015625000e+02,6.851727905273437500e+02,8.583402633666992188e-01,7.977971801757812500e+02,7.014177856445312500e+02,7.756531238555908203e-01,8.080648193359375000e+02,7.012452392578125000e+02,7.793973684310913086e-01,7.906818237304687500e+02,7.181513671875000000e+02,9.010587334632873535e-01,8.146738281250000000e+02,7.167016601562500000e+02,8.703757524490356445e-01,8.018437500000000000e+02,6.500659179687500000e+02,9.065482616424560547e-01,8.028495483398437500e+02,6.616180419921875000e+02,8.271223306655883789e-01,8.041336059570312500e+02,6.847600097656250000e+02,9.016408324241638184e-01,7.843023681640625000e+02,7.164798583984375000e+02,8.570531010627746582e-01,8.092891845703125000e+02,7.208256835937500000e+02,8.490777611732482910e-01,7.846810302734375000e+02,7.185442504882812500e+02,8.111493587493896484e-01,8.101147460937500000e+02,7.204108886718750000e+02,8.089143037796020508e-01,7.910805664062500000e+02,7.216519165039062500e+02,8.710268735885620117e-01,8.167349853515625000e+02,7.195877685546875000e+02,8.270781040191650391e-01,7.809849243164062500e+02,6.495429687500000000e+02,4.097052001953125000e+01,7.649505615234375000e+01,0.000000000000000000e+00
1.600000000000000000e+01,3.600000000000000000e+01,8.003384399414062500e+02,6.564456176757812500e+02,7.751244306564331055e-01,8.021065673828125000e+02,6.545048828125000000e+02,8.261278271675109863e-01,7.999035034179687500e+02,6.547490234375000000e+02,7.980258464813232422e-01,8.056707763671875000e+02,6.560473632812500000e+02,7.824286818504333496e-01,7.992180786132812500e+02,6.563705444335937500e+02,6.881967782974243164e-01,8.085942382812500000e+02,6.645512695312500000e+02,8.378853797912597656e-01,7.988793945312500000e+02,6.642696533203125000e+02,8.421052098274230957e-01,8.108513793945312500e+02,6.758155517578125000e+02,8.054597377777099609e-01,7.980516967773437500e+02,6.738554687500000000e+02,6.955689191818237305e-01,8.006083984375000000e+02,6.777784423828125000e+02,8.604734539985656738e-01,7.950495605468750000e+02,6.757974853515625000e+02,7.575984001159667969e-01,8.057906494140625000e+02,6.851009521484375000e+02,8.365944623947143555e-01,8.019436035156250000e+02,6.849356689453125000e+02,8.229793310165405273e-01,7.976168212890625000e+02,7.003268432617187500e+02,7.782155275344848633e-01,8.069056396484375000e+02,7.001180419921875000e+02,7.147239446640014648e-01,7.918424072265625000e+02,7.200177001953125000e+02,9.470471739768981934e-01,8.166636962890625000e+02,7.155047607421875000e+02,8.541564941406250000e-01,8.031248168945312500e+02,6.500669555664062500e+02,9.111902117729187012e-01,8.033808593750000000e+02,6.610319824218750000e+02,8.572140336036682129e-01,8.039494018554687500e+02,6.845429687500000000e+02,9.019602537155151367e-01,7.843208618164062500e+02,7.192655639648437500e+02,9.234282374382019043e-01,8.113985595703125000e+02,7.222742309570312500e+02,9.214798808097839355e-01,7.858251342773437500e+02,7.207698974609375000e+02,8.980431556701660156e-01,8.121507568359375000e+02,7.215220336914062500e+02,9.027461409568786621e-01,7.925946044921875000e+02,7.230263671875000000e+02,8.773488998413085938e-01,8.189201660156250000e+02,7.177612304687500000e+02,8.486295938491821289e-01,7.817896728515625000e+02,6.495404052734375000e+02,4.041387939453125000e+01,7.702111816406250000e+01,0.000000000000000000e+00
1.600000000000000000e+01,3.700000000000000000e+01,7.995298461914062500e+02,6.565222167968750000e+02,7.617057561874389648e-01,8.019766845703125000e+02,6.549708251953125000e+02,8.032237291336059570e-01,7.989298095703125000e+02,6.552777709960937500e+02,7.947440147399902344e-01,8.048784179687500000e+02,6.564087524414062500e+02,7.859162688255310059e-01,7.978737792968750000e+02,6.556693115234375000e+02,8.041179180145263672e-01,8.082485351562500000e+02,6.645347290039062500e+02,8.017637729644775391e-01,7.982455444335937500e+02,6.651042480468750000e+02,7.896389961242675781e-01,8.107038574218750000e+02,6.762236938476562500e+02,7.562433481216430664e-01,7.958143310546875000e+02,6.750588378906250000e+02,7.340577840805053711e-01,8.007937011718750000e+02,6.781870117187500000e+02,8.310925960540771484e-01,7.932332763671875000e+02,6.715543212890625000e+02,5.981101393699645996e-01,8.051569824218750000e+02,6.863216552734375000e+02,8.074648976325988770e-01,8.012204589843750000e+02,6.859220581054687500e+02,8.202489614486694336e-01,7.968791503906250000e+02,7.017052001953125000e+02,7.751392126083374023e-01,8.053091430664062500e+02,7.023892822265625000e+02,7.436528205871582031e-01,7.920368652343750000e+02,7.211303100585937500e+02,8.394303321838378906e-01,8.168474121093750000e+02,7.158674926757812500e+02,8.001234531402587891e-01,8.018107299804687500e+02,6.497061157226562500e+02,9.243184924125671387e-01,8.023508300781250000e+02,6.608571777343750000e+02,8.131451606750488281e-01,8.034603271484375000e+02,6.853631591796875000e+02,8.984748721122741699e-01,7.852703857421875000e+02,7.218821411132812500e+02,9.040392041206359863e-01,8.145919189453125000e+02,7.226339721679687500e+02,9.099923968315124512e-01,7.860222167968750000e+02,7.233858032226562500e+02,9.111836552619934082e-01,8.153437500000000000e+02,7.218821411132812500e+02,9.044608473777770996e-01,7.935405883789062500e+02,7.241376342773437500e+02,9.040536284446716309e-01,8.206065673828125000e+02,7.173711547851562500e+02,8.193494677543640137e-01,7.799583740234375000e+02,6.499317016601562500e+02,4.295281982421875000e+01,7.698773193359375000e+01,0.000000000000000000e+00
1.600000000000000000e+01,3.800000000000000000e+01,7.992058105468750000e+02,6.568015747070312500e+02,7.806881070137023926e-01,8.014065551757812500e+02,6.546703491210937500e+02,7.822265625000000000e-01,7.989533691406250000e+02,6.554003295898437500e+02,7.760958075523376465e-01,8.045524291992187500e+02,6.560043945312500000e+02,7.561870217323303223e-01,7.979542236328125000e+02,6.558308105468750000e+02,6.739276647567749023e-01,8.074904174804687500e+02,6.644910888671875000e+02,8.271620273590087891e-01,7.988289184570312500e+02,6.640240478515625000e+02,8.411979675292968750e-01,8.107636718750000000e+02,6.756694946289062500e+02,8.266437053680419922e-01,7.985242919921875000e+02,6.743343505859375000e+02,7.136625051498413086e-01,8.002950439453125000e+02,6.783402099609375000e+02,8.066364526748657227e-01,7.956592407226562500e+02,6.781905517578125000e+02,8.199158906936645508e-01,8.051470947265625000e+02,6.857185058593750000e+02,8.569369912147521973e-01,8.011800537109375000e+02,6.854172363281250000e+02,8.240866661071777344e-01,7.988527832031250000e+02,7.006833496093750000e+02,5.228682756423950195e-01,7.970078125000000000e+02,7.003221435546875000e+02,5.391722917556762695e-01,8.159892578125000000e+02,7.155589599609375000e+02,4.921701848506927490e-01,7.939841308593750000e+02,7.215603637695312500e+02,5.377469062805175781e-01,8.016525878906250000e+02,6.505438842773437500e+02,9.005454182624816895e-01,8.026695556640625000e+02,6.606517333984375000e+02,8.587859869003295898e-01,8.029831542968750000e+02,6.850578613281250000e+02,8.777537345886230469e-01,7.873159179687500000e+02,7.235608520507812500e+02,7.556843161582946777e-01,8.159892578125000000e+02,7.222272338867187500e+02,5.230087637901306152e-01,7.879827270507812500e+02,7.242276611328125000e+02,7.656007409095764160e-01,8.166560668945312500e+02,7.222272338867187500e+02,4.751971960067749023e-01,7.953178100585937500e+02,7.248944702148437500e+02,7.859110236167907715e-01,8.199901733398437500e+02,7.155589599609375000e+02,6.127608418464660645e-01,7.817661132812500000e+02,6.590791625976562500e+02,3.977294921875000000e+01,6.828253173828125000e+01,0.000000000000000000e+00
1.600000000000000000e+01,3.900000000000000000e+01,8.006311035156250000e+02,6.553214111328125000e+02,8.558665513992309570e-01,8.020343627929687500e+02,6.532165527343750000e+02,8.703530430793762207e-01,7.999295043945312500e+02,6.532165527343750000e+02,8.770281672477722168e-01,8.055424804687500000e+02,6.546198120117187500e+02,8.933196663856506348e-01,7.992278442382812500e+02,6.546198120117187500e+02,8.071393370628356934e-01,8.074028930664062500e+02,6.656173095703125000e+02,8.057061433792114258e-01,7.992023925781250000e+02,6.659057006835937500e+02,7.771233320236206055e-01,8.109620971679687500e+02,6.760248413085937500e+02,8.842905163764953613e-01,7.989279174804687500e+02,6.750114746093750000e+02,7.302356958389282227e-01,8.001543579101562500e+02,6.784251098632812500e+02,8.858252763748168945e-01,7.954693603515625000e+02,6.780620727539062500e+02,8.013807535171508789e-01,8.043768310546875000e+02,6.860863037109375000e+02,8.422377109527587891e-01,8.007539062500000000e+02,6.864639892578125000e+02,8.242055177688598633e-01,7.998154296875000000e+02,7.035373535156250000e+02,7.777558565139770508e-01,7.973666992187500000e+02,7.033790283203125000e+02,7.487691640853881836e-01,8.140858154296875000e+02,7.150429687500000000e+02,6.012387275695800781e-01,7.961796875000000000e+02,7.213774414062500000e+02,7.087640166282653809e-01,8.030867919921875000e+02,6.500592651367187500e+02,9.021062850952148438e-01,8.028110351562500000e+02,6.616444091796875000e+02,8.025765419006347656e-01,8.025611572265625000e+02,6.858620605468750000e+02,9.185487627983093262e-01,7.894709472656250000e+02,7.247737426757812500e+02,8.242098093032836914e-01,8.163565063476562500e+02,7.223594360351562500e+02,7.712301015853881836e-01,7.906732177734375000e+02,7.259793701171875000e+02,8.669869899749755859e-01,8.167288818359375000e+02,7.221239013671875000e+02,7.310502529144287109e-01,7.976347045898437500e+02,7.247739257812500000e+02,8.256132602691650391e-01,8.179268188476562500e+02,7.140869140625000000e+02,7.640450000762939453e-01,7.833513183593750000e+02,6.576367797851562500e+02,3.947088623046875000e+01,7.184613037109375000e+01,0.000000000000000000e+00
1.600000000000000000e+01,4.000000000000000000e+01,8.000602416992187500e+02,6.545012817382812500e+02,8.395460844039916992e-01,8.023740844726562500e+02,6.521874389648437500e+02,8.337587714195251465e-01,7.997296752929687500e+02,6.521874389648437500e+02,8.691756129264831543e-01,8.046879272460937500e+02,6.538402099609375000e+02,8.433382511138916016e-01,7.987380371093750000e+02,6.538402099609375000e+02,7.048008441925048828e-01,8.066712646484375000e+02,6.637567138671875000e+02,8.723284006118774414e-01,7.993991088867187500e+02,6.637567138671875000e+02,8.483728766441345215e-01,8.099767456054687500e+02,6.756565551757812500e+02,8.852629065513610840e-01,7.993991088867187500e+02,6.749954833984375000e+02,8.043667078018188477e-01,7.993991088867187500e+02,6.783009643554687500e+02,8.616698980331420898e-01,7.954324951171875000e+02,6.783009643554687500e+02,8.574876189231872559e-01,8.040268554687500000e+02,6.862341918945312500e+02,8.372299671173095703e-01,7.993991088867187500e+02,6.862341918945312500e+02,7.954728603363037109e-01,7.980769042968750000e+02,7.047450561523437500e+02,9.115017056465148926e-01,7.980769042968750000e+02,7.040839843750000000e+02,8.388926386833190918e-01,8.132822875976562500e+02,7.153226928710937500e+02,6.251325011253356934e-01,7.974158325195312500e+02,7.225948486328125000e+02,6.908316016197204590e-01,8.023740844726562500e+02,6.508652343750000000e+02,7.871987819671630859e-01,8.027046508789062500e+02,6.597901000976562500e+02,9.116009473800659180e-01,8.020435180664062500e+02,6.855731201171875000e+02,9.199808239936828613e-01,7.908048095703125000e+02,7.252392578125000000e+02,8.712293505668640137e-01,8.139433593750000000e+02,7.225948486328125000e+02,7.585582733154296875e-01,7.921270141601562500e+02,7.265614624023437500e+02,9.196997880935668945e-01,8.146044921875000000e+02,7.219337158203125000e+02,6.907434463500976562e-01,8.000602416992187500e+02,7.252392578125000000e+02,8.085016012191772461e-01,8.165877685546875000e+02,7.140004882812500000e+02,6.708091497421264648e-01,7.855947265625000000e+02,6.593273925781250000e+02,3.620306396484375000e+01,6.769683837890625000e+01,0.000000000000000000e+00
1.600000000000000000e+01,4.100000000000000000e+01,8.001716308593750000e+02,6.545362548828125000e+02,7.645317912101745605e-01,8.018828125000000000e+02,6.524908447265625000e+02,8.638639450073242188e-01,7.996710815429687500e+02,6.525892944335937500e+02,8.646520376205444336e-01,8.048786010742187500e+02,6.537160644531250000e+02,7.901967763900756836e-01,7.980971679687500000e+02,6.535574951171875000e+02,7.566297650337219238e-01,8.069295043945312500e+02,6.629985351562500000e+02,8.306406736373901367e-01,7.985147705078125000e+02,6.637211303710937500e+02,8.470997214317321777e-01,8.101155395507812500e+02,6.752912597656250000e+02,8.585557937622070312e-01,7.977796020507812500e+02,6.736089477539062500e+02,7.782293558120727539e-01,7.992314453125000000e+02,6.778084106445312500e+02,8.733826875686645508e-01,7.940114746093750000e+02,6.772598876953125000e+02,8.024261593818664551e-01,8.037266845703125000e+02,6.855093383789062500e+02,8.073506951332092285e-01,7.989765014648437500e+02,6.854039306640625000e+02,7.998920679092407227e-01,7.981901855468750000e+02,7.031517333984375000e+02,8.062703013420104980e-01,7.966350097656250000e+02,7.033054199218750000e+02,7.682214975357055664e-01,8.102059326171875000e+02,7.162109375000000000e+02,5.230015516281127930e-01,8.102056884765625000e+02,7.154152832031250000e+02,5.334703326225280762e-01,8.019395751953125000e+02,6.477834472656250000e+02,9.136636257171630859e-01,8.022856445312500000e+02,6.599622802734375000e+02,8.403353691101074219e-01,8.016125488281250000e+02,6.847283325195312500e+02,8.900599479675292969e-01,7.934165039062500000e+02,7.263347167968750000e+02,7.787111997604370117e-01,8.105255126953125000e+02,7.236727294921875000e+02,5.607403516769409180e-01,7.946180419921875000e+02,7.268696289062500000e+02,7.750953435897827148e-01,8.107456054687500000e+02,7.228134155273437500e+02,5.748941302299499512e-01,8.011881103515625000e+02,7.259357910156250000e+02,7.265302538871765137e-01,8.131484375000000000e+02,7.148411865234375000e+02,6.847518086433410645e-01,7.834050903320312500e+02,6.502633056640625000e+02,3.481463623046875000e+01,7.694995117187500000e+01,0.000000000000000000e+00
1.600000000000000000e+01,4.200000000000000000e+01,7.995159912109375000e+02,6.538085327148437500e+02,7.594325542449951172e-01,8.014213867187500000e+02,6.526259765625000000e+02,7.826820611953735352e-01,7.987749633789062500e+02,6.527207031250000000e+02,7.633563876152038574e-01,8.043789062500000000e+02,6.533264160156250000e+02,8.199042677879333496e-01,7.977887573242187500e+02,6.533786010742187500e+02,7.531471848487854004e-01,8.071369628906250000e+02,6.619741821289062500e+02,8.655740022659301758e-01,7.976477050781250000e+02,6.632653808593750000e+02,9.031475186347961426e-01,8.096887207031250000e+02,6.737387695312500000e+02,9.130661487579345703e-01,7.967457885742187500e+02,6.731826171875000000e+02,8.187214136123657227e-01,7.995520629882812500e+02,6.768576660156250000e+02,8.947838544845581055e-01,7.924539794921875000e+02,6.764359741210937500e+02,7.659912109375000000e-01,8.037435302734375000e+02,6.846225585937500000e+02,8.420510292053222656e-01,7.986095581054687500e+02,6.842667236328125000e+02,8.448953628540039062e-01,7.980622558593750000e+02,7.022739257812500000e+02,8.409261703491210938e-01,7.948814697265625000e+02,7.025477294921875000e+02,7.584016323089599609e-01,8.008962402343750000e+02,7.229451904296875000e+02,8.010624647140502930e-01,8.063188476562500000e+02,7.163375854492187500e+02,7.494634389877319336e-01,8.004524536132812500e+02,6.476758422851562500e+02,8.450276851654052734e-01,8.016862792968750000e+02,6.583832397460937500e+02,9.285126924514770508e-01,8.015913085937500000e+02,6.839185791015625000e+02,9.366081953048706055e-01,7.951114501953125000e+02,7.268856201171875000e+02,7.083789110183715820e-01,8.035480346679687500e+02,7.264749145507812500e+02,7.273328304290771484e-01,7.967677612304687500e+02,7.271264648437500000e+02,6.694236993789672852e-01,8.003980712890625000e+02,7.259556884765625000e+02,6.578509807586669922e-01,8.032808837890625000e+02,7.257023925781250000e+02,6.681201457977294922e-01,8.104857177734375000e+02,7.176159667968750000e+02,7.975842952728271484e-01,7.844417114257812500e+02,6.481821899414062500e+02,3.114514160156250000e+01,8.041296386718750000e+01,0.000000000000000000e+00
1.600000000000000000e+01,4.300000000000000000e+01,7.998195800781250000e+02,6.525339965820312500e+02,8.277848958969116211e-01,8.013828735351562500e+02,6.505688476562500000e+02,8.421815037727355957e-01,7.985133056640625000e+02,6.505725097656250000e+02,8.583997488021850586e-01,8.038447875976562500e+02,6.516308593750000000e+02,8.358864784240722656e-01,7.971876220703125000e+02,6.516450805664062500e+02,8.053427934646606445e-01,8.073679199218750000e+02,6.613903808593750000e+02,8.865575194358825684e-01,7.967172851562500000e+02,6.620733032226562500e+02,8.577553033828735352e-01,8.089157714843750000e+02,6.733327636718750000e+02,8.651232123374938965e-01,7.953953857421875000e+02,6.707500000000000000e+02,6.880227327346801758e-01,7.985162353515625000e+02,6.767062377929687500e+02,8.708295226097106934e-01,7.920274047851562500e+02,6.747667846679687500e+02,8.401037454605102539e-01,8.038447265625000000e+02,6.842770385742187500e+02,8.208005428314208984e-01,7.982692871093750000e+02,6.838739013671875000e+02,8.076639771461486816e-01,8.013408813476562500e+02,7.023204345703125000e+02,6.877325773239135742e-01,7.922667236328125000e+02,7.020500488281250000e+02,7.710002660751342773e-01,8.030535888671875000e+02,7.229412231445312500e+02,8.113304376602172852e-01,8.020194091796875000e+02,7.183643798828125000e+02,6.342052817344665527e-01,8.010850830078125000e+02,6.467198486328125000e+02,8.587441444396972656e-01,8.013768920898437500e+02,6.569549560546875000e+02,9.342573881149291992e-01,8.013795166015625000e+02,6.832167968750000000e+02,9.020893573760986328e-01,7.961749267578125000e+02,7.267626953125000000e+02,8.296919465065002441e-01,7.969392089843750000e+02,7.267626953125000000e+02,6.880418658256530762e-01,7.977034912109375000e+02,7.275269775390625000e+02,8.361423611640930176e-01,7.969392089843750000e+02,7.259984130859375000e+02,6.696068644523620605e-01,8.053464965820312500e+02,7.267626953125000000e+02,8.273693323135375977e-01,8.068750610351562500e+02,7.237055053710937500e+02,6.192644238471984863e-01,7.833492431640625000e+02,6.482692871093750000e+02,3.253002929687500000e+01,7.826409912109375000e+01,0.000000000000000000e+00
1.600000000000000000e+01,4.400000000000000000e+01,7.979677734375000000e+02,6.525928955078125000e+02,7.846714258193969727e-01,8.000183715820312500e+02,6.515552978515625000e+02,7.253549695014953613e-01,7.970426025390625000e+02,6.515084838867187500e+02,7.477073669433593750e-01,8.029947509765625000e+02,6.521422119140625000e+02,8.216687440872192383e-01,7.959125976562500000e+02,6.521301269531250000e+02,7.212548851966857910e-01,8.068438110351562500e+02,6.610499877929687500e+02,8.580898046493530273e-01,7.949671020507812500e+02,6.614291992187500000e+02,8.777334094047546387e-01,8.076453247070312500e+02,6.727149658203125000e+02,8.854976892471313477e-01,7.924448852539062500e+02,6.708125000000000000e+02,8.390912413597106934e-01,7.977043457031250000e+02,6.760806274414062500e+02,8.782784938812255859e-01,7.918472900390625000e+02,6.750405273437500000e+02,8.848494291305541992e-01,8.035263671875000000e+02,6.850413818359375000e+02,8.382303714752197266e-01,7.964344482421875000e+02,6.844259033203125000e+02,8.333114385604858398e-01,8.029038085937500000e+02,7.021572265625000000e+02,8.213177919387817383e-01,7.910024414062500000e+02,7.015286865234375000e+02,8.436412811279296875e-01,8.043804931640625000e+02,7.217107543945312500e+02,8.855117559432983398e-01,7.974297485351562500e+02,7.217107543945312500e+02,7.667537927627563477e-01,7.997725830078125000e+02,6.462721557617187500e+02,8.892672657966613770e-01,8.003935546875000000e+02,6.568966064453125000e+02,9.434489011764526367e-01,8.001801757812500000e+02,6.842049560546875000e+02,9.040528535842895508e-01,7.951128540039062500e+02,7.271168212890625000e+02,7.600515484809875488e-01,7.920236816406250000e+02,7.271168212890625000e+02,8.430411219596862793e-01,7.966574707031250000e+02,7.278891601562500000e+02,7.796493172645568848e-01,7.920236816406250000e+02,7.263445434570312500e+02,8.198711872100830078e-01,8.059251098632812500e+02,7.255722656250000000e+02,7.861456871032714844e-01,7.997467041015625000e+02,7.240276489257812500e+02,6.202464103698730469e-01,7.848845825195312500e+02,6.485738525390625000e+02,3.358569335937500000e+01,7.908361816406250000e+01,0.000000000000000000e+00
1.600000000000000000e+01,4.500000000000000000e+01,7.966756591796875000e+02,6.523421630859375000e+02,8.399776816368103027e-01,7.990027465820312500e+02,6.500150146484375000e+02,8.816261887550354004e-01,7.958999633789062500e+02,6.500150146484375000e+02,8.863381147384643555e-01,8.021055297851562500e+02,6.515664672851562500e+02,9.223051071166992188e-01,7.951242675781250000e+02,6.515664672851562500e+02,8.307313919067382812e-01,8.052083740234375000e+02,6.608748779296875000e+02,9.126216769218444824e-01,7.958999633789062500e+02,6.608748779296875000e+02,9.396069645881652832e-01,8.059840698242187500e+02,6.725103759765625000e+02,9.140362739562988281e-01,7.958999633789062500e+02,6.717346801757812500e+02,8.812975883483886719e-01,7.958999633789062500e+02,6.763888549804687500e+02,9.090220332145690918e-01,7.912457275390625000e+02,6.763888549804687500e+02,8.937773704528808594e-01,8.028812866210937500e+02,6.856972656250000000e+02,8.655121922492980957e-01,7.966756591796875000e+02,6.856972656250000000e+02,8.698810338973999023e-01,8.044326782226562500e+02,7.035383911132812500e+02,8.613175749778747559e-01,7.896943359375000000e+02,7.012113037109375000e+02,8.876534700393676758e-01,8.067597656250000000e+02,7.237066040039062500e+02,8.803182244300842285e-01,7.927971191406250000e+02,7.221552124023437500e+02,8.608739972114562988e-01,7.990027465820312500e+02,6.461365356445312500e+02,9.120411276817321777e-01,8.005541381835937500e+02,6.569963378906250000e+02,9.372384548187255859e-01,7.997784423828125000e+02,6.849215698242187500e+02,9.049856662750244141e-01,7.997784423828125000e+02,7.275851440429687500e+02,8.940812349319458008e-01,7.865915527343750000e+02,7.275851440429687500e+02,8.965065479278564453e-01,8.021055297851562500e+02,7.275851440429687500e+02,8.673622012138366699e-01,7.865915527343750000e+02,7.268094482421875000e+02,9.087307453155517578e-01,8.090868530273437500e+02,7.268094482421875000e+02,8.910004496574401855e-01,7.943485717773437500e+02,7.252579956054687500e+02,8.981980681419372559e-01,7.848858032226562500e+02,6.486964111328125000e+02,3.521520996093750000e+01,7.943170166015625000e+01,0.000000000000000000e+00
1.600000000000000000e+01,4.600000000000000000e+01,7.955778808593750000e+02,6.514111938476562500e+02,8.893060088157653809e-01,7.980067749023437500e+02,6.497919311523437500e+02,9.129557013511657715e-01,7.947681884765625000e+02,6.497919311523437500e+02,9.411600232124328613e-01,8.020549926757812500e+02,6.514111938476562500e+02,9.089729785919189453e-01,7.939585571289062500e+02,6.514111938476562500e+02,8.224704265594482422e-01,8.044838867187500000e+02,6.603171997070312500e+02,9.264608621597290039e-01,7.955778808593750000e+02,6.611268310546875000e+02,9.339438080787658691e-01,8.061031494140625000e+02,6.716521606445312500e+02,9.283238649368286133e-01,7.955778808593750000e+02,6.716521606445312500e+02,8.500448465347290039e-01,7.963875122070312500e+02,6.765100097656250000e+02,8.507748246192932129e-01,7.915296630859375000e+02,6.765100097656250000e+02,8.884118199348449707e-01,8.036742553710937500e+02,6.862256469726562500e+02,9.157450795173645020e-01,7.963875122070312500e+02,6.862256469726562500e+02,8.884075284004211426e-01,8.061031494140625000e+02,7.048473510742187500e+02,8.816505670547485352e-01,7.891007690429687500e+02,7.024184570312500000e+02,8.965714573860168457e-01,8.085321044921875000e+02,7.234690551757812500e+02,9.185608625411987305e-01,7.874814453125000000e+02,7.234690551757812500e+02,9.113389849662780762e-01,7.988164062500000000e+02,6.457437133789062500e+02,9.232852458953857422e-01,7.996260375976562500e+02,6.562690429687500000e+02,9.273878931999206543e-01,8.004356689453125000e+02,6.854160156250000000e+02,9.544069766998291016e-01,8.020549926757812500e+02,7.275172729492187500e+02,9.124829173088073730e-01,7.810043334960937500e+02,7.275172729492187500e+02,8.767663240432739258e-01,8.044838867187500000e+02,7.283269042968750000e+02,9.315981268882751465e-01,7.810043334960937500e+02,7.258979492187500000e+02,9.227903485298156738e-01,8.109609985351562500e+02,7.267075805664062500e+02,9.588071703910827637e-01,7.891007690429687500e+02,7.267075805664062500e+02,9.059082865715026855e-01,7.811161499023437500e+02,6.467962646484375000e+02,4.106799316406250000e+01,8.290704345703125000e+01,0.000000000000000000e+00
1.600000000000000000e+01,4.700000000000000000e+01,7.946492309570312500e+02,6.522741088867187500e+02,8.757521510124206543e-01,7.971993408203125000e+02,6.505739746093750000e+02,8.850522041320800781e-01,7.946492309570312500e+02,6.497239379882812500e+02,9.003962874412536621e-01,8.014495849609375000e+02,6.514240112304687500e+02,9.125298261642456055e-01,7.937991943359375000e+02,6.514240112304687500e+02,6.869373321533203125e-01,8.031496582031250000e+02,6.607745361328125000e+02,9.299440979957580566e-01,7.946492309570312500e+02,6.616245727539062500e+02,9.378124475479125977e-01,8.048497314453125000e+02,6.726751708984375000e+02,9.556744694709777832e-01,7.946492309570312500e+02,6.718251342773437500e+02,8.674577474594116211e-01,7.954992675781250000e+02,6.760753784179687500e+02,9.001269340515136719e-01,7.903989868164062500e+02,6.752253417968750000e+02,8.309478163719177246e-01,8.022996215820312500e+02,6.871259765625000000e+02,9.024728536605834961e-01,7.954992675781250000e+02,6.862758789062500000e+02,9.166576266288757324e-01,8.073999023437500000e+02,7.049769287109375000e+02,9.024190306663513184e-01,7.886989135742187500e+02,7.041268310546875000e+02,8.924099802970886230e-01,8.108000488281250000e+02,7.236779174804687500e+02,9.088747501373291016e-01,7.818985595703125000e+02,7.236779174804687500e+02,8.950460553169250488e-01,7.980493774414062500e+02,6.454736938476562500e+02,9.073280692100524902e-01,7.988994140625000000e+02,6.573743286132812500e+02,9.359935522079467773e-01,7.988994140625000000e+02,6.862758789062500000e+02,9.659612774848937988e-01,8.039996948242187500e+02,7.279281616210937500e+02,8.539029359817504883e-01,7.733980712890625000e+02,7.253779907226562500e+02,9.097006916999816895e-01,8.065498657226562500e+02,7.287781982421875000e+02,8.515592813491821289e-01,7.742481079101562500e+02,7.245279541015625000e+02,9.115187525749206543e-01,8.125001831054687500e+02,7.262280273437500000e+02,8.935557007789611816e-01,7.835986328125000000e+02,7.270780639648437500e+02,8.595319986343383789e-01,7.764882812500000000e+02,6.431785888671875000e+02,4.567236328125000000e+01,8.704467773437500000e+01,0.000000000000000000e+00
1.600000000000000000e+01,4.800000000000000000e+01,7.944494628906250000e+02,6.523366699218750000e+02,9.021959304809570312e-01,7.969225463867187500e+02,6.506879882812500000e+02,9.135869145393371582e-01,7.936251220703125000e+02,6.506879882812500000e+02,8.958696722984313965e-01,8.010443115234375000e+02,6.515123291015625000e+02,9.182975292205810547e-01,7.928007812500000000e+02,6.515123291015625000e+02,8.167586922645568848e-01,8.026929931640625000e+02,6.605802001953125000e+02,9.377684593200683594e-01,7.944494628906250000e+02,6.614045410156250000e+02,9.536632895469665527e-01,8.035173950195312500e+02,6.729454956054687500e+02,9.564291238784790039e-01,7.944494628906250000e+02,6.712968139648437500e+02,8.940850496292114258e-01,7.936251220703125000e+02,6.770672607421875000e+02,8.919686079025268555e-01,7.895033569335937500e+02,6.754185791015625000e+02,8.134215474128723145e-01,8.018686523437500000e+02,6.877838745117187500e+02,9.072875976562500000e-01,7.952738037109375000e+02,6.869595336914062500e+02,9.546172022819519043e-01,8.068147583007812500e+02,7.059196777343750000e+02,9.430982470512390137e-01,7.870302734375000000e+02,7.059196777343750000e+02,9.241158962249755859e-01,8.125852661132812500e+02,7.240554199218750000e+02,8.660285472869873047e-01,7.787867431640625000e+02,7.232310791015625000e+02,8.924162387847900391e-01,7.969225463867187500e+02,6.449174804687500000e+02,9.118831157684326172e-01,7.977468872070312500e+02,6.572827758789062500e+02,9.245002865791320801e-01,7.985712280273437500e+02,6.869595336914062500e+02,9.554693698883056641e-01,8.059904174804687500e+02,7.281771850585937500e+02,9.025267958641052246e-01,7.705432128906250000e+02,7.240554199218750000e+02,9.070326089859008789e-01,8.076391601562500000e+02,7.290015869140625000e+02,9.009586572647094727e-01,7.713675537109375000e+02,7.224067382812500000e+02,9.117709994316101074e-01,8.142339477539062500e+02,7.273528442382812500e+02,9.496697783470153809e-01,7.787867431640625000e+02,7.273528442382812500e+02,9.279906749725341797e-01,7.737669067382812500e+02,6.451647949218750000e+02,4.713568115234375000e+01,8.441375732421875000e+01,0.000000000000000000e+00
1.600000000000000000e+01,4.900000000000000000e+01,7.926899414062500000e+02,6.523660278320312500e+02,9.357526302337646484e-01,7.951423339843750000e+02,6.507310791015625000e+02,9.498573541641235352e-01,7.918724365234375000e+02,6.507310791015625000e+02,9.440169334411621094e-01,7.992297363281250000e+02,6.515485839843750000e+02,9.065129756927490234e-01,7.910549926757812500e+02,6.515485839843750000e+02,7.168923616409301758e-01,8.008646850585937500e+02,6.605407714843750000e+02,9.140637516975402832e-01,7.926899414062500000e+02,6.613582153320312500e+02,9.433738589286804199e-01,8.016821289062500000e+02,6.736203613281250000e+02,9.264844655990600586e-01,7.926899414062500000e+02,6.703504638671875000e+02,9.375596046447753906e-01,7.910549926757812500e+02,6.777077026367187500e+02,9.657803177833557129e-01,7.869676513671875000e+02,6.719854125976562500e+02,8.700804114341735840e-01,8.008646850585937500e+02,6.883348388671875000e+02,9.060163497924804688e-01,7.943248901367187500e+02,6.875173950195312500e+02,9.213686585426330566e-01,8.065869750976562500e+02,7.063192749023437500e+02,9.202499985694885254e-01,7.853327026367187500e+02,7.063192749023437500e+02,9.361609220504760742e-01,8.131267700195312500e+02,7.251211547851562500e+02,8.881952166557312012e-01,7.771579589843750000e+02,7.243036499023437500e+02,9.005784988403320312e-01,7.959598388671875000e+02,6.458262329101562500e+02,9.248388409614562988e-01,7.967772827148437500e+02,6.572708740234375000e+02,9.432299137115478516e-01,7.975947875976562500e+02,6.875173950195312500e+02,1.003062844276428223e+00,8.065869750976562500e+02,7.292084960937500000e+02,9.042398929595947266e-01,7.689832153320312500e+02,7.251211547851562500e+02,9.518260359764099121e-01,8.090393676757812500e+02,7.292084960937500000e+02,9.135192632675170898e-01,7.698006591796875000e+02,7.234862060546875000e+02,8.886132836341857910e-01,8.155791625976562500e+02,7.275735473632812500e+02,8.988503813743591309e-01,7.771579589843750000e+02,7.292084960937500000e+02,8.886079192161560059e-01,7.725082397460937500e+02,6.452540283203125000e+02,4.935565185546875000e+01,8.370928955078125000e+01,0.000000000000000000e+00
1.600000000000000000e+01,5.000000000000000000e+01,7.916478881835937500e+02,6.524987792968750000e+02,9.288462400436401367e-01,7.933538818359375000e+02,6.507927856445312500e+02,9.568026065826416016e-01,7.907948608398437500e+02,6.507927856445312500e+02,9.325569868087768555e-01,7.976188964843750000e+02,6.516458129882812500e+02,9.579756855964660645e-01,7.899418945312500000e+02,6.524987792968750000e+02,8.303286433219909668e-01,7.993248901367187500e+02,6.618818359375000000e+02,9.414902925491333008e-01,7.916478881835937500e+02,6.618818359375000000e+02,9.085183143615722656e-01,8.010308837890625000e+02,6.738239135742187500e+02,9.449498057365417480e-01,7.916478881835937500e+02,6.721178588867187500e+02,8.550172448158264160e-01,7.899418945312500000e+02,6.780889282226562500e+02,9.064844250679016113e-01,7.839708251953125000e+02,6.729708862304687500e+02,8.982542157173156738e-01,7.993248901367187500e+02,6.891779174804687500e+02,9.376763701438903809e-01,7.916478881835937500e+02,6.883249511718750000e+02,9.338115453720092773e-01,8.044429321289062500e+02,7.070910034179687500e+02,9.200461506843566895e-01,7.839708251953125000e+02,7.070910034179687500e+02,9.428049921989440918e-01,8.138259277343750000e+02,7.232980957031250000e+02,9.568104743957519531e-01,7.771468505859375000e+02,7.267100830078125000e+02,9.051418900489807129e-01,7.933538818359375000e+02,6.456748046875000000e+02,9.092563390731811523e-01,7.950598754882812500e+02,6.576168212890625000e+02,9.498170018196105957e-01,7.959129028320312500e+02,6.874719238281250000e+02,1.011695146560668945e+00,8.078549194335937500e+02,7.301220703125000000e+02,8.947114944458007812e-01,7.694697875976562500e+02,7.275631103515625000e+02,9.231139421463012695e-01,8.112669677734375000e+02,7.301220703125000000e+02,8.324770927429199219e-01,7.703228149414062500e+02,7.267100830078125000e+02,9.202823042869567871e-01,8.163849487304687500e+02,7.258570556640625000e+02,8.984261751174926758e-01,7.771468505859375000e+02,7.309750976562500000e+02,9.240688085556030273e-01,7.704859008789062500e+02,6.442246704101562500e+02,5.000097656250000000e+01,8.734747314453125000e+01,0.000000000000000000e+00
1.600000000000000000e+01,5.100000000000000000e+01,7.898545532226562500e+02,6.531165771484375000e+02,9.535548090934753418e-01,7.915648193359375000e+02,6.505512695312500000e+02,9.486171603202819824e-01,7.881443481445312500e+02,6.514063720703125000e+02,9.341109395027160645e-01,7.949852905273437500e+02,6.522614746093750000e+02,9.160075187683105469e-01,7.872892456054687500e+02,6.522614746093750000e+02,8.227872252464294434e-01,7.975506591796875000e+02,6.616677856445312500e+02,9.284540414810180664e-01,7.889994506835937500e+02,6.616677856445312500e+02,9.163402318954467773e-01,7.984057617187500000e+02,6.744946289062500000e+02,9.617171287536621094e-01,7.898545532226562500e+02,6.727843627929687500e+02,9.278350472450256348e-01,7.872892456054687500e+02,6.779151000976562500e+02,9.083039164543151855e-01,7.830136108398437500e+02,6.753497314453125000e+02,8.374366164207458496e-01,7.966955566406250000e+02,6.890316772460937500e+02,9.568924307823181152e-01,7.898545532226562500e+02,6.881765136718750000e+02,9.265820980072021484e-01,8.018262329101562500e+02,7.078442993164062500e+02,9.303645491600036621e-01,7.821585083007812500e+02,7.078442993164062500e+02,9.351060390472412109e-01,8.137979736328125000e+02,7.232364501953125000e+02,9.462317228317260742e-01,7.770277709960937500e+02,7.275120849609375000e+02,9.175191521644592285e-01,7.907097167968750000e+02,6.462756347656250000e+02,9.546420574188232422e-01,7.924199218750000000e+02,6.573922119140625000e+02,9.377386569976806641e-01,7.932750854492187500e+02,6.881765136718750000e+02,9.570092558860778809e-01,8.078121337890625000e+02,7.300774536132812500e+02,8.753635883331298828e-01,7.701868286132812500e+02,7.309325561523437500e+02,8.600193858146667480e-01,8.112326049804687500e+02,7.300774536132812500e+02,8.591855764389038086e-01,7.701868286132812500e+02,7.292222900390625000e+02,8.944840431213378906e-01,8.163632812500000000e+02,7.249467163085937500e+02,8.682337403297424316e-01,7.778828735351562500e+02,7.317876586914062500e+02,8.677989244461059570e-01,7.692307128906250000e+02,6.431116943359375000e+02,5.065411376953125000e+01,8.756433105468750000e+01,0.000000000000000000e+00
1.600000000000000000e+01,5.200000000000000000e+01,7.875928344726562500e+02,6.523244018554687500e+02,9.280489683151245117e-01,7.900961914062500000e+02,6.506555175781250000e+02,9.404792785644531250e-01,7.867583618164062500e+02,6.506555175781250000e+02,9.341402053833007812e-01,7.934340820312500000e+02,6.514899291992187500e+02,9.366947412490844727e-01,7.850894165039062500e+02,6.514899291992187500e+02,8.003351688385009766e-01,7.951029663085937500e+02,6.615034790039062500e+02,9.216797947883605957e-01,7.867583618164062500e+02,6.615034790039062500e+02,8.868713378906250000e-01,7.959374389648437500e+02,6.748549194335937500e+02,9.689769744873046875e-01,7.850894165039062500e+02,6.723515014648437500e+02,8.579571247100830078e-01,7.850894165039062500e+02,6.781927490234375000e+02,9.226111173629760742e-01,7.775792846679687500e+02,6.773582763671875000e+02,6.519415378570556641e-01,7.942685546875000000e+02,6.898752441406250000e+02,9.177816510200500488e-01,7.867583618164062500e+02,6.890407714843750000e+02,8.829314112663269043e-01,7.976063842773437500e+02,7.090678710937500000e+02,8.607952594757080078e-01,7.800826416015625000e+02,7.090678710937500000e+02,8.713367581367492676e-01,8.117922363281250000e+02,7.232537231445312500e+02,8.672548532485961914e-01,7.767448120117187500e+02,7.299294433593750000e+02,8.904474973678588867e-01,7.892617797851562500e+02,6.456487426757812500e+02,9.180397987365722656e-01,7.909306640625000000e+02,6.573311767578125000e+02,9.305501580238342285e-01,7.909306640625000000e+02,6.882062988281250000e+02,9.377387166023254395e-01,8.092888793945312500e+02,7.315983276367187500e+02,8.109760880470275879e-01,7.709035644531250000e+02,7.332672729492187500e+02,8.815961480140686035e-01,8.117922363281250000e+02,7.307639160156250000e+02,7.771910429000854492e-01,7.700690917968750000e+02,7.315983276367187500e+02,8.864533305168151855e-01,8.151300659179687500e+02,7.232537231445312500e+02,8.692330718040466309e-01,7.784137573242187500e+02,7.332672729492187500e+02,8.750118017196655273e-01,7.650252075195312500e+02,6.509058227539062500e+02,5.431427001953125000e+01,8.544897460937500000e+01,0.000000000000000000e+00
1.600000000000000000e+01,5.300000000000000000e+01,7.854671020507812500e+02,6.524586791992187500e+02,9.240188002586364746e-01,7.870738525390625000e+02,6.508519287109375000e+02,9.400984644889831543e-01,7.846637573242187500e+02,6.508519287109375000e+02,9.481081366539001465e-01,7.910906982421875000e+02,6.516553344726562500e+02,9.227657914161682129e-01,7.838604125976562500e+02,6.516553344726562500e+02,6.724791526794433594e-01,7.935007324218750000e+02,6.612956542968750000e+02,9.160884618759155273e-01,7.846637573242187500e+02,6.620990600585937500e+02,8.804911375045776367e-01,7.951074829101562500e+02,6.749528808593750000e+02,9.891186952590942383e-01,7.806469116210937500e+02,6.717393798828125000e+02,7.530869841575622559e-01,7.854671020507812500e+02,6.781663208007812500e+02,9.203526973724365234e-01,7.597594604492187500e+02,6.693292846679687500e+02,2.743802368640899658e-01,7.918940429687500000e+02,6.902167968750000000e+02,8.925791382789611816e-01,7.846637573242187500e+02,6.894133911132812500e+02,8.751633167266845703e-01,7.935007324218750000e+02,7.111042480468750000e+02,9.299024939537048340e-01,7.790402221679687500e+02,7.094974975585937500e+02,9.223123192787170410e-01,8.087646484375000000e+02,7.231546630859375000e+02,8.322983384132385254e-01,7.774334716796875000e+02,7.303849487304687500e+02,8.605405092239379883e-01,7.870738525390625000e+02,6.452283935546875000e+02,9.045193195343017578e-01,7.886806030273437500e+02,6.572788696289062500e+02,9.056978821754455566e-01,7.886806030273437500e+02,6.886100463867187500e+02,9.291160106658935547e-01,8.095680541992187500e+02,7.327950439453125000e+02,8.461801409721374512e-01,7.710065917968750000e+02,7.344017944335937500e+02,8.705762028694152832e-01,8.111747436523437500e+02,7.311883544921875000e+02,8.299468159675598145e-01,7.710065917968750000e+02,7.335983886718750000e+02,8.619924187660217285e-01,8.127814941406250000e+02,7.215479736328125000e+02,8.563498854637145996e-01,7.790402221679687500e+02,7.335983886718750000e+02,8.187007308006286621e-01,7.668291015625000000e+02,6.526996459960937500e+02,5.093322753906250000e+01,8.226446533203125000e+01,0.000000000000000000e+00
1.600000000000000000e+01,5.400000000000000000e+01,7.829950561523437500e+02,6.523433837890625000e+02,9.095986485481262207e-01,7.855389404296875000e+02,6.506474609375000000e+02,9.152529835700988770e-01,7.821470947265625000e+02,6.506474609375000000e+02,8.953649401664733887e-01,7.889308471679687500e+02,6.514954223632812500e+02,9.031847119331359863e-01,7.804511108398437500e+02,6.523433837890625000e+02,7.124547362327575684e-01,7.914747924804687500e+02,6.616710815429687500e+02,9.105031490325927734e-01,7.829950561523437500e+02,6.625190429687500000e+02,9.102114439010620117e-01,7.940186767578125000e+02,6.743906250000000000e+02,9.547891616821289062e-01,7.770592651367187500e+02,6.718467407226562500e+02,7.672896385192871094e-01,7.829950561523437500e+02,6.794784545898437500e+02,8.922386765480041504e-01,7.609478149414062500e+02,6.701508178710937500e+02,8.554782271385192871e-01,7.889308471679687500e+02,6.905021362304687500e+02,8.925673365592956543e-01,7.829950561523437500e+02,6.905021362304687500e+02,8.970195055007934570e-01,7.889308471679687500e+02,7.117014160156250000e+02,9.085514545440673828e-01,7.796031494140625000e+02,7.108534545898437500e+02,9.285119771957397461e-01,8.050422973632812500e+02,7.227250366210937500e+02,8.808197975158691406e-01,7.787551879882812500e+02,7.312047729492187500e+02,8.523032665252685547e-01,7.838430175781250000e+02,6.447116699218750000e+02,8.894651532173156738e-01,7.863869628906250000e+02,6.574312133789062500e+02,9.132636785507202148e-01,7.863869628906250000e+02,6.896541137695312500e+02,9.399462342262268066e-01,8.050422973632812500e+02,7.329006958007812500e+02,8.688928484916687012e-01,7.711234741210937500e+02,7.354445800781250000e+02,8.560538887977600098e-01,8.067382812500000000e+02,7.312047729492187500e+02,8.958111405372619629e-01,7.711234741210937500e+02,7.345966186523437500e+02,8.744667768478393555e-01,8.084342041015625000e+02,7.218770751953125000e+02,8.914647102355957031e-01,7.804511108398437500e+02,7.345966186523437500e+02,8.573905825614929199e-01,7.690744628906250000e+02,6.517498168945312500e+02,4.395269775390625000e+01,8.683227539062500000e+01,0.000000000000000000e+00
1.600000000000000000e+01,5.500000000000000000e+01,7.791888427734375000e+02,6.522127075195312500e+02,8.364225029945373535e-01,7.816208496093750000e+02,6.497807006835937500e+02,8.687604665756225586e-01,7.783781738281250000e+02,6.497807006835937500e+02,8.701124787330627441e-01,7.856741333007812500e+02,6.514020385742187500e+02,8.816804885864257812e-01,7.775675048828125000e+02,6.522127075195312500e+02,7.512248754501342773e-01,7.897274169921875000e+02,6.603192749023437500e+02,9.135472178459167480e-01,7.799995117187500000e+02,6.619406127929687500e+02,8.652201890945434570e-01,7.929700317382812500e+02,6.749111938476562500e+02,9.118528366088867188e-01,7.767568359375000000e+02,6.732898559570312500e+02,7.628397941589355469e-01,7.816208496093750000e+02,6.789644775390625000e+02,8.962998986244201660e-01,7.621649780273437500e+02,6.700472412109375000e+02,8.977637887001037598e-01,7.881060791015625000e+02,6.903137207031250000e+02,8.942539095878601074e-01,7.816208496093750000e+02,6.895030517578125000e+02,8.980191349983215332e-01,7.848634643554687500e+02,7.105802001953125000e+02,9.334317445755004883e-01,7.791888427734375000e+02,7.105802001953125000e+02,9.461949467658996582e-01,7.994553222656250000e+02,7.251721191406250000e+02,8.533819913864135742e-01,7.799995117187500000e+02,7.324680786132812500e+02,8.283245563507080078e-01,7.804048461914062500e+02,6.461327514648437500e+02,8.755259513854980469e-01,7.840527954101562500e+02,6.570766601562500000e+02,9.380027055740356445e-01,7.848634643554687500e+02,6.886923828125000000e+02,8.963872194290161133e-01,7.986446533203125000e+02,7.340893554687500000e+02,8.379579782485961914e-01,7.718928833007812500e+02,7.365213623046875000e+02,8.741035461425781250e-01,8.002659912109375000e+02,7.332786865234375000e+02,8.725573420524597168e-01,7.727035522460937500e+02,7.357106933593750000e+02,8.826915621757507324e-01,8.035086669921875000e+02,7.243614501953125000e+02,8.284318447113037109e-01,7.816208496093750000e+02,7.349000244140625000e+02,8.621737957000732422e-01,7.688916015625000000e+02,6.548878784179687500e+02,4.248229980468750000e+01,8.301153564453125000e+01,0.000000000000000000e+00
1.600000000000000000e+01,5.600000000000000000e+01,7.785252075195312500e+02,6.505842285156250000e+02,9.218716621398925781e-01,7.810961914062500000e+02,6.488702392578125000e+02,9.389805793762207031e-01,7.776682128906250000e+02,6.480132446289062500e+02,9.109719991683959961e-01,7.853811645507812500e+02,6.505842285156250000e+02,9.012032151222229004e-01,7.768112182617187500e+02,6.497272338867187500e+02,6.550720930099487305e-01,7.879522094726562500e+02,6.600112304687500000e+02,8.887610435485839844e-01,7.785252075195312500e+02,6.617252197265625000e+02,9.011341333389282227e-01,7.922371826171875000e+02,6.745802001953125000e+02,9.202575683593750000e-01,7.768112182617187500e+02,6.728662109375000000e+02,8.117520213127136230e-01,7.802391967773437500e+02,6.797221679687500000e+02,8.779239058494567871e-01,7.648132324218750000e+02,6.702952270507812500e+02,5.158698558807373047e-01,7.853811645507812500e+02,6.891491699218750000e+02,8.485534191131591797e-01,7.793822021484375000e+02,6.882921752929687500e+02,8.413008451461791992e-01,7.802391967773437500e+02,7.105741577148437500e+02,8.711684942245483398e-01,7.802391967773437500e+02,7.105741577148437500e+02,8.233416676521301270e-01,7.939511718750000000e+02,7.268571166992187500e+02,7.483467459678649902e-01,7.802391967773437500e+02,7.337130737304687500e+02,5.788245201110839844e-01,7.806677246093750000e+02,6.424427490234375000e+02,9.449255466461181641e-01,7.819531860351562500e+02,6.557262573242187500e+02,9.460816979408264160e-01,7.828101806640625000e+02,6.882921752929687500e+02,8.759307265281677246e-01,7.725261840820312500e+02,7.371411132812500000e+02,7.644145488739013672e-01,7.913801879882812500e+02,7.362840576171875000e+02,7.082502841949462891e-01,7.733831787109375000e+02,7.379981079101562500e+02,7.946798801422119141e-01,7.913801879882812500e+02,7.354270629882812500e+02,6.951724886894226074e-01,7.810961914062500000e+02,7.362840576171875000e+02,6.428613066673278809e-01,7.965221557617187500e+02,7.268571166992187500e+02,5.993856787681579590e-01,7.680961914062500000e+02,6.516983642578125000e+02,3.885491943359375000e+01,8.775665283203125000e+01,0.000000000000000000e+00
1.600000000000000000e+01,5.700000000000000000e+01,7.758863525390625000e+02,6.500744628906250000e+02,9.211361408233642578e-01,7.776041870117187500e+02,6.474976806640625000e+02,9.306069612503051758e-01,7.750274658203125000e+02,6.474976806640625000e+02,8.982785940170288086e-01,7.827576904296875000e+02,6.492155151367187500e+02,9.328613877296447754e-01,7.741685180664062500e+02,6.492155151367187500e+02,5.988750457763671875e-01,7.861933593750000000e+02,6.595225219726562500e+02,8.859681487083435059e-01,7.750274658203125000e+02,6.603814697265625000e+02,9.115977287292480469e-01,7.913468627929687500e+02,6.732651977539062500e+02,8.955500721931457520e-01,7.741685180664062500e+02,6.732651977539062500e+02,8.155946731567382812e-01,7.784631347656250000e+02,6.792776489257812500e+02,9.049450755119323730e-01,7.690150146484375000e+02,6.775598144531250000e+02,6.621701121330261230e-01,7.827576904296875000e+02,6.887257080078125000e+02,8.510555028915405273e-01,7.767453002929687500e+02,6.878668212890625000e+02,8.702481985092163086e-01,7.784631347656250000e+02,7.093397216796875000e+02,9.068648219108581543e-01,7.776041870117187500e+02,7.101986694335937500e+02,8.605913519859313965e-01,7.810398559570312500e+02,7.325305175781250000e+02,7.171815633773803711e-01,7.861933593750000000e+02,7.290948486328125000e+02,6.645201444625854492e-01,7.788925781250000000e+02,6.419147338867187500e+02,9.567624926567077637e-01,7.793220214843750000e+02,6.552279663085937500e+02,9.234778285026550293e-01,7.801809692382812500e+02,6.878668212890625000e+02,8.992286920547485352e-01,7.724506835937500000e+02,7.385429077148437500e+02,8.932849764823913574e-01,7.844755249023437500e+02,7.368250732421875000e+02,7.596049308776855469e-01,7.741685180664062500e+02,7.385429077148437500e+02,8.261401057243347168e-01,7.844755249023437500e+02,7.368250732421875000e+02,7.841305136680603027e-01,7.827576904296875000e+02,7.359661865234375000e+02,6.549286842346191406e-01,7.904879760742187500e+02,7.308126831054687500e+02,8.392264246940612793e-01,7.640945434570312500e+02,6.511911010742187500e+02,4.333880615234375000e+01,8.795306396484375000e+01,0.000000000000000000e+00
1.600000000000000000e+01,5.800000000000000000e+01,7.725019531250000000e+02,6.499684448242187500e+02,9.260490536689758301e-01,7.753345947265625000e+02,6.480800170898437500e+02,9.493007063865661621e-01,7.715578002929687500e+02,6.471358642578125000e+02,9.056867957115173340e-01,7.800556030273437500e+02,6.490242309570312500e+02,9.089664816856384277e-01,7.706135864257812500e+02,6.490242309570312500e+02,7.765404582023620605e-01,7.838323974609375000e+02,6.594104614257812500e+02,8.916992545127868652e-01,7.715578002929687500e+02,6.603546752929687500e+02,8.947322964668273926e-01,7.885534057617187500e+02,6.745176391601562500e+02,9.243007898330688477e-01,7.696693725585937500e+02,6.726292724609375000e+02,7.532252669334411621e-01,7.743903808593750000e+02,6.811270751953125000e+02,8.515141606330871582e-01,7.668367919921875000e+02,6.792386474609375000e+02,6.684903502464294434e-01,7.809997558593750000e+02,6.877365112304687500e+02,8.519316911697387695e-01,7.753345947265625000e+02,6.877365112304687500e+02,8.609583377838134766e-01,7.753345947265625000e+02,7.094531250000000000e+02,8.530971407890319824e-01,7.753345947265625000e+02,7.094531250000000000e+02,7.913917303085327148e-01,7.800556030273437500e+02,7.340023193359375000e+02,8.780046701431274414e-01,7.800556030273437500e+02,7.330581665039062500e+02,8.167149424552917480e-01,7.753345947265625000e+02,6.414706420898437500e+02,8.865334391593933105e-01,7.762788085937500000e+02,6.556336669921875000e+02,9.491655826568603516e-01,7.781671752929687500e+02,6.877365112304687500e+02,9.581378698348999023e-01,7.725019531250000000e+02,7.396675415039062500e+02,8.751888871192932129e-01,7.725019531250000000e+02,7.387233276367187500e+02,7.935258746147155762e-01,7.743903808593750000e+02,7.406117553710937500e+02,9.520986676216125488e-01,7.725019531250000000e+02,7.368349609375000000e+02,7.567380666732788086e-01,7.828881835937500000e+02,7.377791748046875000e+02,9.196416735649108887e-01,7.838323974609375000e+02,7.349465332031250000e+02,7.898908853530883789e-01,7.600344848632812500e+02,6.464748535156250000e+02,3.720953369140625000e+01,9.668621826171875000e+01,0.000000000000000000e+00
1.600000000000000000e+01,5.900000000000000000e+01,7.694961547851562500e+02,6.494407958984375000e+02,9.270440936088562012e-01,7.714342651367187500e+02,6.475027465820312500e+02,9.488360285758972168e-01,7.685270996093750000e+02,6.475027465820312500e+02,9.273689389228820801e-01,7.762794799804687500e+02,6.494407958984375000e+02,9.175345897674560547e-01,7.685270996093750000e+02,6.484717407226562500e+02,7.457541823387145996e-01,7.801556396484375000e+02,6.601002807617187500e+02,9.326865077018737793e-01,7.694961547851562500e+02,6.601002807617187500e+02,8.993167877197265625e-01,7.859699096679687500e+02,6.746359252929687500e+02,8.884994387626647949e-01,7.675580444335937500e+02,6.717288208007812500e+02,7.301100492477416992e-01,7.714342651367187500e+02,6.814192504882812500e+02,8.733270168304443359e-01,7.646509399414062500e+02,6.785121459960937500e+02,6.272192597389221191e-01,7.772485351562500000e+02,6.882025756835937500e+02,8.730251789093017578e-01,7.733723144531250000e+02,6.882025756835937500e+02,8.592516183853149414e-01,7.704652099609375000e+02,7.095215454101562500e+02,8.597787022590637207e-01,7.772485351562500000e+02,7.104905395507812500e+02,8.502819538116455078e-01,7.724033203125000000e+02,7.347166748046875000e+02,7.988408803939819336e-01,7.791865844726562500e+02,7.337476196289062500e+02,7.600567936897277832e-01,7.724033203125000000e+02,6.416884765625000000e+02,9.193886518478393555e-01,7.733723144531250000e+02,6.552550659179687500e+02,9.373918771743774414e-01,7.762794799804687500e+02,6.872335205078125000e+02,9.415247440338134766e-01,7.636818847656250000e+02,7.395618896484375000e+02,8.286851048469543457e-01,7.646509399414062500e+02,7.405309448242187500e+02,7.863163948059082031e-01,7.665890502929687500e+02,7.414999389648437500e+02,8.201318383216857910e-01,7.646509399414062500e+02,7.395618896484375000e+02,7.718988656997680664e-01,7.782175292968750000e+02,7.385928344726562500e+02,6.871836185455322266e-01,7.811246948242187500e+02,7.376237792968750000e+02,6.622430086135864258e-01,7.606990356445312500e+02,6.448862915039062500e+02,3.406793212890625000e+01,9.923004150390625000e+01,0.000000000000000000e+00
1.600000000000000000e+01,6.000000000000000000e+01,7.659381103515625000e+02,6.494600219726562500e+02,9.093777537345886230e-01,7.688949584960937500e+02,6.474887695312500000e+02,9.113068580627441406e-01,7.649524536132812500e+02,6.474887695312500000e+02,9.339501261711120605e-01,7.728374633789062500e+02,6.484743652343750000e+02,9.137785434722900391e-01,7.649524536132812500e+02,6.484743652343750000e+02,7.190815806388854980e-01,7.777655639648437500e+02,6.603018798828125000e+02,9.146502614021301270e-01,7.659381103515625000e+02,6.603018798828125000e+02,9.293841719627380371e-01,7.826936645507812500e+02,6.750862426757812500e+02,9.147146940231323242e-01,7.639668579101562500e+02,6.731149902343750000e+02,8.150340914726257324e-01,7.688949584960937500e+02,6.809999389648437500e+02,8.863813877105712891e-01,7.610099487304687500e+02,6.800143432617187500e+02,8.884204030036926270e-01,7.767799682617187500e+02,6.878993530273437500e+02,8.573195338249206543e-01,7.698805541992187500e+02,6.878993530273437500e+02,8.607077002525329590e-01,7.669237060546875000e+02,7.105686645507812500e+02,7.324023842811584473e-01,7.748087158203125000e+02,7.105686645507812500e+02,7.459839582443237305e-01,7.629812011718750000e+02,7.352092895507812500e+02,7.258970737457275391e-01,7.797368164062500000e+02,7.332380371093750000e+02,7.018187642097473145e-01,7.698805541992187500e+02,6.415750122070312500e+02,9.359009861946105957e-01,7.708662109375000000e+02,6.553737182617187500e+02,9.649047851562500000e-01,7.738230590820312500e+02,6.878993530273437500e+02,9.468850493431091309e-01,7.708662109375000000e+02,7.401373901367187500e+02,4.326010942459106445e-01,7.550962524414062500e+02,7.401373901367187500e+02,5.400819778442382812e-01,7.728374633789062500e+02,7.401373901367187500e+02,4.852689802646636963e-01,7.560818481445312500e+02,7.391517333984375000e+02,5.457187294960021973e-01,7.826936645507812500e+02,7.391517333984375000e+02,5.445325374603271484e-01,7.826936645507812500e+02,7.381661376953125000e+02,5.540627837181091309e-01,7.540485229492187500e+02,6.448275756835937500e+02,3.856347656250000000e+01,1.009279174804687500e+02,0.000000000000000000e+00
1.600000000000000000e+01,6.100000000000000000e+01,7.629411621093750000e+02,6.500740966796875000e+02,9.393338561058044434e-01,7.649157104492187500e+02,6.480995483398437500e+02,9.575712084770202637e-01,7.619539184570312500e+02,6.480995483398437500e+02,9.306341409683227539e-01,7.698520507812500000e+02,6.490867919921875000e+02,9.315456151962280273e-01,7.619539184570312500e+02,6.490867919921875000e+02,7.302215099334716797e-01,7.747883911132812500e+02,6.609340209960937500e+02,9.465121626853942871e-01,7.619539184570312500e+02,6.619213256835937500e+02,9.438300728797912598e-01,7.797247314453125000e+02,6.767303466796875000e+02,9.217143654823303223e-01,7.599793701171875000e+02,6.747557983398437500e+02,8.015486598014831543e-01,7.659030151367187500e+02,6.826539306640625000e+02,8.945537805557250977e-01,7.570175781250000000e+02,6.816666870117187500e+02,8.752557039260864258e-01,7.728139038085937500e+02,6.905521240234375000e+02,8.665522933006286621e-01,7.688648071289062500e+02,6.905521240234375000e+02,8.921531438827514648e-01,7.629411621093750000e+02,7.122720336914062500e+02,8.887550234794616699e-01,7.747883911132812500e+02,7.122720336914062500e+02,8.081539869308471680e-01,7.560302734375000000e+02,7.369537353515625000e+02,8.970040678977966309e-01,7.807120361328125000e+02,7.349792480468750000e+02,8.979507088661193848e-01,7.659030151367187500e+02,6.421759033203125000e+02,9.112462401390075684e-01,7.668902587890625000e+02,6.559976806640625000e+02,9.282042980194091797e-01,7.708393554687500000e+02,6.895648193359375000e+02,9.350889921188354492e-01,7.471448974609375000e+02,7.379410400390625000e+02,9.130019545555114746e-01,7.728139038085937500e+02,7.409028320312500000e+02,9.155928492546081543e-01,7.481321411132812500e+02,7.399155883789062500e+02,8.612315654754638672e-01,7.728139038085937500e+02,7.399155883789062500e+02,8.588052988052368164e-01,7.570175781250000000e+02,7.418900756835937500e+02,8.872576951980590820e-01,7.826865844726562500e+02,7.389282836914062500e+02,9.119161367416381836e-01,7.465039062500000000e+02,6.464212036132812500e+02,4.768353271484375000e+01,1.010963745117187500e+02,0.000000000000000000e+00
1.600000000000000000e+01,6.200000000000000000e+01,7.586284179687500000e+02,6.510200805664062500e+02,9.397074580192565918e-01,7.616698608398437500e+02,6.489924926757812500e+02,9.434405565261840820e-01,7.586284179687500000e+02,6.489924926757812500e+02,9.310001134872436523e-01,7.667388305664062500e+02,6.510200805664062500e+02,9.079107642173767090e-01,7.586284179687500000e+02,6.500062866210937500e+02,6.550467610359191895e-01,7.707940673828125000e+02,6.621719360351562500e+02,9.517153501510620117e-01,7.576146240234375000e+02,6.621719360351562500e+02,9.297496676445007324e-01,7.778906860351562500e+02,6.763651123046875000e+02,9.686670899391174316e-01,7.545732421875000000e+02,6.743375244140625000e+02,9.117991328239440918e-01,7.657250366210937500e+02,6.844755249023437500e+02,8.718954324722290039e-01,7.535594482421875000e+02,6.834617309570312500e+02,9.333499073982238770e-01,7.707940673828125000e+02,6.915721435546875000e+02,8.934136033058166504e-01,7.647112426757812500e+02,6.915721435546875000e+02,8.335618376731872559e-01,7.596422119140625000e+02,7.128619995117187500e+02,8.961482644081115723e-01,7.738354492187500000e+02,7.128619995117187500e+02,8.207717537879943848e-01,7.495042114257812500e+02,7.371932373046875000e+02,9.294484257698059082e-01,7.809320678710937500e+02,7.351656494140625000e+02,8.888437151908874512e-01,7.636974487304687500e+02,6.439234619140625000e+02,9.180763363838195801e-01,7.636974487304687500e+02,6.571029052734375000e+02,9.360662102699279785e-01,7.677526245117187500e+02,6.915721435546875000e+02,9.976288080215454102e-01,7.403800048828125000e+02,7.371932373046875000e+02,8.901774883270263672e-01,7.728216552734375000e+02,7.412484130859375000e+02,8.727446794509887695e-01,7.413937988281250000e+02,7.392208251953125000e+02,9.023177027702331543e-01,7.738354492187500000e+02,7.402346191406250000e+02,8.855534791946411133e-01,7.505180053710937500e+02,7.422622680664062500e+02,9.232543706893920898e-01,7.829596557617187500e+02,7.392208251953125000e+02,9.399140477180480957e-01,7.416743774414062500e+02,6.452413940429687500e+02,4.708746337890625000e+01,1.038132934570312500e+02,0.000000000000000000e+00
1.600000000000000000e+01,6.300000000000000000e+01,7.551420288085937500e+02,6.519916992187500000e+02,9.410452246665954590e-01,7.571356201171875000e+02,6.499981079101562500e+02,9.340717196464538574e-01,7.551420288085937500e+02,6.499981079101562500e+02,9.592460393905639648e-01,7.631163940429687500e+02,6.519916992187500000e+02,9.154319167137145996e-01,7.541452636718750000e+02,6.509949340820312500e+02,6.275618672370910645e-01,7.681003417968750000e+02,6.639531860351562500e+02,9.346147179603576660e-01,7.561388549804687500e+02,6.639531860351562500e+02,9.189335703849792480e-01,7.750778808593750000e+02,6.779083251953125000e+02,9.354914426803588867e-01,7.531484375000000000e+02,6.769114990234375000e+02,7.912726998329162598e-01,7.631163940429687500e+02,6.868793945312500000e+02,8.926530480384826660e-01,7.511549072265625000e+02,6.858826293945312500e+02,7.971476912498474121e-01,7.671035766601562500e+02,6.938569946289062500e+02,9.180753827095031738e-01,7.621195678710937500e+02,6.938569946289062500e+02,8.868283033370971680e-01,7.551420288085937500e+02,7.157863769531250000e+02,8.464155793190002441e-01,7.720875244140625000e+02,7.157863769531250000e+02,8.217978477478027344e-01,7.451741333007812500e+02,7.397094116210937500e+02,9.189956188201904297e-01,7.800618286132812500e+02,7.357222290039062500e+02,9.275522828102111816e-01,7.601260375976562500e+02,6.440173950195312500e+02,9.287391304969787598e-01,7.611228027343750000e+02,6.589692382812500000e+02,9.790870547294616699e-01,7.651099853515625000e+02,6.938569946289062500e+02,9.755646586418151855e-01,7.352062377929687500e+02,7.387125854492187500e+02,8.803366422653198242e-01,7.720875244140625000e+02,7.426997680664062500e+02,8.927487134933471680e-01,7.362030029296875000e+02,7.407061767578125000e+02,9.082043170928955078e-01,7.730842895507812500e+02,7.417030029296875000e+02,8.565355539321899414e-01,7.451741333007812500e+02,7.446933593750000000e+02,8.473397493362426758e-01,7.830522460937500000e+02,7.397094116210937500e+02,9.685347080230712891e-01,7.384555664062500000e+02,6.473068237304687500e+02,5.231207275390625000e+01,1.020714721679687500e+02,0.000000000000000000e+00
1.600000000000000000e+01,6.400000000000000000e+01,7.509248657226562500e+02,6.527140502929687500e+02,9.041150212287902832e-01,7.538693847656250000e+02,6.507510986328125000e+02,8.882285952568054199e-01,7.519063720703125000e+02,6.507510986328125000e+02,9.177092313766479492e-01,7.597584228515625000e+02,6.536955566406250000e+02,8.652731776237487793e-01,7.519063720703125000e+02,6.517326049804687500e+02,6.015999317169189453e-01,7.636843872070312500e+02,6.644921264648437500e+02,9.142649769783020020e-01,7.519063720703125000e+02,6.644921264648437500e+02,9.064813852310180664e-01,7.715364379882812500e+02,6.792146606445312500e+02,9.266062378883361816e-01,7.479803466796875000e+02,6.782331542968750000e+02,8.838722705841064453e-01,7.627028808593750000e+02,6.890296630859375000e+02,9.313088655471801758e-01,7.440543823242187500e+02,6.860851440429687500e+02,6.268203258514404297e-01,7.627028808593750000e+02,6.949187011718750000e+02,9.020749330520629883e-01,7.587769165039062500e+02,6.959002075195312500e+02,8.811984062194824219e-01,7.509248657226562500e+02,7.165117187500000000e+02,8.612371087074279785e-01,7.695734252929687500e+02,7.174932250976562500e+02,8.675811290740966797e-01,7.430728759765625000e+02,7.420308227539062500e+02,9.026467800140380859e-01,7.793884277343750000e+02,7.361417846679687500e+02,9.130841493606567383e-01,7.568139038085937500e+02,6.458435668945312500e+02,9.328896403312683105e-01,7.568139038085937500e+02,6.595845947265625000e+02,9.503555297851562500e-01,7.607399291992187500e+02,6.949187011718750000e+02,9.440947771072387695e-01,7.332578125000000000e+02,7.430123291015625000e+02,8.851261734962463379e-01,7.734994506835937500e+02,7.439938354492187500e+02,9.602543115615844727e-01,7.342393188476562500e+02,7.449753417968750000e+02,8.831964135169982910e-01,7.734994506835937500e+02,7.430123291015625000e+02,8.827846646308898926e-01,7.440543823242187500e+02,7.469382934570312500e+02,9.326530098915100098e-01,7.823329467773437500e+02,7.390863037109375000e+02,8.799862861633300781e-01,7.338614501953125000e+02,6.490825805664062500e+02,5.473840332031250000e+01,1.005057983398437500e+02,0.000000000000000000e+00
1.600000000000000000e+01,6.500000000000000000e+01,7.481767578125000000e+02,6.537438964843750000e+02,8.963540792465209961e-01,7.501842041015625000e+02,6.517363891601562500e+02,9.053635597229003906e-01,7.481767578125000000e+02,6.517363891601562500e+02,8.519046306610107422e-01,7.562066040039062500e+02,6.537438964843750000e+02,9.244881868362426758e-01,7.552028808593750000e+02,6.537438964843750000e+02,6.578018069267272949e-01,7.592177734375000000e+02,6.647849121093750000e+02,9.221367239952087402e-01,7.471730346679687500e+02,6.657886352539062500e+02,8.946794271469116211e-01,7.692551269531250000e+02,6.798408813476562500e+02,9.300584197044372559e-01,7.451655273437500000e+02,6.778334350585937500e+02,8.741095066070556641e-01,7.612252807617187500e+02,6.928894042968750000e+02,9.013003706932067871e-01,7.401469116210937500e+02,6.868670043945312500e+02,8.005405664443969727e-01,7.582140502929687500e+02,6.969043579101562500e+02,8.952478170394897461e-01,7.541991577148437500e+02,6.969043579101562500e+02,9.232109785079956055e-01,7.461693115234375000e+02,7.179827270507812500e+02,8.886122703552246094e-01,7.642364501953125000e+02,7.179827270507812500e+02,8.905215263366699219e-01,7.401469116210937500e+02,7.450834960937500000e+02,9.021255970001220703e-01,7.782886962890625000e+02,7.360499267578125000e+02,8.938192725181579590e-01,7.531954345703125000e+02,6.467177734375000000e+02,8.267385959625244141e-01,7.531954345703125000e+02,6.597662353515625000e+02,9.073432087898254395e-01,7.562066040039062500e+02,6.969043579101562500e+02,9.544768929481506348e-01,7.311132812500000000e+02,7.480946655273437500e+02,9.061079621315002441e-01,7.732700195312500000e+02,7.460872192382812500e+02,8.965913057327270508e-01,7.331207885742187500e+02,7.490983886718750000e+02,9.089214801788330078e-01,7.732700195312500000e+02,7.450834960937500000e+02,8.991780281066894531e-01,7.421543579101562500e+02,7.490983886718750000e+02,8.878410458564758301e-01,7.812999267578125000e+02,7.390610961914062500e+02,9.063245058059692383e-01,7.343052978515625000e+02,6.500300903320312500e+02,5.082873535156250000e+01,1.027821044921875000e+02,0.000000000000000000e+00
1.600000000000000000e+01,6.600000000000000000e+01,7.433280029296875000e+02,6.533861083984375000e+02,8.966163396835327148e-01,7.466041259765625000e+02,6.512019653320312500e+02,8.887995481491088867e-01,7.444200439453125000e+02,6.512019653320312500e+02,9.018571972846984863e-01,7.509723510742187500e+02,6.533861083984375000e+02,9.267630577087402344e-01,7.498803100585937500e+02,6.533861083984375000e+02,7.654512524604797363e-01,7.553405151367187500e+02,6.653986206054687500e+02,9.211511015892028809e-01,7.433280029296875000e+02,6.643065795898437500e+02,8.997684121131896973e-01,7.651689453125000000e+02,6.806872558593750000e+02,9.062408208847045898e-01,7.400518798828125000e+02,6.785031738281250000e+02,9.391473531723022461e-01,7.586166381835937500e+02,6.948839111328125000e+02,8.983458280563354492e-01,7.345916137695312500e+02,6.872395629882812500e+02,8.860062360763549805e-01,7.531564331054687500e+02,6.970679931640625000e+02,8.913248777389526367e-01,7.487882690429687500e+02,6.970679931640625000e+02,8.851408958435058594e-01,7.422359619140625000e+02,7.178168945312500000e+02,8.746882081031799316e-01,7.586166381835937500e+02,7.200009765625000000e+02,9.296072125434875488e-01,7.400518798828125000e+02,7.462100830078125000e+02,8.696158528327941895e-01,7.749973754882812500e+02,7.374737548828125000e+02,9.127591252326965332e-01,7.487882690429687500e+02,6.468338012695312500e+02,8.968081474304199219e-01,7.498803100585937500e+02,6.599383544921875000e+02,9.501358270645141602e-01,7.509723510742187500e+02,6.959759521484375000e+02,9.431164860725402832e-01,7.302234497070312500e+02,7.505783081054687500e+02,8.825997114181518555e-01,7.717212524414062500e+02,7.473021850585937500e+02,9.026098251342773438e-01,7.324075317382812500e+02,7.516703491210937500e+02,9.136278629302978516e-01,7.717212524414062500e+02,7.462100830078125000e+02,9.133008718490600586e-01,7.422359619140625000e+02,7.494862670898437500e+02,8.927341699600219727e-01,7.793655395507812500e+02,7.385657958984375000e+02,8.403982520103454590e-01,7.255811157226562500e+02,6.438852539062500000e+02,5.624267578125000000e+01,1.118256225585937500e+02,0.000000000000000000e+00
1.600000000000000000e+01,6.700000000000000000e+01,7.393629150390625000e+02,6.515758056640625000e+02,9.328105449676513672e-01,7.415046386718750000e+02,6.505049438476562500e+02,9.267174005508422852e-01,7.393629150390625000e+02,6.494340820312500000e+02,9.434784054756164551e-01,7.468589477539062500e+02,6.526466674804687500e+02,9.348928332328796387e-01,7.393629150390625000e+02,6.515758056640625000e+02,6.287291049957275391e-01,7.500714721679687500e+02,6.644260864257812500e+02,8.985716104507446289e-01,7.372211914062500000e+02,6.644260864257812500e+02,8.850550651550292969e-01,7.607800903320312500e+02,6.804889526367187500e+02,9.147728085517883301e-01,7.361503906250000000e+02,6.794180908203125000e+02,9.047327637672424316e-01,7.586383666992187500e+02,6.954809570312500000e+02,8.468192219734191895e-01,7.297252197265625000e+02,6.901266479492187500e+02,8.766247630119323730e-01,7.490006713867187500e+02,6.965518188476562500e+02,8.698126673698425293e-01,7.436463623046875000e+02,6.965518188476562500e+02,8.841034770011901855e-01,7.393629150390625000e+02,7.179689331054687500e+02,8.118863105773925781e-01,7.511423339843750000e+02,7.201106567382812500e+02,8.943243622779846191e-01,7.382920532226562500e+02,7.468820800781250000e+02,8.212120532989501953e-01,7.704177856445312500e+02,7.351026611328125000e+02,8.279674649238586426e-01,7.447172241210937500e+02,6.451506958007812500e+02,9.444304704666137695e-01,7.436463623046875000e+02,6.590718383789062500e+02,9.377307295799255371e-01,7.468589477539062500e+02,6.954809570312500000e+02,9.437202215194702148e-01,7.286543579101562500e+02,7.511655273437500000e+02,7.296065688133239746e-01,7.704177856445312500e+02,7.468820800781250000e+02,4.797631800174713135e-01,7.307960815429687500e+02,7.522363281250000000e+02,7.533075809478759766e-01,7.704177856445312500e+02,7.458112182617187500e+02,5.361393690109252930e-01,7.415046386718750000e+02,7.511655273437500000e+02,7.762326598167419434e-01,7.736303710937500000e+02,7.361735229492187500e+02,5.361285209655761719e-01,7.223522949218750000e+02,6.454719238281250000e+02,5.436755371093750000e+01,1.096557006835937500e+02,0.000000000000000000e+00
1.600000000000000000e+01,6.800000000000000000e+01,7.329902954101562500e+02,6.510266113281250000e+02,9.135380983352661133e-01,7.352513427734375000e+02,6.498961181640625000e+02,9.288215637207031250e-01,7.329902954101562500e+02,6.498961181640625000e+02,9.285440444946289062e-01,7.409038085937500000e+02,6.521571044921875000e+02,9.446101784706115723e-01,7.397733154296875000e+02,6.521571044921875000e+02,6.676465272903442383e-01,7.442953491210937500e+02,6.645926513671875000e+02,8.998067378997802734e-01,7.329902954101562500e+02,6.634621582031250000e+02,8.714401721954345703e-01,7.544698486328125000e+02,6.792891845703125000e+02,8.567163944244384766e-01,7.318598022460937500e+02,6.804196777343750000e+02,8.158419132232666016e-01,7.578613891601562500e+02,6.962467041015625000e+02,8.393234610557556152e-01,7.273377685546875000e+02,6.917247314453125000e+02,8.250256776809692383e-01,7.442953491210937500e+02,6.962467041015625000e+02,8.328083157539367676e-01,7.375123291015625000e+02,6.962467041015625000e+02,8.282743096351623535e-01,7.375123291015625000e+02,7.199873046875000000e+02,8.725233674049377441e-01,7.442953491210937500e+02,7.211177978515625000e+02,8.396146893501281738e-01,7.375123291015625000e+02,7.482498779296875000e+02,8.797748088836669922e-01,7.646444091796875000e+02,7.358143310546875000e+02,8.640783429145812988e-01,7.386428222656250000e+02,6.453740844726562500e+02,9.068439006805419922e-01,7.386428222656250000e+02,6.589401245117187500e+02,8.958626389503479004e-01,7.409038085937500000e+02,6.951162109375000000e+02,9.405367374420166016e-01,7.273377685546875000e+02,7.527719116210937500e+02,8.422874808311462402e-01,7.646444091796875000e+02,7.471193847656250000e+02,6.736179590225219727e-01,7.295988159179687500e+02,7.550328979492187500e+02,8.123533725738525391e-01,7.635139160156250000e+02,7.459888916015625000e+02,7.250576019287109375e-01,7.397733154296875000e+02,7.527719116210937500e+02,8.360494971275329590e-01,7.680358886718750000e+02,7.346838378906250000e+02,7.230160832405090332e-01,7.199542846679687500e+02,6.423217163085937500e+02,4.981256103515625000e+01,1.157635498046875000e+02,0.000000000000000000e+00
1.600000000000000000e+01,6.900000000000000000e+01,7.269603271484375000e+02,6.501107788085937500e+02,9.282488226890563965e-01,7.303524780273437500e+02,6.478493652343750000e+02,9.469916224479675293e-01,7.280910644531250000e+02,6.478493652343750000e+02,9.172807335853576660e-01,7.360059814453125000e+02,6.512415161132812500e+02,9.514377713203430176e-01,7.360059814453125000e+02,6.512415161132812500e+02,6.726446151733398438e-01,7.393981323242187500e+02,6.636793212890625000e+02,8.774980306625366211e-01,7.280910644531250000e+02,6.614179077148437500e+02,8.200240731239318848e-01,7.495744628906250000e+02,6.783784790039062500e+02,8.402804732322692871e-01,7.258295898437500000e+02,6.783784790039062500e+02,6.613206267356872559e-01,7.552280273437500000e+02,6.942084350585937500e+02,8.591386079788208008e-01,7.258295898437500000e+02,6.919470214843750000e+02,6.168692111968994141e-01,7.416595458984375000e+02,6.964698486328125000e+02,8.130517005920410156e-01,7.326138916015625000e+02,6.964698486328125000e+02,7.453967928886413574e-01,7.360059814453125000e+02,7.213453979492187500e+02,8.517323732376098633e-01,7.360059814453125000e+02,7.202147216796875000e+02,7.947199344635009766e-01,7.360059814453125000e+02,7.496130981445312500e+02,8.978176116943359375e-01,7.563587646484375000e+02,7.371752929687500000e+02,9.008063673973083496e-01,7.337445678710937500e+02,6.433265380859375000e+02,8.670325875282287598e-01,7.337445678710937500e+02,6.568950195312500000e+02,8.921099305152893066e-01,7.371367187500000000e+02,6.964698486328125000e+02,9.105916023254394531e-01,7.269603271484375000e+02,7.541359252929687500e+02,7.926073670387268066e-01,7.563587646484375000e+02,7.484824218750000000e+02,7.157155275344848633e-01,7.280910644531250000e+02,7.552666625976562500e+02,7.997772097587585449e-01,7.563587646484375000e+02,7.473516845703125000e+02,7.320168614387512207e-01,7.393981323242187500e+02,7.541359252929687500e+02,8.119001388549804688e-01,7.597508544921875000e+02,7.360446166992187500e+02,8.229582309722900391e-01,7.171738891601562500e+02,6.402736816406250000e+02,4.784057617187500000e+01,1.157844848632812500e+02,0.000000000000000000e+00
1.600000000000000000e+01,7.000000000000000000e+01,7.215602416992187500e+02,6.499356079101562500e+02,9.437247514724731445e-01,7.238740844726562500e+02,6.476217651367187500e+02,9.336265921592712402e-01,7.215602416992187500e+02,6.476217651367187500e+02,9.288434386253356934e-01,7.296587524414062500e+02,6.499356079101562500e+02,9.337537288665771484e-01,7.285018310546875000e+02,6.487786865234375000e+02,5.874660015106201172e-01,7.331295166015625000e+02,6.615048828125000000e+02,8.866009116172790527e-01,7.215602416992187500e+02,6.615048828125000000e+02,7.989200949668884277e-01,7.435418701171875000e+02,6.788588256835937500e+02,8.523384332656860352e-01,7.215602416992187500e+02,6.788588256835937500e+02,6.645630002021789551e-01,7.504834594726562500e+02,6.938988647460937500e+02,8.435159325599670410e-01,7.215602416992187500e+02,6.938988647460937500e+02,6.433295011520385742e-01,7.377572631835937500e+02,6.962127075195312500e+02,8.363664746284484863e-01,7.296587524414062500e+02,6.973696289062500000e+02,7.674126625061035156e-01,7.308156738281250000e+02,7.193512573242187500e+02,7.914757132530212402e-01,7.285018310546875000e+02,7.216651611328125000e+02,7.925515174865722656e-01,7.342864379882812500e+02,7.505883178710937500e+02,9.315801858901977539e-01,7.470126342773437500e+02,7.390190429687500000e+02,8.431677818298339844e-01,7.273449096679687500e+02,6.418370971679687500e+02,8.850399851799011230e-01,7.273449096679687500e+02,6.557202758789062500e+02,9.226683974266052246e-01,7.331295166015625000e+02,6.962127075195312500e+02,9.130270481109619141e-01,7.250310058593750000e+02,7.563729858398437500e+02,7.317098379135131836e-01,7.458557128906250000e+02,7.505883178710937500e+02,6.935152411460876465e-01,7.273449096679687500e+02,7.563729858398437500e+02,7.539272308349609375e-01,7.458557128906250000e+02,7.505883178710937500e+02,8.059537410736083984e-01,7.377572631835937500e+02,7.540591430664062500e+02,6.985500454902648926e-01,7.504834594726562500e+02,7.401759643554687500e+02,7.265138626098632812e-01,7.132379760742187500e+02,6.387133789062500000e+02,4.788159179687500000e+01,1.184694213867187500e+02,0.000000000000000000e+00
1.600000000000000000e+01,7.100000000000000000e+01,7.144967041015625000e+02,6.483513793945312500e+02,9.209523200988769531e-01,7.180017700195312500e+02,6.471829833984375000e+02,9.310243129730224609e-01,7.156650390625000000e+02,6.460146484375000000e+02,9.122932553291320801e-01,7.226752319335937500e+02,6.483513793945312500e+02,9.285721778869628906e-01,7.226752319335937500e+02,6.483513793945312500e+02,5.751377940177917480e-01,7.273486938476562500e+02,6.623717041015625000e+02,8.905565738677978516e-01,7.168334350585937500e+02,6.612033691406250000e+02,9.066578149795532227e-01,7.378639526367187500e+02,6.787288208007812500e+02,9.057109355926513672e-01,7.168334350585937500e+02,6.798971557617187500e+02,7.540826201438903809e-01,7.448741455078125000e+02,6.939174804687500000e+02,9.146646857261657715e-01,7.168334350585937500e+02,6.939174804687500000e+02,7.329337000846862793e-01,7.320221557617187500e+02,6.974226074218750000e+02,8.756608963012695312e-01,7.238435668945312500e+02,6.985909423828125000e+02,8.547196984291076660e-01,7.331904907226562500e+02,7.242949218750000000e+02,9.158536791801452637e-01,7.191701660156250000e+02,7.219581909179687500e+02,9.154227375984191895e-01,7.343588867187500000e+02,7.511672973632812500e+02,8.055976033210754395e-01,7.366955566406250000e+02,7.418203735351562500e+02,8.745386004447937012e-01,7.215068359375000000e+02,6.401727905273437500e+02,9.172093272209167480e-01,7.215068359375000000e+02,6.553615112304687500e+02,9.087033271789550781e-01,7.273486938476562500e+02,6.974226074218750000e+02,9.204761385917663574e-01,7.238435668945312500e+02,7.570090942382812500e+02,9.342997670173645020e-01,7.331904907226562500e+02,7.511672973632812500e+02,6.619642972946166992e-01,7.273486938476562500e+02,7.570090942382812500e+02,8.654948472976684570e-01,7.331904907226562500e+02,7.499989013671875000e+02,6.993323564529418945e-01,7.366955566406250000e+02,7.546723632812500000e+02,8.293205499649047852e-01,7.402006835937500000e+02,7.429887695312500000e+02,8.617478013038635254e-01,7.055077514648437500e+02,6.405233764648437500e+02,4.485015869140625000e+01,1.196403198242187500e+02,0.000000000000000000e+00
1.600000000000000000e+01,7.200000000000000000e+01,7.080581665039062500e+02,6.496346435546875000e+02,9.537419676780700684e-01,7.103951416015625000e+02,6.472977294921875000e+02,9.426028728485107422e-01,7.080581665039062500e+02,6.472977294921875000e+02,9.327376484870910645e-01,7.174059448242187500e+02,6.496346435546875000e+02,9.263331890106201172e-01,7.162374877929687500e+02,6.496346435546875000e+02,7.253460884094238281e-01,7.220797729492187500e+02,6.624877929687500000e+02,9.427880048751831055e-01,7.103951416015625000e+02,6.624877929687500000e+02,8.871938586235046387e-01,7.325960083007812500e+02,6.800148315429687500e+02,8.958646655082702637e-01,7.115635986328125000e+02,6.800148315429687500e+02,8.414475321769714355e-01,7.372698974609375000e+02,6.963734130859375000e+02,8.849289417266845703e-01,7.115635986328125000e+02,6.963734130859375000e+02,6.286790966987609863e-01,7.267536621093750000e+02,6.998787841796875000e+02,9.158155322074890137e-01,7.174059448242187500e+02,6.998787841796875000e+02,9.307368993759155273e-01,7.302590942382812500e+02,7.244166259765625000e+02,9.550339579582214355e-01,7.115635986328125000e+02,7.220797119140625000e+02,9.678505063056945801e-01,7.325960083007812500e+02,7.501229248046875000e+02,7.846406698226928711e-01,7.244167480468750000e+02,7.454490966796875000e+02,7.481296062469482422e-01,7.150689697265625000e+02,6.391184692382812500e+02,9.566082954406738281e-01,7.150689697265625000e+02,6.566454467773437500e+02,9.423241019248962402e-01,7.220797729492187500e+02,6.987103271484375000e+02,9.531216025352478027e-01,7.197428588867187500e+02,7.571337280273437500e+02,8.819977641105651855e-01,7.197428588867187500e+02,7.559652709960937500e+02,7.636626958847045898e-01,7.232482910156250000e+02,7.583022460937500000e+02,8.314161300659179688e-01,7.197428588867187500e+02,7.547968139648437500e+02,7.629371285438537598e-01,7.349329833984375000e+02,7.559652709960937500e+02,8.198744654655456543e-01,7.267536621093750000e+02,7.489544677734375000e+02,5.847774744033813477e-01,6.970219116210937500e+02,6.383005371093750000e+02,4.427343750000000000e+01,1.196511230468750000e+02,0.000000000000000000e+00
1.600000000000000000e+01,7.300000000000000000e+01,7.017031860351562500e+02,6.495643920898437500e+02,9.437522292137145996e-01,7.039832153320312500e+02,6.472843017578125000e+02,9.449535012245178223e-01,7.017031860351562500e+02,6.472843017578125000e+02,9.172518849372863770e-01,7.096833496093750000e+02,6.507044067382812500e+02,9.410601258277893066e-01,7.085432739257812500e+02,6.507044067382812500e+02,7.784754037857055664e-01,7.153834228515625000e+02,6.643846435546875000e+02,9.451520442962646484e-01,7.039832153320312500e+02,6.632446289062500000e+02,9.342045783996582031e-01,7.256436767578125000e+02,6.814850463867187500e+02,8.927882313728332520e-01,7.074032592773437500e+02,6.814850463867187500e+02,8.354768157005310059e-01,7.302037353515625000e+02,6.985853881835937500e+02,9.042033553123474121e-01,7.085432739257812500e+02,6.963052978515625000e+02,8.162189126014709473e-01,7.210835571289062500e+02,7.020054321289062500e+02,8.719821572303771973e-01,7.108233642578125000e+02,7.020054321289062500e+02,9.291277527809143066e-01,7.267836914062500000e+02,7.270859375000000000e+02,9.145727753639221191e-01,7.051232299804687500e+02,7.236658935546875000e+02,9.124630689620971680e-01,7.302037353515625000e+02,7.533065185546875000e+02,8.813533782958984375e-01,7.131033935546875000e+02,7.510264282226562500e+02,8.720197677612304688e-01,7.085432739257812500e+02,6.415841674804687500e+02,9.412643313407897949e-01,7.096833496093750000e+02,6.575445556640625000e+02,9.081112742424011230e-01,7.153834228515625000e+02,7.008654174804687500e+02,9.607601165771484375e-01,7.199435424804687500e+02,7.590066528320312500e+02,8.869473934173583984e-01,7.039832153320312500e+02,7.601466674804687500e+02,8.788408637046813965e-01,7.245036621093750000e+02,7.601466674804687500e+02,8.953843116760253906e-01,7.039832153320312500e+02,7.578665771484375000e+02,8.754233717918395996e-01,7.324838256835937500e+02,7.578665771484375000e+02,9.005177021026611328e-01,7.153834228515625000e+02,7.555865478515625000e+02,8.773202300071716309e-01,6.896505126953125000e+02,6.419262084960937500e+02,4.576574707031250000e+01,1.167384033203125000e+02,0.000000000000000000e+00
1.600000000000000000e+01,7.400000000000000000e+01,6.941087036132812500e+02,6.517158813476562500e+02,9.036273360252380371e-01,6.975509643554687500e+02,6.494210815429687500e+02,9.262767434120178223e-01,6.952561035156250000e+02,6.494210815429687500e+02,8.719123005867004395e-01,7.032880859375000000e+02,6.528633422851562500e+02,8.857638239860534668e-01,7.032880859375000000e+02,6.517158813476562500e+02,6.529324650764465332e-01,7.090251464843750000e+02,6.666323852539062500e+02,9.194045662879943848e-01,6.975509643554687500e+02,6.666323852539062500e+02,8.782234191894531250e-01,7.182045288085937500e+02,6.849910888671875000e+02,8.864588141441345215e-01,6.998458251953125000e+02,6.826962280273437500e+02,8.109468221664428711e-01,7.216467895507812500e+02,7.022023925781250000e+02,9.145654439926147461e-01,6.918138427734375000e+02,6.872859497070312500e+02,5.570202469825744629e-01,7.136148681640625000e+02,7.044972534179687500e+02,8.592536449432373047e-01,7.055828857421875000e+02,7.033497924804687500e+02,8.152323961257934570e-01,7.239416503906250000e+02,7.285930786132812500e+02,9.024917483329772949e-01,6.964035644531250000e+02,7.262982177734375000e+02,8.418943285942077637e-01,7.296787109375000000e+02,7.538363037109375000e+02,7.123822569847106934e-01,6.998458251953125000e+02,7.538363037109375000e+02,6.327064633369445801e-01,7.021406250000000000e+02,6.436839599609375000e+02,9.125084877014160156e-01,7.021406250000000000e+02,6.597478637695312500e+02,9.270806312561035156e-01,7.101726074218750000e+02,7.022023925781250000e+02,9.240164160728454590e-01,7.193519287109375000e+02,7.607208251953125000e+02,7.029169797897338867e-01,6.906664428710937500e+02,7.618682250976562500e+02,5.291969776153564453e-01,7.227941894531250000e+02,7.618682250976562500e+02,6.828258633613586426e-01,6.918138427734375000e+02,7.607208251953125000e+02,5.943523645401000977e-01,7.319735717773437500e+02,7.595734252929687500e+02,7.210189700126647949e-01,7.032880859375000000e+02,7.607208251953125000e+02,5.321820378303527832e-01,6.869895019531250000e+02,6.451755981445312500e+02,4.521875000000000000e+01,1.174958496093750000e+02,0.000000000000000000e+00
1.600000000000000000e+01,7.500000000000000000e+01,6.874575805664062500e+02,6.539138183593750000e+02,9.107114076614379883e-01,6.897412719726562500e+02,6.522343750000000000e+02,9.274179935455322266e-01,6.869226074218750000e+02,6.522352294921875000e+02,9.029207229614257812e-01,6.959912109375000000e+02,6.545161132812500000e+02,9.293577671051025391e-01,6.950109863281250000e+02,6.545391235351562500e+02,7.587096691131591797e-01,7.016989746093750000e+02,6.687637939453125000e+02,9.474270343780517578e-01,6.914838867187500000e+02,6.676147460937500000e+02,8.654327392578125000e-01,7.096956787109375000e+02,6.874962158203125000e+02,8.941866159439086914e-01,6.931680908203125000e+02,6.875699462890625000e+02,8.458639383316040039e-01,7.108458862304687500e+02,7.051668701171875000e+02,8.639681339263916016e-01,6.897417602539062500e+02,7.041094970703125000e+02,7.676850557327270508e-01,7.078889160156250000e+02,7.045642089843750000e+02,8.079081177711486816e-01,6.988532104492187500e+02,7.045814208984375000e+02,8.303148746490478516e-01,6.885537109375000000e+02,7.281669921875000000e+02,5.622459650039672852e-01,7.186630859375000000e+02,7.305757446289062500e+02,2.700635790824890137e-01,6.873493652343750000e+02,7.594807739257812500e+02,8.499411940574645996e-01,7.270937500000000000e+02,7.582763671875000000e+02,6.885466575622558594e-01,6.937893066406250000e+02,6.453766479492187500e+02,9.267551898956298828e-01,6.954515380859375000e+02,6.619073486328125000e+02,9.242007136344909668e-01,7.033854370117187500e+02,7.034304199218750000e+02,8.740474581718444824e-01,6.754766845703125000e+02,7.615664062500000000e+02,7.511228322982788086e-01,7.171589355468750000e+02,7.627518310546875000e+02,6.368249654769897461e-01,6.766207275390625000e+02,7.631805419921875000e+02,7.484697699546813965e-01,7.174587402343750000e+02,7.606851196289062500e+02,6.621580123901367188e-01,6.897431640625000000e+02,7.636696166992187500e+02,7.243068218231201172e-01,7.307068481445312500e+02,7.606851196289062500e+02,7.036046981811523438e-01,6.737274780273437500e+02,6.454264526367187500e+02,5.253564453125000000e+01,1.233280639648437500e+02,0.000000000000000000e+00
1.600000000000000000e+01,7.600000000000000000e+01,6.786972656250000000e+02,6.570770263671875000e+02,9.324902296066284180e-01,6.822233276367187500e+02,6.535509033203125000e+02,9.426783323287963867e-01,6.798726196289062500e+02,6.535509033203125000e+02,9.109539389610290527e-01,6.892755126953125000e+02,6.570770263671875000e+02,8.861445188522338867e-01,6.892755126953125000e+02,6.570770263671875000e+02,7.238718271255493164e-01,6.939769287109375000e+02,6.700059814453125000e+02,9.272214770317077637e-01,6.845740966796875000e+02,6.700059814453125000e+02,8.976701498031616211e-01,7.010291137695312500e+02,6.899871215820312500e+02,8.498286008834838867e-01,6.857494506835937500e+02,6.911624755859375000e+02,7.974352240562438965e-01,6.975030517578125000e+02,7.076174926757812500e+02,8.757050633430480957e-01,6.822233276367187500e+02,7.064421386718750000e+02,8.798722624778747559e-01,6.986784057617187500e+02,7.064421386718750000e+02,7.679890990257263184e-01,6.939769287109375000e+02,7.064421386718750000e+02,5.818422436714172363e-01,6.798726196289062500e+02,7.299493408203125000e+02,8.937341570854187012e-01,7.151334228515625000e+02,7.311246948242187500e+02,8.155662417411804199e-01,6.751712036132812500e+02,7.616840820312500000e+02,9.176314473152160645e-01,7.245363159179687500e+02,7.569826660156250000e+02,8.646395802497863770e-01,6.857494506835937500e+02,6.476741333007812500e+02,8.712887763977050781e-01,6.881001586914062500e+02,6.641291503906250000e+02,9.541123509407043457e-01,6.975030517578125000e+02,7.052667846679687500e+02,8.865863084793090820e-01,6.634176025390625000e+02,7.628594360351562500e+02,8.466018438339233398e-01,7.151334228515625000e+02,7.652101440429687500e+02,8.947516679763793945e-01,6.645929565429687500e+02,7.640347900390625000e+02,8.657398223876953125e-01,7.163087768554687500e+02,7.640347900390625000e+02,8.227131366729736328e-01,6.775219116210937500e+02,7.663854980468750000e+02,8.726123571395874023e-01,7.268870239257812500e+02,7.616840820312500000e+02,8.439157605171203613e-01,6.681712646484375000e+02,6.503774414062500000e+02,5.513739013671875000e+01,1.203569335937500000e+02,0.000000000000000000e+00
1.600000000000000000e+01,7.900000000000000000e+01,6.497226562500000000e+02,6.589517822265625000e+02,9.235512018203735352e-01,6.526375732421875000e+02,6.560491333007812500e+02,9.294874668121337891e-01,6.502388916015625000e+02,6.560474853515625000e+02,8.908934593200683594e-01,6.606554565429687500e+02,6.584482421875000000e+02,9.146980047225952148e-01,6.601486206054687500e+02,6.572767333984375000e+02,8.129391670227050781e-01,6.659599609375000000e+02,6.717684936523437500e+02,9.198611974716186523e-01,6.596563720703125000e+02,6.724688720703125000e+02,8.720519542694091797e-01,6.748391113281250000e+02,6.934737548828125000e+02,9.161882996559143066e-01,6.649762573242187500e+02,6.922750244140625000e+02,9.055706262588500977e-01,6.630526733398437500e+02,7.086889648437500000e+02,8.968783617019653320e-01,6.567631835937500000e+02,7.040998535156250000e+02,8.464406728744506836e-01,6.748708496093750000e+02,7.127951660156250000e+02,8.350641131401062012e-01,6.678903198242187500e+02,7.128004150390625000e+02,7.391144633293151855e-01,6.847597656250000000e+02,7.396258544921875000e+02,5.893025994300842285e-01,6.548565673828125000e+02,7.362001953125000000e+02,6.456953883171081543e-01,7.065657348632812500e+02,7.567792968750000000e+02,5.558342337608337402e-01,6.584511718750000000e+02,7.700295410156250000e+02,6.241269111633300781e-01,6.581979980468750000e+02,6.487959594726562500e+02,9.241604804992675781e-01,6.601500244140625000e+02,6.659588623046875000e+02,9.240244626998901367e-01,6.724575195312500000e+02,7.110850830078125000e+02,8.843510150909423828e-01,7.054096069335937500e+02,7.716956787109375000e+02,7.053083181381225586e-01,6.476008911132812500e+02,7.738698120117187500e+02,6.176247596740722656e-01,7.079145507812500000e+02,7.704425048828125000e+02,6.917472481727600098e-01,6.482956542968750000e+02,7.738847656250000000e+02,6.604558229446411133e-01,7.126367187500000000e+02,7.571473388671875000e+02,8.369256854057312012e-01,6.615062255859375000e+02,7.737302246093750000e+02,6.576114892959594727e-01,6.313330078125000000e+02,6.442457885742187500e+02,8.383886718750000000e+01,1.415069580078125000e+02,0.000000000000000000e+00
1.600000000000000000e+01,8.000000000000000000e+01,6.406992187500000000e+02,6.576700439453125000e+02,9.402237534523010254e-01,6.434031982421875000e+02,6.554192504882812500e+02,9.426516890525817871e-01,6.411273803710937500e+02,6.549683837890625000e+02,9.079945087432861328e-01,6.511898803710937500e+02,6.585391845703125000e+02,9.362003803253173828e-01,6.507247924804687500e+02,6.585482177734375000e+02,7.489255666732788086e-01,6.566791381835937500e+02,6.721329345703125000e+02,9.198712110519409180e-01,6.468437500000000000e+02,6.724593505859375000e+02,8.710789680480957031e-01,6.668297119140625000e+02,6.930582275390625000e+02,9.193036556243896484e-01,6.495477905273437500e+02,6.930584716796875000e+02,8.563815355300903320e-01,6.512620239257812500e+02,7.039561767578125000e+02,8.673497438430786133e-01,6.402354125976562500e+02,7.020986328125000000e+02,8.360607624053955078e-01,6.675027465820312500e+02,7.121401367187500000e+02,8.635940551757812500e-01,6.566696777343750000e+02,7.129354858398437500e+02,8.592060804367065430e-01,6.702673339843750000e+02,7.417359619140625000e+02,8.485332727432250977e-01,6.473024902343750000e+02,7.390103149414062500e+02,8.365588188171386719e-01,6.964365844726562500e+02,7.540935668945312500e+02,8.210917115211486816e-01,6.546268310546875000e+02,7.704869384765625000e+02,7.355444431304931641e-01,6.502327270507812500e+02,6.493150634765625000e+02,9.107168912887573242e-01,6.504046020507812500e+02,6.658609008789062500e+02,9.337534904479980469e-01,6.620845947265625000e+02,7.114113769531250000e+02,9.254492521286010742e-01,6.996992797851562500e+02,7.683681640625000000e+02,6.960871219635009766e-01,6.447496337890625000e+02,7.774057617187500000e+02,6.964075565338134766e-01,7.011032104492187500e+02,7.664622802734375000e+02,6.998439431190490723e-01,6.447507934570312500e+02,7.755170898437500000e+02,7.375162839889526367e-01,7.017694091796875000e+02,7.513966064453125000e+02,7.320796847343444824e-01,6.585725708007812500e+02,7.737323608398437500e+02,6.422104239463806152e-01,6.215605468750000000e+02,6.459674682617187500e+02,8.015881347656250000e+01,1.385651245117187500e+02,0.000000000000000000e+00
1.600000000000000000e+01,8.100000000000000000e+01,6.309360961914062500e+02,6.562864990234375000e+02,8.901411890983581543e-01,6.340941162109375000e+02,6.544232788085937500e+02,8.950662612915039062e-01,6.314993896484375000e+02,6.536929931640625000e+02,8.559370040893554688e-01,6.411419677734375000e+02,6.568518676757812500e+02,9.001846313476562500e-01,6.385498046875000000e+02,6.568341064453125000e+02,6.233165860176086426e-01,6.474604492187500000e+02,6.702226562500000000e+02,8.981158137321472168e-01,6.367096557617187500e+02,6.714831542968750000e+02,8.854490518569946289e-01,6.583842773437500000e+02,6.900703125000000000e+02,9.227412939071655273e-01,6.385494384765625000e+02,6.913524169921875000e+02,8.936752080917358398e-01,6.417134399414062500e+02,6.952404785156250000e+02,8.580487966537475586e-01,6.263153076171875000e+02,6.978399658203125000e+02,8.945332765579223633e-01,6.576710205078125000e+02,7.117772216796875000e+02,8.666481971740722656e-01,6.461668701171875000e+02,7.130681152343750000e+02,9.454662799835205078e-01,6.550903320312500000e+02,7.424066162109375000e+02,9.129036664962768555e-01,6.404395751953125000e+02,7.399377441406250000e+02,9.189176559448242188e-01,6.843892822265625000e+02,7.507276611328125000e+02,8.753422498703002930e-01,6.508005371093750000e+02,7.713211059570312500e+02,8.803936839103698730e-01,6.382702026367187500e+02,6.489611816406250000e+02,8.832678794860839844e-01,6.398457031250000000e+02,6.644631958007812500e+02,9.340542554855346680e-01,6.519146118164062500e+02,7.104749755859375000e+02,9.370105266571044922e-01,6.864395751953125000e+02,7.648280029296875000e+02,8.409841060638427734e-01,6.404340209960937500e+02,7.782110595703125000e+02,8.068463802337646484e-01,6.890052490234375000e+02,7.622575683593750000e+02,8.367521762847900391e-01,6.398302001953125000e+02,7.776081542968750000e+02,8.486175537109375000e-01,6.883088989257812500e+02,7.481666259765625000e+02,7.819675207138061523e-01,6.545130004882812500e+02,7.750469970703125000e+02,7.911047339439392090e-01,6.224194946289062500e+02,6.609723510742187500e+02,5.399298095703125000e+01,1.173106689453125000e+02,0.000000000000000000e+00
1.600000000000000000e+01,8.300000000000000000e+01,6.096119384765625000e+02,6.530473022460937500e+02,8.376320004463195801e-01,6.112934570312500000e+02,6.502005615234375000e+02,8.168293237686157227e-01,6.099797363281250000e+02,6.500152587890625000e+02,8.181270360946655273e-01,6.196529541015625000e+02,6.517783203125000000e+02,8.332527875900268555e-01,6.167745971679687500e+02,6.522944335937500000e+02,6.233422160148620605e-01,6.280581665039062500e+02,6.643438110351562500e+02,8.730343580245971680e-01,6.144910278320312500e+02,6.663244018554687500e+02,8.295501470565795898e-01,6.405906982421875000e+02,6.827515869140625000e+02,9.167485237121582031e-01,6.146221923828125000e+02,6.836503906250000000e+02,7.069163322448730469e-01,6.235327758789062500e+02,6.798786010742187500e+02,8.412803411483764648e-01,6.124360351562500000e+02,6.950593261718750000e+02,5.983101725578308105e-01,6.347132568359375000e+02,7.066538085937500000e+02,8.294680714607238770e-01,6.264011230468750000e+02,7.073355712890625000e+02,7.915556430816650391e-01,6.238733520507812500e+02,7.366088256835937500e+02,8.707605600357055664e-01,6.268924560546875000e+02,7.389478759765625000e+02,7.677893638610839844e-01,6.523349609375000000e+02,7.464661865234375000e+02,8.092776536941528320e-01,6.414373779296875000e+02,7.712348632812500000e+02,8.486033082008361816e-01,6.183442382812500000e+02,6.416715698242187500e+02,8.359568715095520020e-01,6.192254028320312500e+02,6.601002197265625000e+02,9.167920351028442383e-01,6.303718261718750000e+02,7.054854736328125000e+02,8.991254568099975586e-01,6.553134765625000000e+02,7.611904907226562500e+02,8.569213151931762695e-01,6.312161865234375000e+02,7.803314819335937500e+02,8.644253611564636230e-01,6.574801635742187500e+02,7.593571166992187500e+02,8.156621456146240234e-01,6.306112060546875000e+02,7.784433593750000000e+02,8.443278074264526367e-01,6.574953002929687500e+02,7.439730224609375000e+02,8.909109830856323242e-01,6.452883300781250000e+02,7.754202880859375000e+02,7.691964507102966309e-01,5.981483154296875000e+02,6.427410278320312500e+02,7.847015380859375000e+01,1.459780273437500000e+02,0.000000000000000000e+00
1.600000000000000000e+01,8.400000000000000000e+01,6.005805664062500000e+02,6.480904541015625000e+02,9.296185374259948730e-01,6.036303710937500000e+02,6.450383911132812500e+02,9.415695071220397949e-01,5.998198242187500000e+02,6.442817382812500000e+02,9.244369268417358398e-01,6.115172729492187500e+02,6.458078613281250000e+02,8.731139302253723145e-01,6.093308105468750000e+02,6.450328369140625000e+02,5.508962869644165039e-01,6.176155395507812500e+02,6.597982177734375000e+02,9.098961949348449707e-01,6.028828735351562500e+02,6.610604248046875000e+02,8.802515268325805664e-01,6.311269531250000000e+02,6.768602905273437500e+02,8.657134175300598145e-01,6.023590698242187500e+02,6.786126708984375000e+02,8.499641418457031250e-01,6.183803710937500000e+02,6.763372802734375000e+02,8.455472588539123535e-01,6.018956909179687500e+02,6.946035156250000000e+02,7.575336694717407227e-01,6.214406738281250000e+02,7.025545043945312500e+02,8.774904012680053711e-01,6.135748291015625000e+02,7.032990722656250000e+02,8.342123031616210938e-01,6.079414062500000000e+02,7.320963134765625000e+02,8.887032866477966309e-01,6.187666625976562500e+02,7.357299194335937500e+02,7.117829322814941406e-01,6.349191284179687500e+02,7.468590087890625000e+02,7.873873710632324219e-01,6.349307861328125000e+02,7.704944458007812500e+02,8.216968178749084473e-01,6.064840087890625000e+02,6.369669189453125000e+02,8.184226751327514648e-01,6.089814453125000000e+02,6.542003173828125000e+02,9.303140640258789062e-01,6.176203613281250000e+02,7.020272216796875000e+02,9.436594843864440918e-01,6.341689453125000000e+02,7.638549194335937500e+02,8.804963827133178711e-01,6.263040161132812500e+02,7.786849365234375000e+02,7.540256977081298828e-01,6.379776611328125000e+02,7.617646484375000000e+02,8.611712455749511719e-01,6.252525024414062500e+02,7.771375122070312500e+02,7.682875394821166992e-01,6.410373535156250000e+02,7.450621337890625000e+02,9.412951469421386719e-01,6.404521484375000000e+02,7.745186157226562500e+02,7.556012868881225586e-01,5.906401977539062500e+02,6.365095825195312500e+02,7.842291259765625000e+01,1.524620971679687500e+02,0.000000000000000000e+00
1.600000000000000000e+01,8.500000000000000000e+01,5.893192749023437500e+02,6.412602539062500000e+02,9.058852195739746094e-01,5.924331054687500000e+02,6.397033081054687500e+02,9.146944284439086914e-01,5.908762207031250000e+02,6.381463623046875000e+02,8.975046277046203613e-01,6.002177734375000000e+02,6.412602539062500000e+02,9.185718297958374023e-01,5.971039428710937500e+02,6.397033081054687500e+02,6.168984770774841309e-01,6.064454956054687500e+02,6.552726440429687500e+02,8.953171968460083008e-01,5.908762207031250000e+02,6.552726440429687500e+02,8.707022070884704590e-01,6.204579467773437500e+02,6.739558105468750000e+02,8.802828192710876465e-01,5.893192749023437500e+02,6.739558105468750000e+02,7.616599202156066895e-01,6.080024414062500000e+02,6.723989257812500000e+02,8.199183940887451172e-01,5.877623291015625000e+02,6.879682617187500000e+02,7.646825313568115234e-01,6.111163330078125000e+02,6.957529296875000000e+02,8.549562096595764160e-01,5.986608276367187500e+02,6.973098144531250000e+02,7.323986887931823730e-01,5.955469970703125000e+02,7.268915405273437500e+02,8.149492740631103516e-01,5.939900512695312500e+02,7.284484863281250000e+02,6.727288961410522461e-01,6.266856689453125000e+02,7.673718261718750000e+02,4.802260100841522217e-01,6.220148315429687500e+02,7.518024902343750000e+02,6.133923530578613281e-01,5.986608276367187500e+02,6.303616943359375000e+02,9.141400456428527832e-01,5.986608276367187500e+02,6.490449218750000000e+02,9.074525237083435059e-01,6.048886108398437500e+02,6.941959838867187500e+02,8.420213460922241211e-01,6.189010009765625000e+02,7.813842163085937500e+02,8.129178285598754883e-01,6.173440551757812500e+02,7.673718261718750000e+02,5.470581650733947754e-01,6.235717773437500000e+02,7.813842163085937500e+02,7.661717534065246582e-01,6.157871093750000000e+02,7.658148803710937500e+02,5.921956896781921387e-01,6.313564453125000000e+02,7.704857177734375000e+02,4.943601489067077637e-01,6.266856689453125000e+02,7.486885986328125000e+02,6.088976860046386719e-01,5.755081787109375000e+02,6.386134643554687500e+02,7.588708496093750000e+01,1.594299316406250000e+02,0.000000000000000000e+00
1.600000000000000000e+01,8.600000000000000000e+01,5.775927734375000000e+02,6.374866943359375000e+02,9.064829945564270020e-01,5.810471801757812500e+02,6.340322875976562500e+02,9.118955135345458984e-01,5.793199462890625000e+02,6.340322875976562500e+02,8.811647891998291016e-01,5.896832885742187500e+02,6.374866943359375000e+02,9.116739630699157715e-01,5.896832885742187500e+02,6.374866943359375000e+02,6.183289289474487305e-01,5.983193359375000000e+02,6.530316772460937500e+02,9.555293321609497070e-01,5.810471801757812500e+02,6.530316772460937500e+02,9.080445170402526855e-01,6.086826782226562500e+02,6.737582397460937500e+02,9.521998763084411621e-01,5.793199462890625000e+02,6.737582397460937500e+02,8.516623377799987793e-01,5.983193359375000000e+02,6.720310668945312500e+02,9.014648199081420898e-01,5.775927734375000000e+02,6.893032226562500000e+02,8.705033659934997559e-01,5.965921630859375000e+02,6.962120971679687500e+02,9.403275847434997559e-01,5.914104614257812500e+02,6.962120971679687500e+02,8.907154798507690430e-01,5.793199462890625000e+02,7.255747680664062500e+02,8.280208110809326172e-01,5.948649291992187500e+02,7.307564086914062500e+02,8.254278302192687988e-01,6.069554443359375000e+02,7.583919067382812500e+02,5.512173771858215332e-01,6.138643188476562500e+02,7.635735473632812500e+02,7.862570285797119141e-01,5.879560546875000000e+02,6.253961791992187500e+02,9.027853012084960938e-01,5.879560546875000000e+02,6.461228027343750000e+02,9.228086471557617188e-01,5.931376953125000000e+02,6.962120971679687500e+02,9.483941197395324707e-01,6.121370849609375000e+02,7.825729370117187500e+02,8.332998752593994141e-01,5.983193359375000000e+02,7.722096557617187500e+02,8.641887307167053223e-01,6.173187255859375000e+02,7.808457641601562500e+02,8.369474411010742188e-01,5.965921630859375000e+02,7.704824218750000000e+02,8.362123370170593262e-01,6.225004272460937500e+02,7.653007812500000000e+02,7.688371539115905762e-01,6.173187255859375000e+02,7.653007812500000000e+02,6.128343343734741211e-01,5.650167846679687500e+02,6.224598999023437500e+02,6.487792968750000000e+01,1.768671264648437500e+02,0.000000000000000000e+00
1.600000000000000000e+01,8.700000000000000000e+01,5.651202392578125000e+02,6.343967285156250000e+02,8.941773176193237305e-01,5.689161987304687500e+02,6.326473999023437500e+02,8.926610946655273438e-01,5.648392333984375000e+02,6.315135498046875000e+02,8.897567987442016602e-01,5.779710083007812500e+02,6.344970703125000000e+02,8.583062291145324707e-01,5.716677246093750000e+02,6.327578735351562500e+02,6.376123428344726562e-01,5.862041625976562500e+02,6.508406982421875000e+02,8.863987922668457031e-01,5.680772705078125000e+02,6.508427124023437500e+02,8.603526353836059570e-01,5.967426757812500000e+02,6.719134521484375000e+02,9.346673488616943359e-01,5.675013427734375000e+02,6.719216308593750000e+02,7.958357930183410645e-01,5.826829833984375000e+02,6.745479736328125000e+02,8.467307686805725098e-01,5.657484130859375000e+02,6.880193481445312500e+02,6.889896392822265625e-01,5.826870117187500000e+02,6.965181884765625000e+02,8.784076571464538574e-01,5.751398925781250000e+02,6.965268554687500000e+02,8.412858247756958008e-01,5.677533569335937500e+02,7.275554199218750000e+02,8.432108163833618164e-01,5.832413330078125000e+02,7.325935058593750000e+02,8.444651365280151367e-01,5.847252197265625000e+02,7.617942504882812500e+02,6.445038318634033203e-01,6.047476196289062500e+02,7.647567138671875000e+02,6.327079534530639648e-01,5.752708129882812500e+02,6.253951416015625000e+02,7.483946084976196289e-01,5.756625976562500000e+02,6.438128662109375000e+02,9.060924649238586426e-01,5.791744384765625000e+02,6.944783935546875000e+02,9.434683322906494141e-01,6.010993652343750000e+02,7.809288330078125000e+02,6.201608180999755859e-01,5.791588134765625000e+02,7.775981445312500000e+02,8.001090884208679199e-01,6.061327514648437500e+02,7.799762573242187500e+02,6.397730708122253418e-01,5.777100830078125000e+02,7.761232910156250000e+02,7.656530141830444336e-01,6.093633422851562500e+02,7.654026489257812500e+02,7.009290456771850586e-01,5.972950439453125000e+02,7.661976318359375000e+02,5.543079972267150879e-01,5.435118408203125000e+02,6.151083374023437500e+02,7.345959472656250000e+01,1.787885742187500000e+02,0.000000000000000000e+00
1.600000000000000000e+01,8.800000000000000000e+01,5.512478637695312500e+02,6.316771240234375000e+02,9.430534839630126953e-01,5.551152343750000000e+02,6.297434692382812500e+02,9.585016369819641113e-01,5.512478637695312500e+02,6.297434692382812500e+02,9.256835579872131348e-01,5.628499755859375000e+02,6.316771240234375000e+02,9.366090297698974609e-01,5.628499755859375000e+02,6.316771240234375000e+02,6.834449172019958496e-01,5.744520263671875000e+02,6.510139160156250000e+02,9.178094267845153809e-01,5.551152343750000000e+02,6.490802612304687500e+02,8.516240119934082031e-01,5.841204223632812500e+02,6.722844238281250000e+02,8.662625551223754883e-01,5.512478637695312500e+02,6.703507690429687500e+02,8.057169318199157715e-01,5.647836303710937500e+02,6.819528198242187500e+02,8.855065107345581055e-01,5.415794677734375000e+02,6.742180786132812500e+02,8.069167137145996094e-01,5.705847167968750000e+02,6.974222412109375000e+02,9.109740257263183594e-01,5.628499755859375000e+02,6.974222412109375000e+02,8.855746984481811523e-01,5.589826049804687500e+02,7.322285156250000000e+02,8.313373327255249023e-01,5.667173461914062500e+02,7.341621704101562500e+02,8.510060906410217285e-01,5.705847167968750000e+02,7.689684448242187500e+02,6.664068698883056641e-01,5.860541381835937500e+02,7.689684448242187500e+02,5.927491784095764160e-01,5.609162597656250000e+02,6.200750732421875000e+02,9.295559525489807129e-01,5.628499755859375000e+02,6.413455200195312500e+02,9.008111357688903809e-01,5.667173461914062500e+02,6.974222412109375000e+02,9.445460438728332520e-01,5.802531127929687500e+02,7.825042114257812500e+02,4.057700037956237793e-01,5.589826049804687500e+02,7.844378662109375000e+02,5.420271754264831543e-01,5.667173461914062500e+02,7.805704956054687500e+02,4.309053421020507812e-01,5.609162597656250000e+02,7.844378662109375000e+02,5.633401274681091309e-01,5.802531127929687500e+02,7.709020996093750000e+02,6.397554278373718262e-01,5.918551635742187500e+02,7.709020996093750000e+02,4.933984875679016113e-01,5.322440185546875000e+02,6.032520751953125000e+02,6.701300048828125000e+01,1.980088500976562500e+02,0.000000000000000000e+00
1.600000000000000000e+01,8.900000000000000000e+01,5.377518310546875000e+02,6.308380126953125000e+02,9.124614596366882324e-01,5.414393310546875000e+02,6.289942626953125000e+02,9.165482521057128906e-01,5.395955810546875000e+02,6.271505126953125000e+02,9.179252386093139648e-01,5.506581420898437500e+02,6.326817626953125000e+02,9.219016432762145996e-01,5.506581420898437500e+02,6.326817626953125000e+02,7.574832439422607422e-01,5.580331420898437500e+02,6.492755737304687500e+02,9.077332615852355957e-01,5.414393310546875000e+02,6.492755737304687500e+02,8.828360438346862793e-01,5.690957031250000000e+02,6.732443847656250000e+02,8.954719305038452148e-01,5.414393310546875000e+02,6.714006347656250000e+02,7.755510210990905762e-01,5.525018920898437500e+02,6.861506958007812500e+02,8.960751295089721680e-01,5.377518310546875000e+02,6.879944458007812500e+02,7.820468544960021973e-01,5.543456420898437500e+02,6.972132568359375000e+02,9.000223875045776367e-01,5.488143310546875000e+02,6.972132568359375000e+02,8.887869119644165039e-01,5.488143310546875000e+02,7.340883789062500000e+02,9.176033735275268555e-01,5.506581420898437500e+02,7.340883789062500000e+02,8.840900063514709473e-01,5.561893920898437500e+02,7.783385009765625000e+02,8.242838978767395020e-01,5.672518920898437500e+02,7.709635009765625000e+02,8.408485651016235352e-01,5.488143310546875000e+02,6.197754516601562500e+02,8.991358280181884766e-01,5.488143310546875000e+02,6.419005126953125000e+02,8.993315696716308594e-01,5.506581420898437500e+02,6.953694458007812500e+02,9.291440248489379883e-01,5.414393310546875000e+02,7.894010620117187500e+02,8.520306348800659180e-01,5.654081420898437500e+02,7.857135620117187500e+02,6.930530071258544922e-01,5.432830810546875000e+02,7.894010620117187500e+02,8.587230443954467773e-01,5.654081420898437500e+02,7.857135620117187500e+02,7.850239276885986328e-01,5.598768920898437500e+02,7.838697509765625000e+02,8.091484904289245605e-01,5.746269531250000000e+02,7.746510009765625000e+02,7.954421639442443848e-01,5.267341308593750000e+02,6.111098632812500000e+02,6.444177246093750000e+01,1.888005981445312500e+02,0.000000000000000000e+00
1.600000000000000000e+01,9.000000000000000000e+01,5.217370605468750000e+02,6.335049438476562500e+02,9.033172726631164551e-01,5.255633544921875000e+02,6.315918579101562500e+02,9.073840379714965820e-01,5.236502075195312500e+02,6.315918579101562500e+02,9.135668277740478516e-01,5.351290283203125000e+02,6.335049438476562500e+02,8.971008062362670898e-01,5.351290283203125000e+02,6.354180908203125000e+02,7.394678592681884766e-01,5.427816162109375000e+02,6.526363525390625000e+02,9.322202801704406738e-01,5.255633544921875000e+02,6.507232055664062500e+02,9.020900726318359375e-01,5.523472900390625000e+02,6.775072021484375000e+02,8.819842934608459473e-01,5.236502075195312500e+02,6.755940551757812500e+02,8.367605805397033691e-01,5.351290283203125000e+02,6.908991699218750000e+02,8.868818283081054688e-01,5.217370605468750000e+02,6.889860229492187500e+02,6.770098209381103516e-01,5.408684692382812500e+02,7.023779907226562500e+02,9.228394627571105957e-01,5.313027343750000000e+02,7.023779907226562500e+02,8.937827944755554199e-01,5.389553222656250000e+02,7.406407470703125000e+02,8.908129334449768066e-01,5.370421752929687500e+02,7.387276611328125000e+02,8.987887501716613770e-01,5.427816162109375000e+02,7.827298583984375000e+02,8.921502828598022461e-01,5.427816162109375000e+02,7.789035644531250000e+02,7.841993570327758789e-01,5.332158813476562500e+02,6.220261230468750000e+02,9.161428809165954590e-01,5.351290283203125000e+02,6.430706787109375000e+02,9.193786382675170898e-01,5.351290283203125000e+02,7.004648437500000000e+02,9.257069230079650879e-01,5.293895874023437500e+02,7.961218261718750000e+02,9.030528068542480469e-01,5.313027343750000000e+02,7.942086791992187500e+02,6.023371815681457520e-01,5.332158813476562500e+02,7.980349731445312500e+02,8.848785758018493652e-01,5.313027343750000000e+02,7.922955322265625000e+02,6.291765570640563965e-01,5.485209960937500000e+02,7.884692382812500000e+02,8.893585801124572754e-01,5.485209960937500000e+02,7.846430053710937500e+02,7.450757026672363281e-01,5.044273986816406250e+02,6.111212158203125000e+02,7.862149047851562500e+01,1.959055175781250000e+02,0.000000000000000000e+00
1.600000000000000000e+01,9.100000000000000000e+01,5.061586608886718750e+02,6.356845092773437500e+02,9.197372198104858398e-01,5.096252746582031250e+02,6.339512329101562500e+02,9.124481081962585449e-01,5.078919677734375000e+02,6.322178955078125000e+02,9.199414253234863281e-01,5.182918090820312500e+02,6.356845092773437500e+02,8.716462850570678711e-01,5.182918090820312500e+02,6.356845092773437500e+02,7.539229989051818848e-01,5.269583129882812500e+02,6.564841918945312500e+02,9.102157354354858398e-01,5.096252746582031250e+02,6.547508544921875000e+02,8.691466450691223145e-01,5.356248779296875000e+02,6.842171020507812500e+02,9.153877496719360352e-01,5.078919677734375000e+02,6.807504882812500000e+02,8.162052035331726074e-01,5.182918090820312500e+02,6.980834960937500000e+02,9.044910669326782227e-01,5.044253540039062500e+02,6.963502197265625000e+02,6.778433322906494141e-01,5.234916992187500000e+02,7.102166748046875000e+02,8.753099441528320312e-01,5.148251953125000000e+02,7.102166748046875000e+02,8.870018720626831055e-01,5.252250366210937500e+02,7.518159790039062500e+02,9.308712482452392578e-01,5.182918090820312500e+02,7.500827026367187500e+02,8.950635194778442383e-01,5.321582641601562500e+02,7.916820068359375000e+02,9.260694980621337891e-01,5.182918090820312500e+02,7.882153930664062500e+02,8.845508694648742676e-01,5.165584716796875000e+02,6.235513916015625000e+02,8.884422183036804199e-01,5.182918090820312500e+02,6.460843505859375000e+02,8.997808694839477539e-01,5.200250854492187500e+02,7.084833374023437500e+02,9.290526509284973145e-01,5.165584716796875000e+02,8.020818481445312500e+02,8.174614310264587402e-01,5.061586608886718750e+02,8.003485717773437500e+02,9.283832907676696777e-01,5.200250854492187500e+02,8.038151855468750000e+02,8.081196546554565430e-01,5.061586608886718750e+02,7.986152343750000000e+02,9.294307231903076172e-01,5.373581542968750000e+02,7.968819580078125000e+02,8.475738167762756348e-01,5.217584228515625000e+02,7.951486206054687500e+02,8.453084826469421387e-01,4.871737060546875000e+02,6.223380737304687500e+02,7.783599853515625000e+01,1.774904785156250000e+02,0.000000000000000000e+00
1.600000000000000000e+01,9.200000000000000000e+01,4.886587524414062500e+02,6.423837890625000000e+02,9.020082950592041016e-01,4.928984375000000000e+02,6.390623779296875000e+02,8.968175649642944336e-01,4.903133239746093750e+02,6.383475341796875000e+02,8.891084194183349609e-01,5.038281250000000000e+02,6.428616943359375000e+02,8.746500015258789062e-01,5.037280273437500000e+02,6.421253662109375000e+02,7.247574329376220703e-01,5.085803222656250000e+02,6.608906250000000000e+02,7.936738133430480957e-01,4.971939086914062500e+02,6.604163208007812500e+02,8.226433396339416504e-01,5.180584716796875000e+02,6.883955078125000000e+02,8.163541555404663086e-01,4.953555908203125000e+02,6.865306396484375000e+02,6.443176269531250000e-01,4.976632080078125000e+02,7.054488525390625000e+02,8.390796184539794922e-01,4.911112670898437500e+02,7.010053710937500000e+02,7.043839693069458008e-01,5.089852905273437500e+02,7.144672851562500000e+02,6.924862861633300781e-01,5.075216674804687500e+02,7.141019287109375000e+02,6.218934655189514160e-01,4.976618347167968750e+02,7.516530761718750000e+02,7.149560451507568359e-01,5.146842041015625000e+02,7.531188354492187500e+02,7.571713924407958984e-01,4.921221618652343750e+02,7.954741210937500000e+02,8.009083271026611328e-01,5.271293334960937500e+02,7.954741210937500000e+02,8.247356414794921875e-01,4.997124938964843750e+02,6.318184814453125000e+02,7.169419527053833008e-01,5.014596862792968750e+02,6.518752441406250000e+02,9.177280068397521973e-01,5.085907592773437500e+02,7.121706542968750000e+02,8.032464981079101562e-01,4.755398254394531250e+02,8.028440551757812500e+02,8.780221343040466309e-01,5.123894653320312500e+02,8.046865234375000000e+02,7.969031333923339844e-01,4.773822937011718750e+02,8.046865234375000000e+02,8.601101040840148926e-01,5.142319946289062500e+02,8.028440551757812500e+02,8.036397695541381836e-01,4.939646606445312500e+02,8.028440551757812500e+02,8.180657029151916504e-01,5.308143310546875000e+02,8.010015869140625000e+02,8.601583242416381836e-01,4.727993469238281250e+02,6.228334350585937500e+02,8.102279663085937500e+01,1.886702880859375000e+02,0.000000000000000000e+00
1.600000000000000000e+01,9.300000000000000000e+01,4.703531188964843750e+02,6.473910522460937500e+02,9.228322505950927734e-01,4.743105773925781250e+02,6.434335327148437500e+02,9.333989024162292480e-01,4.723318481445312500e+02,6.434335327148437500e+02,9.073411226272583008e-01,4.822254943847656250e+02,6.473910522460937500e+02,9.155629873275756836e-01,4.842042236328125000e+02,6.454122924804687500e+02,9.630742073059082031e-01,4.921191711425781250e+02,6.651995849609375000e+02,8.869459033012390137e-01,4.822254943847656250e+02,6.651995849609375000e+02,8.635893464088439941e-01,4.980553588867187500e+02,6.968593139648437500e+02,8.766813278198242188e-01,4.861829528808593750e+02,6.909230957031250000e+02,7.826041579246520996e-01,4.762893066406250000e+02,7.067529907226562500e+02,8.887726664543151855e-01,4.723318481445312500e+02,7.067529907226562500e+02,6.563181877136230469e-01,4.980553588867187500e+02,7.206041259765625000e+02,8.707171082496643066e-01,4.842042236328125000e+02,7.186253662109375000e+02,8.886772394180297852e-01,5.039915466308593750e+02,7.601787109375000000e+02,9.413580894470214844e-01,4.743105773925781250e+02,7.582000122070312500e+02,8.863509893417358398e-01,5.198214111328125000e+02,7.977746582031250000e+02,9.496756196022033691e-01,4.644169006347656250e+02,7.997533569335937500e+02,8.788972496986389160e-01,4.822254943847656250e+02,6.335399169921875000e+02,9.534209966659545898e-01,4.842042236328125000e+02,6.572846679687500000e+02,9.671314358711242676e-01,4.921191711425781250e+02,7.186253662109375000e+02,9.206312298774719238e-01,5.039915466308593750e+02,8.076682739257812500e+02,9.041280746459960938e-01,4.466083374023437500e+02,8.037108154296875000e+02,8.779783248901367188e-01,5.099277343750000000e+02,8.096470336914062500e+02,8.549674749374389648e-01,4.485870666503906250e+02,8.017321166992187500e+02,9.023675918579101562e-01,5.257576293945312500e+02,8.056895751953125000e+02,8.431072235107421875e-01,4.644169006347656250e+02,8.076682739257812500e+02,8.659273982048034668e-01,4.414358215332031250e+02,6.262185668945312500e+02,9.543051147460937500e+01,2.026221313476562500e+02,0.000000000000000000e+00
1.600000000000000000e+01,9.400000000000000000e+01,4.523010559082031250e+02,6.502936401367187500e+02,9.396196007728576660e-01,4.561734619140625000e+02,6.483574218750000000e+02,9.089121818542480469e-01,4.542372741699218750e+02,6.464212036132812500e+02,9.355782866477966309e-01,4.639182434082031250e+02,6.502936401367187500e+02,9.105399250984191895e-01,4.658544311523437500e+02,6.483574218750000000e+02,8.255524039268493652e-01,4.716630249023437500e+02,6.696555786132812500e+02,9.194043874740600586e-01,4.639182434082031250e+02,6.677193603515625000e+02,7.804818153381347656e-01,4.774716186523437500e+02,6.986984863281250000e+02,8.990411758422851562e-01,4.658544311523437500e+02,6.948261108398437500e+02,5.082353353500366211e-01,4.523010559082031250e+02,7.103156738281250000e+02,8.422834873199462891e-01,4.484286804199218750e+02,7.025709228515625000e+02,4.984413087368011475e-01,4.813439941406250000e+02,7.258052368164062500e+02,8.550339937210083008e-01,4.735992126464843750e+02,7.238690185546875000e+02,7.582582831382751465e-01,4.929611816406250000e+02,7.645291748046875000e+02,6.884676218032836914e-01,4.523010559082031250e+02,7.606567382812500000e+02,5.314406156539916992e-01,5.123231201171875000e+02,8.013168334960937500e+02,6.677195429801940918e-01,4.368114929199218750e+02,8.032530517578125000e+02,6.254401206970214844e-01,4.639182434082031250e+02,6.367402343750000000e+02,9.267874956130981445e-01,4.658544311523437500e+02,6.599746093750000000e+02,9.519746899604797363e-01,4.774716186523437500e+02,7.219328613281250000e+02,9.060667157173156738e-01,4.948973693847656250e+02,8.109978637695312500e+02,6.859936714172363281e-01,4.174495544433593750e+02,8.032530517578125000e+02,7.487892508506774902e-01,4.987697448730468750e+02,8.129340209960937500e+02,6.411314606666564941e-01,4.213219299316406250e+02,8.032530517578125000e+02,7.042304873466491699e-01,5.200679321289062500e+02,8.071254272460937500e+02,7.443640828132629395e-01,4.368114929199218750e+02,8.109978637695312500e+02,6.773788928985595703e-01,4.198792724609375000e+02,6.295763549804687500e+02,9.775891113281250000e+01,1.982663574218750000e+02,0.000000000000000000e+00
1.600000000000000000e+01,9.500000000000000000e+01,4.314642944335937500e+02,6.498669433593750000e+02,9.041618108749389648e-01,4.354033203125000000e+02,6.459279174804687500e+02,9.494642615318298340e-01,4.334338073730468750e+02,6.459279174804687500e+02,8.850482702255249023e-01,4.432813415527343750e+02,6.498669433593750000e+02,8.880150318145751953e-01,4.472203674316406250e+02,6.498669433593750000e+02,7.889284491539001465e-01,4.491898803710937500e+02,6.715315551757812500e+02,8.604106307029724121e-01,4.413118591308593750e+02,6.695620727539062500e+02,8.486788868904113770e-01,4.511593933105468750e+02,6.991046752929687500e+02,9.361857175827026367e-01,4.472203674316406250e+02,6.951656494140625000e+02,5.769934058189392090e-01,4.255557861328125000e+02,7.089522094726562500e+02,8.986256122589111328e-01,4.275252685546875000e+02,7.069827270507812500e+02,6.208568811416625977e-01,4.550984191894531250e+02,7.286473388671875000e+02,8.617374300956726074e-01,4.590374145507812500e+02,7.266777954101562500e+02,8.346186280250549316e-01,4.294947814941406250e+02,7.621289672851562500e+02,9.077780246734619141e-01,4.787325134277343750e+02,7.660679931640625000e+02,9.509020447731018066e-01,4.137387084960937500e+02,8.034886474609375000e+02,9.024549722671508789e-01,5.023666381835937500e+02,8.015191650390625000e+02,8.717426657676696777e-01,4.452508544921875000e+02,6.360803833007812500e+02,8.990970849990844727e-01,4.452508544921875000e+02,6.597144775390625000e+02,9.179032444953918457e-01,4.570679321289062500e+02,7.247083129882812500e+02,9.080541133880615234e-01,3.940436401367187500e+02,8.034886474609375000e+02,8.786974549293518066e-01,4.905495605468750000e+02,8.133362426757812500e+02,9.028589129447937012e-01,3.960131225585937500e+02,8.054581909179687500e+02,8.240202069282531738e-01,4.905495605468750000e+02,8.133362426757812500e+02,9.072139263153076172e-01,4.137387084960937500e+02,8.133362426757812500e+02,8.124048113822937012e-01,5.102446594238281250e+02,8.074276733398437500e+02,8.615363240242004395e-01,4.031387023925781250e+02,6.287932128906250000e+02,1.098279113769531250e+02,2.016777343750000000e+02,0.000000000000000000e+00
1.600000000000000000e+01,9.600000000000000000e+01,4.112749023437500000e+02,6.468405151367187500e+02,9.429967999458312988e-01,4.153771362304687500e+02,6.447893676757812500e+02,9.265555143356323242e-01,4.112749023437500000e+02,6.427382812500000000e+02,9.146153926849365234e-01,4.235816040039062500e+02,6.488916015625000000e+02,9.011847972869873047e-01,4.256326904296875000e+02,6.468405151367187500e+02,7.219716906547546387e-01,4.276838378906250000e+02,6.673516845703125000e+02,9.108793139457702637e-01,4.256326904296875000e+02,6.653005371093750000e+02,7.937138080596923828e-01,4.256326904296875000e+02,6.960673217773437500e+02,9.685742855072021484e-01,4.256326904296875000e+02,6.940161743164062500e+02,4.915625751018524170e-01,3.969170532226562500e+02,7.063228759765625000e+02,9.048578739166259766e-01,4.051215209960937500e+02,7.083740234375000000e+02,4.265190362930297852e-01,4.358883056640625000e+02,7.247829589843750000e+02,8.289113044738769531e-01,4.399905395507812500e+02,7.247829589843750000e+02,8.379696607589721680e-01,4.092237548828125000e+02,7.617030639648437500e+02,8.316795825958251953e-01,4.584505615234375000e+02,7.678563842773437500e+02,8.011655807495117188e-01,3.928148193359375000e+02,8.088787231445312500e+02,5.944322347640991211e-01,4.912684326171875000e+02,8.006742553710937500e+02,7.707129716873168945e-01,4.256326904296875000e+02,6.345338134765625000e+02,9.306070208549499512e-01,4.256326904296875000e+02,6.591472167968750000e+02,9.499737620353698730e-01,4.379393920898437500e+02,7.227318115234375000e+02,9.256461858749389648e-01,3.743547973632812500e+02,8.068276367187500000e+02,8.171007633209228516e-01,4.810128784179687500e+02,8.170831909179687500e+02,8.923612236976623535e-01,3.764058837890625000e+02,8.109298706054687500e+02,8.303799629211425781e-01,4.810128784179687500e+02,8.150321044921875000e+02,8.898005485534667969e-01,3.948659667968750000e+02,8.170831909179687500e+02,8.389319777488708496e-01,4.974218139648437500e+02,8.047764892578125000e+02,9.043920040130615234e-01,3.696057434082031250e+02,6.187401733398437500e+02,1.305139770507812500e+02,2.100344238281250000e+02,0.000000000000000000e+00
1.600000000000000000e+01,9.700000000000000000e+01,3.926364135742187500e+02,6.470349121093750000e+02,9.363639354705810547e-01,3.960221252441406250e+02,6.436665649414062500e+02,9.413135051727294922e-01,3.937153320312500000e+02,6.436383056640625000e+02,9.336007833480834961e-01,4.063070678710937500e+02,6.470347900390625000e+02,9.023362398147583008e-01,4.086131591796875000e+02,6.470354614257812500e+02,8.188059926033020020e-01,4.040018005371093750e+02,6.654671630859375000e+02,9.264823198318481445e-01,4.168239746093750000e+02,6.655173950195312500e+02,8.147928714752197266e-01,4.017124633789062500e+02,6.929294433593750000e+02,9.990847110748291016e-01,4.291372070312500000e+02,6.907326049804687500e+02,6.485357284545898438e-01,3.775826110839843750e+02,7.055405273437500000e+02,9.049922823905944824e-01,4.142298583984375000e+02,7.033813476562500000e+02,3.527211248874664307e-01,4.086114501953125000e+02,7.307187500000000000e+02,8.954617977142333984e-01,4.189146728515625000e+02,7.284238281250000000e+02,8.914483785629272461e-01,3.857514648437500000e+02,7.651054687500000000e+02,9.217841625213623047e-01,4.350179443359375000e+02,7.707963256835937500e+02,9.470783472061157227e-01,3.788267517089843750e+02,8.156430664062500000e+02,9.397902488708496094e-01,4.727924804687500000e+02,8.005804443359375000e+02,8.986034393310546875e-01,4.052451782226562500e+02,6.332013549804687500e+02,9.241299629211425781e-01,4.075217285156250000e+02,6.562391357421875000e+02,9.031773805618286133e-01,4.132092285156250000e+02,7.261281738281250000e+02,9.536681771278381348e-01,3.593220214843750000e+02,8.167036132812500000e+02,9.092142581939697266e-01,4.717119750976562500e+02,8.190054931640625000e+02,9.449461698532104492e-01,3.616200256347656250e+02,8.202031250000000000e+02,9.475213289260864258e-01,4.717240905761718750e+02,8.179406738281250000e+02,9.304292201995849609e-01,3.821984863281250000e+02,8.236123046875000000e+02,9.012715816497802734e-01,4.820002746582031250e+02,8.006090698242187500e+02,8.646702170372009277e-01,3.584363708496093750e+02,6.197502441406250000e+02,1.198845520019531250e+02,2.201569824218750000e+02,0.000000000000000000e+00
1.600000000000000000e+01,9.800000000000000000e+01,3.677811584472656250e+02,6.452559204101562500e+02,9.141318202018737793e-01,3.720362854003906250e+02,6.431322021484375000e+02,9.325854778289794922e-01,3.699211730957031250e+02,6.410072021484375000e+02,9.243652820587158203e-01,3.839795532226562500e+02,6.465622558593750000e+02,9.211928248405456543e-01,3.860416870117187500e+02,6.473916015625000000e+02,8.382062315940856934e-01,3.818510131835937500e+02,6.668994140625000000e+02,9.127663373947143555e-01,3.973184814453125000e+02,6.647648315429687500e+02,8.385810256004333496e-01,3.784534301757812500e+02,6.946839599609375000e+02,9.475704431533813477e-01,4.002332153320312500e+02,6.926185302734375000e+02,5.767432451248168945e-01,3.485291748046875000e+02,7.058027343750000000e+02,8.831670880317687988e-01,3.901430969238281250e+02,7.047313842773437500e+02,3.187015652656555176e-01,3.851531372070312500e+02,7.304040527343750000e+02,9.030825495719909668e-01,3.943877563476562500e+02,7.295815429687500000e+02,8.880788087844848633e-01,3.642576599121093750e+02,7.680168457031250000e+02,9.223927259445190430e-01,4.061987304687500000e+02,7.734615478515625000e+02,9.237749576568603516e-01,3.663506164550781250e+02,8.189799194335937500e+02,9.101704359054565430e-01,4.493671264648437500e+02,7.966325073242187500e+02,8.454747200012207031e-01,3.831528015136718750e+02,6.319023437500000000e+02,9.258028268814086914e-01,3.852783203125000000e+02,6.562672119140625000e+02,9.274361729621887207e-01,3.901280212402343750e+02,7.268843994140625000e+02,9.406242370605468750e-01,3.461303710937500000e+02,8.265523681640625000e+02,8.803451061248779297e-01,4.542391967773437500e+02,8.174611816406250000e+02,8.710598945617675781e-01,3.490943908691406250e+02,8.286798706054687500e+02,9.011713266372680664e-01,4.557694091796875000e+02,8.153186035156250000e+02,8.725008964538574219e-01,3.712073669433593750e+02,8.259620361328125000e+02,8.741745948791503906e-01,4.584862976074218750e+02,7.945010986328125000e+02,8.732274174690246582e-01,3.292948608398437500e+02,6.202239990234375000e+02,1.280824279785156250e+02,2.179735717773437500e+02,0.000000000000000000e+00
1.600000000000000000e+01,9.900000000000000000e+01,3.466763305664062500e+02,6.454216918945312500e+02,9.328141808509826660e-01,3.488518066406250000e+02,6.410707397460937500e+02,9.514064788818359375e-01,3.466763305664062500e+02,6.410707397460937500e+02,9.173801541328430176e-01,3.597291870117187500e+02,6.454216918945312500e+02,9.363038539886474609e-01,3.619046630859375000e+02,6.454216918945312500e+02,8.877744078636169434e-01,3.597291870117187500e+02,6.628254394531250000e+02,8.890670537948608398e-01,3.640801086425781250e+02,6.628254394531250000e+02,7.938930988311767578e-01,3.575537109375000000e+02,6.932821044921875000e+02,9.388160109519958496e-01,3.814838867187500000e+02,6.954575195312500000e+02,6.183574199676513672e-01,3.270971069335937500e+02,7.041594238281250000e+02,9.307707548141479492e-01,3.662555847167968750e+02,7.150368041992187500e+02,4.799113869667053223e-01,3.640801086425781250e+02,7.324405517578125000e+02,8.442611694335937500e-01,3.684310607910156250e+02,7.324405517578125000e+02,8.305661678314208984e-01,3.401499328613281250e+02,7.694235839843750000e+02,6.648162007331848145e-01,3.749574890136718750e+02,7.781254882812500000e+02,5.310490131378173828e-01,3.532027587890625000e+02,8.216349487304687500e+02,4.831434190273284912e-01,4.249933471679687500e+02,7.933538208007812500e+02,5.856692790985107422e-01,3.597291870117187500e+02,6.301933593750000000e+02,9.267858266830444336e-01,3.619046630859375000e+02,6.541235961914062500e+02,8.949235081672668457e-01,3.662555847167968750e+02,7.280896606445312500e+02,9.606621265411376953e-01,3.336235046386718750e+02,8.303368530273437500e+02,8.794169425964355469e-01,4.293442993164062500e+02,8.129330444335937500e+02,8.519506454467773438e-01,3.357989807128906250e+02,8.325123291015625000e+02,9.004657268524169922e-01,4.293442993164062500e+02,8.107575683593750000e+02,8.271337151527404785e-01,3.619046630859375000e+02,8.303368530273437500e+02,7.790463566780090332e-01,4.315197753906250000e+02,7.911783447265625000e+02,8.144901990890502930e-01,3.167206420898437500e+02,6.177932128906250000e+02,1.099472656250000000e+02,2.227683715820312500e+02,0.000000000000000000e+00
1.600000000000000000e+01,1.000000000000000000e+02,3.203838806152343750e+02,6.414427490234375000e+02,9.506454467773437500e-01,3.251887817382812500e+02,6.390402832031250000e+02,9.642767906188964844e-01,3.227863159179687500e+02,6.366378784179687500e+02,9.032834172248840332e-01,3.347985534667968750e+02,6.438452148437500000e+02,9.388992190361022949e-01,3.372010192871093750e+02,6.414427490234375000e+02,8.897383809089660645e-01,3.372010192871093750e+02,6.630647583007812500e+02,8.754296302795410156e-01,3.372010192871093750e+02,6.630647583007812500e+02,8.691276311874389648e-01,3.372010192871093750e+02,6.918941650390625000e+02,9.696737527847290039e-01,3.372010192871093750e+02,6.966990356445312500e+02,7.087746262550354004e-01,3.107740783691406250e+02,7.039063720703125000e+02,9.456191062927246094e-01,3.179814147949218750e+02,7.087113037109375000e+02,7.840998172760009766e-01,3.420058898925781250e+02,7.303333129882812500e+02,9.206665754318237305e-01,3.444083557128906250e+02,7.303333129882812500e+02,8.242590427398681641e-01,3.299936523437500000e+02,7.783822631835937500e+02,8.450798988342285156e-01,3.299936523437500000e+02,7.759798583984375000e+02,7.789460420608520508e-01,3.420058898925781250e+02,8.264312133789062500e+02,6.938360333442687988e-01,3.900548706054687500e+02,7.951994018554687500e+02,5.369266867637634277e-01,3.372010192871093750e+02,6.270280761718750000e+02,9.253951311111450195e-01,3.372010192871093750e+02,6.534549560546875000e+02,9.517257213592529297e-01,3.420058898925781250e+02,7.279308471679687500e+02,9.507297277450561523e-01,3.227863159179687500e+02,8.336386108398437500e+02,9.238684177398681641e-01,3.972622070312500000e+02,8.144190063476562500e+02,9.060755372047424316e-01,3.251887817382812500e+02,8.360410156250000000e+02,9.392766356468200684e-01,3.972622070312500000e+02,8.144190063476562500e+02,8.743331432342529297e-01,3.492132568359375000e+02,8.312361450195312500e+02,8.835614323616027832e-01,3.996646423339843750e+02,7.903945312500000000e+02,7.829774022102355957e-01,3.105491638183593750e+02,6.085291748046875000e+02,7.492568969726562500e+01,2.460106811523437500e+02,0.000000000000000000e+00
1.600000000000000000e+01,1.010000000000000000e+02,2.974308166503906250e+02,6.377878417968750000e+02,9.488238096237182617e-01,3.020025329589843750e+02,6.355019531250000000e+02,9.309164881706237793e-01,2.997166748046875000e+02,6.355019531250000000e+02,9.180976152420043945e-01,3.111459655761718750e+02,6.400736694335937500e+02,9.532982707023620605e-01,3.134318237304687500e+02,6.400736694335937500e+02,7.947153449058532715e-01,3.134318237304687500e+02,6.606464233398437500e+02,9.149074554443359375e-01,3.111459655761718750e+02,6.583605346679687500e+02,7.879929542541503906e-01,3.180035400390625000e+02,6.880767211914062500e+02,9.832406044006347656e-01,3.157176818847656250e+02,6.880767211914062500e+02,4.735988676548004150e-01,2.905732116699218750e+02,7.040777587890625000e+02,9.346179962158203125e-01,2.882873535156250000e+02,6.972202148437500000e+02,6.239131689071655273e-01,3.202894287109375000e+02,7.269364013671875000e+02,9.359297156333923340e-01,3.180035400390625000e+02,7.269364013671875000e+02,8.387942314147949219e-01,3.042883911132812500e+02,7.772253417968750000e+02,9.342331886291503906e-01,3.065742492675781250e+02,7.772253417968750000e+02,8.909249901771545410e-01,3.294328613281250000e+02,8.252283935546875000e+02,4.705652594566345215e-01,3.545773315429687500e+02,7.955122070312500000e+02,7.093080282211303711e-01,3.134318237304687500e+02,6.240726318359375000e+02,9.452587962150573730e-01,3.111459655761718750e+02,6.515029907226562500e+02,8.868533372879028320e-01,3.202894287109375000e+02,7.246505126953125000e+02,9.504263401031494141e-01,3.111459655761718750e+02,8.366577148437500000e+02,6.049314141273498535e-01,3.591490478515625000e+02,8.183707885742187500e+02,5.551608800888061523e-01,3.157176818847656250e+02,8.389435424804687500e+02,5.872414708137512207e-01,3.614349060058593750e+02,8.160849609375000000e+02,5.743718147277832031e-01,3.614349060058593750e+02,7.932263183593750000e+02,5.063261389732360840e-01,3.637207641601562500e+02,7.932263183593750000e+02,5.672391057014465332e-01,2.776665649414062500e+02,6.133291015625000000e+02,8.295980834960937500e+01,2.340721435546875000e+02,0.000000000000000000e+00
1.600000000000000000e+01,1.020000000000000000e+02,2.741899414062500000e+02,6.333223876953125000e+02,9.252811670303344727e-01,2.792885131835937500e+02,6.307731323242187500e+02,9.570376873016357422e-01,2.767392272949218750e+02,6.307731323242187500e+02,9.091607332229614258e-01,2.869363098144531250e+02,6.358716430664062500e+02,9.510973691940307617e-01,2.894855957031250000e+02,6.358716430664062500e+02,7.087116241455078125e-01,2.894855957031250000e+02,6.562658691406250000e+02,9.139705300331115723e-01,2.767392272949218750e+02,6.562658691406250000e+02,8.692218065261840820e-01,2.971334228515625000e+02,6.817586059570312500e+02,8.937761187553405762e-01,2.614435729980468750e+02,6.715615234375000000e+02,7.296960949897766113e-01,2.716406860351562500e+02,6.996035156250000000e+02,9.025761485099792480e-01,2.410493774414062500e+02,6.792093505859375000e+02,7.991322278976440430e-01,2.945841369628906250e+02,7.225469970703125000e+02,8.834587335586547852e-01,2.971334228515625000e+02,7.225469970703125000e+02,7.966861128807067871e-01,2.665421142578125000e+02,7.735324707031250000e+02,8.547315001487731934e-01,2.920348815917968750e+02,7.786310424804687500e+02,8.915942311286926270e-01,3.149783325195312500e+02,7.990252075195312500e+02,8.255290389060974121e-01,3.175276184082031250e+02,8.296165161132812500e+02,9.159229993820190430e-01,2.920348815917968750e+02,6.180267333984375000e+02,9.428130984306335449e-01,2.869363098144531250e+02,6.460687866210937500e+02,9.231382012367248535e-01,2.945841369628906250e+02,7.199977416992187500e+02,9.432069659233093262e-01,3.073305053710937500e+02,8.245180053710937500e+02,6.095669269561767578e-01,2.996827087402343750e+02,8.423629150390625000e+02,9.389414191246032715e-01,3.098797912597656250e+02,8.245180053710937500e+02,5.365610718727111816e-01,2.996827087402343750e+02,8.423629150390625000e+02,9.211111068725585938e-01,3.226261596679687500e+02,7.964759521484375000e+02,8.623149394989013672e-01,3.251754455566406250e+02,8.347150878906250000e+02,9.231658577919006348e-01,2.543639068603515625e+02,6.034958496093750000e+02,7.789122009277343750e+01,2.610457763671875000e+02,0.000000000000000000e+00
1.600000000000000000e+01,1.030000000000000000e+02,2.482277221679687500e+02,6.284093627929687500e+02,9.470837116241455078e-01,2.532915802001953125e+02,6.233455200195312500e+02,9.215303063392639160e-01,2.507596435546875000e+02,6.233455200195312500e+02,9.181835651397705078e-01,2.634192810058593750e+02,6.309412841796875000e+02,9.124364256858825684e-01,2.659512023925781250e+02,6.309412841796875000e+02,8.092581033706665039e-01,2.634192810058593750e+02,6.486647338867187500e+02,8.965448141098022461e-01,2.583554382324218750e+02,6.511966552734375000e+02,8.449178338050842285e-01,2.760788879394531250e+02,6.765159301757812500e+02,9.680774211883544922e-01,2.608873596191406250e+02,6.790478515625000000e+02,7.499791979789733887e-01,2.558235015869140625e+02,6.967713623046875000e+02,8.754835128784179688e-01,2.381000213623046875e+02,6.790478515625000000e+02,7.294505238533020020e-01,2.634192810058593750e+02,7.220905761718750000e+02,8.688182234764099121e-01,2.710150451660156250e+02,7.220905761718750000e+02,8.534885644912719727e-01,2.330361785888671875e+02,7.651333007812500000e+02,9.388479590415954590e-01,2.710150451660156250e+02,7.752610473632812500e+02,9.342803359031677246e-01,2.735469665527343750e+02,8.031121826171875000e+02,7.906532287597656250e-01,2.988662414550781250e+02,8.258995361328125000e+02,8.752638101577758789e-01,2.659512023925781250e+02,6.132178344726562500e+02,8.923286795616149902e-01,2.634192810058593750e+02,6.410689697265625000e+02,9.455080628395080566e-01,2.684831237792968750e+02,7.195586547851562500e+02,9.670072197914123535e-01,2.684831237792968750e+02,8.284314575195312500e+02,7.373132109642028809e-01,2.862066040039062500e+02,8.486868286132812500e+02,7.614668607711791992e-01,2.735469665527343750e+02,8.258995361328125000e+02,7.472146153450012207e-01,2.862066040039062500e+02,8.461549072265625000e+02,8.201836943626403809e-01,2.786108398437500000e+02,8.031121826171875000e+02,5.761544704437255859e-01,3.089939270019531250e+02,8.309633789062500000e+02,9.175364971160888672e-01,2.239315795898437500e+02,6.038496704101562500e+02,8.657116699218750000e+01,2.592691650390625000e+02,0.000000000000000000e+00
1.600000000000000000e+01,1.040000000000000000e+02,2.229885711669921875e+02,6.208396606445312500e+02,9.052729606628417969e-01,2.284021301269531250e+02,6.181328735351562500e+02,9.192697405815124512e-01,2.256953430175781250e+02,6.154260864257812500e+02,8.934500217437744141e-01,2.365224609375000000e+02,6.235464477539062500e+02,9.233586192131042480e-01,2.392292327880859375e+02,6.235464477539062500e+02,7.811231017112731934e-01,2.365224609375000000e+02,6.452006225585937500e+02,8.990134596824645996e-01,2.311089019775390625e+02,6.452006225585937500e+02,9.001372456550598145e-01,2.500563354492187500e+02,6.722684326171875000e+02,9.349658489227294922e-01,2.229885711669921875e+02,6.695616455078125000e+02,4.780475795269012451e-01,2.338156738281250000e+02,6.966293945312500000e+02,8.776279687881469727e-01,1.986275787353515625e+02,6.776819458007812500e+02,6.787001490592956543e-01,2.311089019775390625e+02,7.182836303710937500e+02,9.029192924499511719e-01,2.419360046386718750e+02,7.209904174804687500e+02,8.466772437095642090e-01,2.013343505859375000e+02,7.670056152343750000e+02,9.654137492179870605e-01,2.473495635986328125e+02,7.751259155273437500e+02,9.730554819107055664e-01,2.392292327880859375e+02,8.157276000976562500e+02,9.378459453582763672e-01,2.771241149902343750e+02,8.265546875000000000e+02,8.622159361839294434e-01,2.419360046386718750e+02,6.100125122070312500e+02,9.074037671089172363e-01,2.365224609375000000e+02,6.343735351562500000e+02,9.450764656066894531e-01,2.365224609375000000e+02,7.182836303710937500e+02,8.938325643539428711e-01,2.284021301269531250e+02,8.400885620117187500e+02,9.315257668495178223e-01,2.744173278808593750e+02,8.536224365234375000e+02,8.538247346878051758e-01,2.311089019775390625e+02,8.373817749023437500e+02,8.762584328651428223e-01,2.744173278808593750e+02,8.509157104492187500e+02,8.878625035285949707e-01,2.473495635986328125e+02,8.184343872070312500e+02,9.663171768188476562e-01,2.879512329101562500e+02,8.292614746093750000e+02,9.128202199935913086e-01,1.942058715820312500e+02,5.918770751953125000e+02,9.816705322265625000e+01,2.771740112304687500e+02,0.000000000000000000e+00
1.600000000000000000e+01,1.050000000000000000e+02,1.896671752929687500e+02,6.167202758789062500e+02,9.482889175415039062e-01,1.951869506835937500e+02,6.139603881835937500e+02,9.543362259864807129e-01,1.924270629882812500e+02,6.139603881835937500e+02,9.437361955642700195e-01,2.089863586425781250e+02,6.167202758789062500e+02,9.629468917846679688e-01,2.089863586425781250e+02,6.194801635742187500e+02,8.750590682029724121e-01,2.089863586425781250e+02,6.415592041015625000e+02,8.426600098609924316e-01,2.034665985107421875e+02,6.415592041015625000e+02,7.898325324058532715e-01,2.227857818603515625e+02,6.719179077148437500e+02,8.744658827781677246e-01,2.117462463378906250e+02,6.746777954101562500e+02,7.902116179466247559e-01,2.034665985107421875e+02,6.995167846679687500e+02,9.018875956535339355e-01,1.979468231201171875e+02,7.022766723632812500e+02,7.776470184326171875e-01,2.034665985107421875e+02,7.160760498046875000e+02,8.767168521881103516e-01,2.117462463378906250e+02,7.188359375000000000e+02,8.887124657630920410e-01,1.731078796386718750e+02,7.657539672851562500e+02,9.684063792228698730e-01,2.145061340332031250e+02,7.767935180664062500e+02,9.635471105575561523e-01,2.007067108154296875e+02,8.264714355468750000e+02,9.205721020698547363e-01,2.531445007324218750e+02,8.264714355468750000e+02,8.666714429855346680e-01,2.089863586425781250e+02,6.001609497070312500e+02,8.958024382591247559e-01,2.089863586425781250e+02,6.305196533203125000e+02,9.592400789260864258e-01,2.089863586425781250e+02,7.160760498046875000e+02,8.862645030021667480e-01,1.841474151611328125e+02,8.457905883789062500e+02,9.248517155647277832e-01,2.476247406005859375e+02,8.513103637695312500e+02,9.094775915145874023e-01,1.869072875976562500e+02,8.485504760742187500e+02,9.151462912559509277e-01,2.476247406005859375e+02,8.485504760742187500e+02,9.727077484130859375e-01,2.117462463378906250e+02,8.319912109375000000e+02,9.095399379730224609e-01,2.614241638183593750e+02,8.264714355468750000e+02,9.190231561660766602e-01,1.622295989990234375e+02,5.927092895507812500e+02,1.017931976318359375e+02,2.826120605468750000e+02,0.000000000000000000e+00
1.600000000000000000e+01,1.060000000000000000e+02,1.591227111816406250e+02,6.124826049804687500e+02,9.249888658523559570e-01,1.646511230468750000e+02,6.097184448242187500e+02,9.174978733062744141e-01,1.618869171142578125e+02,6.097184448242187500e+02,9.516860246658325195e-01,1.784721679687500000e+02,6.180110473632812500e+02,8.794835805892944336e-01,1.812363891601562500e+02,6.180110473632812500e+02,7.843536734580993652e-01,1.784721679687500000e+02,6.401247558593750000e+02,9.205632805824279785e-01,1.757079620361328125e+02,6.401247558593750000e+02,8.036413192749023438e-01,1.895290069580078125e+02,6.705310668945312500e+02,9.159811139106750488e-01,1.729437561035156250e+02,6.705310668945312500e+02,5.964785218238830566e-01,1.757079620361328125e+02,6.981731567382812500e+02,9.315001964569091797e-01,1.314806060791015625e+02,6.732952270507812500e+02,3.449034392833709717e-01,1.757079620361328125e+02,7.175225830078125000e+02,9.115190505981445312e-01,1.784721679687500000e+02,7.175225830078125000e+02,8.488200902938842773e-01,1.480658721923828125e+02,7.728068237304687500e+02,9.125992655754089355e-01,1.784721679687500000e+02,7.755709838867187500e+02,9.455616474151611328e-01,1.646511230468750000e+02,8.363836059570312500e+02,8.221847414970397949e-01,2.171711120605468750e+02,8.253267822265625000e+02,8.521828055381774902e-01,1.784721679687500000e+02,5.986615600585937500e+02,9.290899634361267090e-01,1.757079620361328125e+02,6.290678710937500000e+02,9.866087436676025391e-01,1.784721679687500000e+02,7.147584228515625000e+02,9.370241165161132812e-01,1.453016510009765625e+02,8.557330932617187500e+02,9.241589903831481934e-01,2.144069061279296875e+02,8.529688720703125000e+02,9.367703199386596680e-01,1.480658721923828125e+02,8.584973144531250000e+02,9.424676895141601562e-01,2.144069061279296875e+02,8.502046508789062500e+02,9.764078259468078613e-01,1.701795501708984375e+02,8.446762695312500000e+02,9.751155376434326172e-01,2.282279510498046875e+02,8.280910034179687500e+02,9.407698512077331543e-01,1.285011138916015625e+02,5.884340209960937500e+02,1.027063293457031250e+02,2.830550537109375000e+02,0.000000000000000000e+00
1.600000000000000000e+01,1.070000000000000000e+02,1.280237884521484375e+02,6.115303344726562500e+02,9.237574934959411621e-01,1.335023651123046875e+02,6.087910766601562500e+02,9.392468333244323730e-01,1.307630767822265625e+02,6.087910766601562500e+02,9.254906177520751953e-01,1.444595336914062500e+02,6.142696533203125000e+02,9.067558646202087402e-01,1.471988220214843750e+02,6.142696533203125000e+02,9.292200803756713867e-01,1.471988220214843750e+02,6.389232788085937500e+02,8.977428674697875977e-01,1.499381103515625000e+02,6.389232788085937500e+02,8.088005781173706055e-01,1.554166870117187500e+02,6.717947387695312500e+02,9.088402390480041504e-01,1.499381103515625000e+02,6.717947387695312500e+02,8.832694888114929199e-01,1.335023651123046875e+02,6.964483032226562500e+02,8.906905651092529297e-01,1.307630767822265625e+02,6.909697265625000000e+02,7.239331007003784180e-01,1.444595336914062500e+02,7.156233520507812500e+02,8.859988451004028320e-01,1.499381103515625000e+02,7.156233520507812500e+02,8.317405581474304199e-01,1.252845001220703125e+02,7.758877563476562500e+02,8.688826560974121094e-01,1.417202453613281250e+02,7.758877563476562500e+02,8.856935501098632812e-01,1.307630767822265625e+02,8.471092529296875000e+02,7.741151452064514160e-01,1.828095855712890625e+02,8.306735229492187500e+02,8.441836833953857422e-01,1.471988220214843750e+02,5.978339233398437500e+02,9.194107055664062500e-01,1.471988220214843750e+02,6.279660644531250000e+02,9.077455401420593262e-01,1.471988220214843750e+02,7.128840942382812500e+02,9.279907345771789551e-01,1.115880508422851562e+02,8.608057250976562500e+02,9.185704588890075684e-01,1.718524322509765625e+02,8.608057250976562500e+02,9.013645648956298828e-01,1.143273468017578125e+02,8.635449829101562500e+02,8.826050162315368652e-01,1.745917205810546875e+02,8.580664062500000000e+02,9.524883031845092773e-01,1.389809570312500000e+02,8.525878295898437500e+02,8.678056597709655762e-01,1.910274505615234375e+02,8.361520996093750000e+02,9.105810523033142090e-01,1.047411727905273438e+02,5.904378662109375000e+02,9.861174774169921875e+01,2.805032348632812500e+02,0.000000000000000000e+00
1.600000000000000000e+01,1.080000000000000000e+02,9.696755981445312500e+01,6.123003540039062500e+02,9.353870749473571777e-01,1.024351501464843750e+02,6.068327636718750000e+02,9.402716755867004395e-01,9.970135498046875000e+01,6.068327636718750000e+02,9.204112291336059570e-01,1.161041259765625000e+02,6.123003540039062500e+02,8.967350125312805176e-01,1.215717163085937500e+02,6.123003540039062500e+02,7.672858238220214844e-01,1.133703308105468750e+02,6.369044799804687500e+02,8.983829021453857422e-01,1.243055114746093750e+02,6.369044799804687500e+02,8.122579455375671387e-01,1.133703308105468750e+02,6.697100219726562500e+02,9.169221520423889160e-01,1.270393066406250000e+02,6.751776123046875000e+02,7.348587512969970703e-01,9.149996948242187500e+01,6.997817993164062500e+02,8.595874309539794922e-01,8.876617431640625000e+01,6.533072509765625000e+02,7.858760952949523926e-01,1.133703308105468750e+02,7.161845703125000000e+02,8.594293594360351562e-01,1.188379211425781250e+02,7.161845703125000000e+02,7.520766258239746094e-01,1.024351501464843750e+02,7.817956542968750000e+02,9.303427934646606445e-01,1.051689453125000000e+02,7.817956542968750000e+02,8.734962940216064453e-01,1.379744873046875000e+02,8.446729125976562500e+02,5.449151396751403809e-01,1.024351501464843750e+02,8.528743286132812500e+02,4.594632983207702637e-01,1.133703308105468750e+02,5.958975830078125000e+02,9.535365700721740723e-01,1.161041259765625000e+02,6.259692993164062500e+02,9.088883399963378906e-01,1.161041259765625000e+02,7.161845703125000000e+02,8.697213530540466309e-01,8.056478881835937500e+01,8.692770996093750000e+02,8.237157464027404785e-01,1.243055114746093750e+02,8.638095092773437500e+02,4.936551451683044434e-01,8.329858398437500000e+01,8.720108642578125000e+02,7.830287814140319824e-01,1.270393066406250000e+02,8.610756835937500000e+02,5.746341943740844727e-01,1.106365356445312500e+02,8.610756835937500000e+02,5.676481723785400391e-01,1.461758728027343750e+02,8.474067382812500000e+02,5.498518943786621094e-01,7.165979003906250000e+01,5.939839477539062500e+02,8.615487670898437500e+01,2.799406127929687500e+02,0.000000000000000000e+00
1.600000000000000000e+01,1.090000000000000000e+02,6.553752899169921875e+01,6.128972778320312500e+02,9.096785187721252441e-01,6.821242523193359375e+01,6.102223510742187500e+02,9.223518371582031250e-01,6.821242523193359375e+01,6.075474853515625000e+02,9.237386584281921387e-01,7.891200256347656250e+01,6.128972778320312500e+02,9.385333061218261719e-01,8.426179504394531250e+01,6.128972778320312500e+02,8.537603020668029785e-01,8.158689880371093750e+01,6.396461791992187500e+02,9.196729660034179688e-01,9.496137237548828125e+01,6.396461791992187500e+02,8.687723875045776367e-01,7.088731384277343750e+01,6.717449340820312500e+02,8.153878450393676758e-01,8.158689880371093750e+01,6.770947265625000000e+02,6.999521851539611816e-01,4.948815917968750000e+01,6.931441040039062500e+02,8.186860084533691406e-01,4.413836669921875000e+01,6.851194458007812500e+02,8.077818751335144043e-01,8.158689880371093750e+01,7.172181396484375000e+02,8.236978054046630859e-01,8.961157989501953125e+01,7.198930664062500000e+02,8.060842752456665039e-01,6.821242523193359375e+01,7.867654418945312500e+02,9.083878993988037109e-01,7.088731384277343750e+01,7.840905151367187500e+02,8.810359835624694824e-01,8.158689880371093750e+01,8.589876098632812500e+02,8.063218593597412109e-01,8.693668365478515625e+01,8.456130981445312500e+02,7.903347015380859375e-01,8.158689880371093750e+01,5.968479003906250000e+02,9.601272940635681152e-01,8.426179504394531250e+01,6.262717285156250000e+02,9.628652334213256836e-01,8.693668365478515625e+01,7.172181396484375000e+02,9.290586113929748535e-01,5.483794784545898438e+01,8.777118530273437500e+02,8.992931842803955078e-01,6.018773651123046875e+01,8.670122680664062500e+02,5.826038718223571777e-01,6.018773651123046875e+01,8.803867797851562500e+02,8.884661197662353516e-01,6.286263275146484375e+01,8.643374023437500000e+02,6.334115862846374512e-01,9.228647613525390625e+01,8.643374023437500000e+02,7.196403741836547852e-01,9.763626861572265625e+01,8.536378173828125000e+02,9.403828978538513184e-01,2.840839576721191406e+01,5.976503906250000000e+02,9.833233451843261719e+01,2.739092407226562500e+02,0.000000000000000000e+00
1.600000000000000000e+01,1.100000000000000000e+02,2.955232048034667969e+01,6.165811767578125000e+02,8.982208371162414551e-01,3.486751174926757812e+01,6.112659912109375000e+02,9.227962493896484375e-01,3.220991516113281250e+01,6.112659912109375000e+02,9.064444899559020996e-01,4.549789047241210938e+01,6.165811767578125000e+02,9.230005145072937012e-01,5.347067642211914062e+01,6.165811767578125000e+02,8.468781709671020508e-01,4.549789047241210938e+01,6.431571044921875000e+02,9.354670643806457520e-01,5.878586959838867188e+01,6.431571044921875000e+02,8.669043779373168945e-01,2.955232048034667969e+01,6.750482788085937500e+02,8.840677738189697266e-01,5.347067642211914062e+01,6.803634643554687500e+02,6.298840045928955078e-01,5.633963108062744141e+00,6.909938354492187500e+02,8.796992301940917969e-01,1.094915390014648438e+01,6.909938354492187500e+02,8.351803421974182129e-01,4.815548706054687500e+01,7.255426025390625000e+02,9.170127511024475098e-01,5.347067642211914062e+01,7.255426025390625000e+02,8.515293002128601074e-01,4.284029769897460938e+01,7.946400756835937500e+02,8.676195144653320312e-01,2.955232048034667969e+01,7.893248901367187500e+02,8.873965144157409668e-01,6.144346237182617188e+01,8.690527343750000000e+02,8.495178222656250000e-01,3.752510452270507812e+01,8.584223632812500000e+02,9.138030409812927246e-01,4.549789047241210938e+01,5.979780273437500000e+02,8.921521902084350586e-01,4.815548706054687500e+01,6.298691406250000000e+02,9.068159461021423340e-01,5.347067642211914062e+01,7.228850097656250000e+02,9.376935958862304688e-01,3.486751174926757812e+01,8.849982910156250000e+02,8.379889726638793945e-01,1.360674858093261719e+01,8.717103271484375000e+02,8.630658984184265137e-01,3.752510452270507812e+01,8.876558837890625000e+02,7.589452266693115234e-01,1.626434326171875000e+01,8.690527343750000000e+02,8.701416850090026855e-01,7.207384490966796875e+01,8.796831054687500000e+02,8.538118600845336914e-01,4.549789047241210938e+01,8.663951416015625000e+02,8.284817337989807129e-01,0.000000000000000000e+00,6.120632934570312500e+02,8.833818054199218750e+01,2.721376953125000000e+02,0.000000000000000000e+00
1.600000000000000000e+01,1.110000000000000000e+02,1.902388572692871094e+00,6.235315551757812500e+02,6.916478276252746582e-01,4.866171836853027344e+00,6.176040039062500000e+02,7.181954383850097656e-01,4.866171836853027344e+00,6.176040039062500000e+02,6.030084490776062012e-01,1.079373836517333984e+01,6.205677490234375000e+02,7.167322635650634766e-01,2.561265563964843750e+01,6.176040039062500000e+02,7.583848834037780762e-01,1.375752162933349609e+01,6.472418212890625000e+02,7.189668416976928711e-01,2.264887237548828125e+01,6.442780151367187500e+02,5.355950593948364258e-01,1.375752162933349609e+01,6.828072509765625000e+02,4.286724627017974854e-01,4.339535522460937500e+01,6.798434448242187500e+02,6.556496024131774902e-01,2.561265563964843750e+01,7.065175170898437500e+02,4.795111715793609619e-01,3.746778869628906250e+01,7.005899047851562500e+02,5.661780238151550293e-01,1.672130584716796875e+01,7.331915283203125000e+02,8.104762434959411621e-01,1.968508911132812500e+01,7.302277832031250000e+02,7.745112180709838867e-01,1.968508911132812500e+01,7.983947753906250000e+02,8.751887679100036621e-01,1.968508911132812500e+01,7.954309692382812500e+02,8.799489140510559082e-01,4.339535522460937500e+01,8.695255737304687500e+02,8.334566354751586914e-01,4.043157196044921875e+01,8.517428588867187500e+02,7.176145911216735840e-01,1.375752162933349609e+01,6.027850952148437500e+02,8.499574065208435059e-01,1.672130584716796875e+01,6.294591064453125000e+02,8.307413458824157715e-01,1.672130584716796875e+01,7.272639770507812500e+02,8.629716038703918457e-01,2.264887237548828125e+01,8.843444824218750000e+02,8.969717621803283691e-01,2.561265563964843750e+01,8.724893798828125000e+02,5.903531312942504883e-01,2.561265563964843750e+01,8.843444824218750000e+02,8.969200253486633301e-01,2.857643890380859375e+01,8.695255737304687500e+02,6.678850650787353516e-01,5.525048828125000000e+01,8.784169311523437500e+02,9.020178318023681641e-01,4.932292175292968750e+01,8.635980224609375000e+02,5.286661982536315918e-01,0.000000000000000000e+00,5.947828369140625000e+02,7.789936828613281250e+01,3.034914550781250000e+02,0.000000000000000000e+00
1.600000000000000000e+01,1.120000000000000000e+02,5.207235336303710938e+00,6.330740966796875000e+02,7.571733593940734863e-01,7.977073192596435547e+00,6.275344238281250000e+02,7.781283855438232422e-01,5.207235336303710938e+00,6.275344238281250000e+02,7.541129589080810547e-01,1.074691104888916016e+01,6.330740966796875000e+02,6.917247772216796875e-01,5.207235336303710938e+00,6.303042602539062500e+02,6.370201110839843750e-01,5.207235336303710938e+00,6.663121337890625000e+02,7.333682179450988770e-01,7.977073192596435547e+00,6.635422973632812500e+02,7.786301374435424805e-01,7.977073192596435547e+00,6.995501708984375000e+02,6.346707344055175781e-01,1.074691104888916016e+01,6.995501708984375000e+02,7.590593695640563965e-01,2.437397718429565430e+00,7.327882080078125000e+02,5.673086047172546387e-01,2.437397718429565430e+00,7.327882080078125000e+02,5.112844109535217285e-01,-3.324400484561920166e-01,7.355580444335937500e+02,7.577983140945434570e-01,2.437397718429565430e+00,7.327882080078125000e+02,7.516310811042785645e-01,-3.324400484561920166e-01,8.020341796875000000e+02,7.556229829788208008e-01,2.437397718429565430e+00,8.020341796875000000e+02,7.925015091896057129e-01,2.736593627929687500e+01,8.712800903320312500e+02,8.474832177162170410e-01,2.736593627929687500e+01,8.685102539062500000e+02,8.012077808380126953e-01,7.977073192596435547e+00,6.192248535156250000e+02,7.123152613639831543e-01,5.207235336303710938e+00,6.441534423828125000e+02,6.912056803703308105e-01,2.437397718429565430e+00,7.300183715820312500e+02,8.045856952667236328e-01,7.977073192596435547e+00,8.851292724609375000e+02,8.887285590171813965e-01,7.977073192596435547e+00,8.851292724609375000e+02,7.989873886108398438e-01,1.074691104888916016e+01,8.878991088867187500e+02,8.529612421989440918e-01,1.074691104888916016e+01,8.823594360351562500e+02,8.347742557525634766e-01,3.844528961181640625e+01,8.823594360351562500e+02,9.062896370887756348e-01,3.567544937133789062e+01,8.795895996093750000e+02,7.420147657394409180e-01,0.000000000000000000e+00,6.172859497070312500e+02,5.196202850341796875e+01,2.836314086914062500e+02,0.000000000000000000e+00
1.600000000000000000e+01,1.600000000000000000e+01,8.755407714843750000e+02,6.517366943359375000e+02,6.457869410514831543e-01,8.763919677734375000e+02,6.501588745117187500e+02,6.899018287658691406e-01,8.742420654296875000e+02,6.498182373046875000e+02,6.467573642730712891e-01,8.781632080078125000e+02,6.507248535156250000e+02,6.291244626045227051e-01,8.725981445312500000e+02,6.501107177734375000e+02,6.212567687034606934e-01,8.793072509765625000e+02,6.573156738281250000e+02,6.472814083099365234e-01,8.714849853515625000e+02,6.568363037109375000e+02,5.779927372932434082e-01,8.805910034179687500e+02,6.660106811523437500e+02,5.783089399337768555e-01,8.673920898437500000e+02,6.630781250000000000e+02,5.397992730140686035e-01,8.694587402343750000e+02,6.641291503906250000e+02,5.368799567222595215e-01,8.689175415039062500e+02,6.639846191406250000e+02,5.999208688735961914e-01,8.790034179687500000e+02,6.735057373046875000e+02,6.808463335037231445e-01,8.720521850585937500e+02,6.732061767578125000e+02,6.362994313240051270e-01,8.802647705078125000e+02,6.870379028320312500e+02,7.398589849472045898e-01,8.707554931640625000e+02,6.883345947265625000e+02,7.053525447845458984e-01,8.845871582031250000e+02,6.965471801757812500e+02,4.699456989765167236e-01,8.677297973632812500e+02,7.008696289062500000e+02,6.672425866127014160e-01,8.754472656250000000e+02,6.477556762695312500e+02,5.573302507400512695e-01,8.748735351562500000e+02,6.536651611328125000e+02,6.675798892974853516e-01,8.745115966796875000e+02,6.721544799804687500e+02,6.113498806953430176e-01,8.850194091796875000e+02,7.013018188476562500e+02,5.938441753387451172e-01,8.644879760742187500e+02,7.032469482421875000e+02,5.070517063140869141e-01,8.863161621093750000e+02,7.000051269531250000e+02,6.711235046386718750e-01,8.642718505859375000e+02,7.025985717773437500e+02,5.574606657028198242e-01,8.845871582031250000e+02,6.982761840820312500e+02,4.498484134674072266e-01,8.685942382812500000e+02,7.025985717773437500e+02,5.694962143898010254e-01,8.614532470703125000e+02,6.543172607421875000e+02,2.681701660156250000e+01,4.426141357421875000e+01,0.000000000000000000e+00
1.600000000000000000e+01,1.700000000000000000e+01,8.762679443359375000e+02,6.506029052734375000e+02,6.314041614532470703e-01,8.776434936523437500e+02,6.492273559570312500e+02,6.605917811393737793e-01,8.758094482421875000e+02,6.492273559570312500e+02,6.934301257133483887e-01,8.803945312500000000e+02,6.496858520507812500e+02,6.151901483535766602e-01,8.748924560546875000e+02,6.492273559570312500e+02,6.795393824577331543e-01,8.817700195312500000e+02,6.570219726562500000e+02,6.815258264541625977e-01,8.725999145507812500e+02,6.551879272460937500e+02,4.795956313610076904e-01,8.822285156250000000e+02,6.638995361328125000e+02,6.293554902076721191e-01,8.689318847656250000e+02,6.611484985351562500e+02,6.555761098861694336e-01,8.730584106445312500e+02,6.625239868164062500e+02,6.233698129653930664e-01,8.721414184570312500e+02,6.625239868164062500e+02,5.293378829956054688e-01,8.785604858398437500e+02,6.726111450195312500e+02,7.546872496604919434e-01,8.735169067382812500e+02,6.721525878906250000e+02,5.692537426948547363e-01,8.730584106445312500e+02,6.868247680664062500e+02,4.772646129131317139e-01,8.813115234375000000e+02,6.859077758789062500e+02,5.728521943092346191e-01,8.712244262695312500e+02,6.992044067382812500e+02,7.523449063301086426e-01,8.872720947265625000e+02,6.964533691406250000e+02,6.266105175018310547e-01,8.778727416992187500e+02,6.476226196289062500e+02,6.109801530838012695e-01,8.776434936523437500e+02,6.528953857421875000e+02,6.873131990432739258e-01,8.758094482421875000e+02,6.712355957031250000e+02,7.306574583053588867e-01,8.877305908203125000e+02,7.001213989257812500e+02,4.711504280567169189e-01,8.675563964843750000e+02,7.019554443359375000e+02,8.382187485694885254e-01,8.886475830078125000e+02,6.992044067382812500e+02,5.444296002388000488e-01,8.675563964843750000e+02,7.010384521484375000e+02,8.211723566055297852e-01,8.725999145507812500e+02,7.010384521484375000e+02,3.264425098896026611e-01,8.716829223632812500e+02,7.010384521484375000e+02,6.598300337791442871e-01,8.615861206054687500e+02,6.534914550781250000e+02,2.707110595703125000e+01,4.695092773437500000e+01,0.000000000000000000e+00
1.600000000000000000e+01,2.700000000000000000e+01,8.921033325195312500e+02,6.520970458984375000e+02,6.957299709320068359e-01,8.933245849609375000e+02,6.508757934570312500e+02,6.888674497604370117e-01,8.921033325195312500e+02,6.508757934570312500e+02,6.803293228149414062e-01,8.957671508789062500e+02,6.514864501953125000e+02,7.003782987594604492e-01,8.927139892578125000e+02,6.520970458984375000e+02,5.473852753639221191e-01,8.994309692382812500e+02,6.575927734375000000e+02,7.611148953437805176e-01,8.939352416992187500e+02,6.582033691406250000e+02,6.502522230148315430e-01,8.921033325195312500e+02,6.649203491210937500e+02,7.951659560203552246e-01,8.908820800781250000e+02,6.649203491210937500e+02,7.939087748527526855e-01,8.890501708984375000e+02,6.643096923828125000e+02,6.299036741256713867e-01,8.896608276367187500e+02,6.643096923828125000e+02,3.357728421688079834e-01,8.969884033203125000e+02,6.771329956054687500e+02,7.586206793785095215e-01,8.951564941406250000e+02,6.771329956054687500e+02,7.360831499099731445e-01,8.957671508789062500e+02,6.905668945312500000e+02,6.586918234825134277e-01,8.939352416992187500e+02,6.899562988281250000e+02,7.862549424171447754e-01,8.921033325195312500e+02,7.040007934570312500e+02,5.317334532737731934e-01,8.914927368164062500e+02,7.040007934570312500e+02,6.454417109489440918e-01,8.939352416992187500e+02,6.459907226562500000e+02,7.984047532081604004e-01,8.957671508789062500e+02,6.551502075195312500e+02,7.098694443702697754e-01,8.957671508789062500e+02,6.765223388671875000e+02,8.495874404907226562e-01,8.853864135742187500e+02,7.058327026367187500e+02,5.581070184707641602e-01,8.969884033203125000e+02,7.076646118164062500e+02,9.052118659019470215e-01,8.841651000976562500e+02,7.046114501953125000e+02,5.564349889755249023e-01,8.963778076171875000e+02,7.076646118164062500e+02,8.482389450073242188e-01,8.835545043945312500e+02,7.003370361328125000e+02,4.235867261886596680e-01,8.896608276367187500e+02,7.064433593750000000e+02,6.110270023345947266e-01,8.817631225585937500e+02,6.480057983398437500e+02,2.617614746093750000e+01,6.252880859375000000e+01,0.000000000000000000e+00
1.600000000000000000e+01,2.800000000000000000e+01,8.980754394531250000e+02,6.527067871093750000e+02,7.200396060943603516e-01,8.986844482421875000e+02,6.506638183593750000e+02,6.991144418716430664e-01,8.970456542968750000e+02,6.513405761718750000e+02,7.210894227027893066e-01,8.989547119140625000e+02,6.516694335937500000e+02,6.235318183898925781e-01,8.961170654296875000e+02,6.522945556640625000e+02,6.296573281288146973e-01,9.026311035156250000e+02,6.587679443359375000e+02,7.152616977691650391e-01,8.941892700195312500e+02,6.587633056640625000e+02,6.148149371147155762e-01,8.937005615234375000e+02,6.659121093750000000e+02,5.416075587272644043e-01,8.908282470703125000e+02,6.658376464843750000e+02,8.112042546272277832e-01,8.901241455078125000e+02,6.651712646484375000e+02,5.511520504951477051e-01,8.959405517578125000e+02,6.651663818359375000e+02,3.401622176170349121e-01,9.002757568359375000e+02,6.766041259765625000e+02,7.509016394615173340e-01,8.948909912109375000e+02,6.766165161132812500e+02,7.103340625762939453e-01,8.985998535156250000e+02,6.903880615234375000e+02,7.223058938980102539e-01,8.985887451171875000e+02,6.903829345703125000e+02,7.164536118507385254e-01,8.938801269531250000e+02,7.038493652343750000e+02,5.123398900032043457e-01,8.938208618164062500e+02,7.031978759765625000e+02,5.796614885330200195e-01,8.966292724609375000e+02,6.462937011718750000e+02,8.083462715148925781e-01,8.976201171875000000e+02,6.549425048828125000e+02,7.402068376541137695e-01,8.979195556640625000e+02,6.752512817382812500e+02,7.670499682426452637e-01,8.996586914062500000e+02,7.085532226562500000e+02,7.228184342384338379e-01,9.008408203125000000e+02,7.089140014648437500e+02,7.176482677459716797e-01,8.996748046875000000e+02,7.081905517578125000e+02,5.953925848007202148e-01,9.008963623046875000e+02,7.092290039062500000e+02,7.175608873367309570e-01,8.911337890625000000e+02,7.068670654296875000e+02,5.984145402908325195e-01,9.072348022460937500e+02,7.092462768554687500e+02,7.344231009483337402e-01,8.825509643554687500e+02,6.486455078125000000e+02,2.765814208984375000e+01,6.351605224609375000e+01,0.000000000000000000e+00
1.600000000000000000e+01,3.400000000000000000e+01,9.039768066406250000e+02,6.564553833007812500e+02,6.490826606750488281e-01,9.056940917968750000e+02,6.553104858398437500e+02,5.843676924705505371e-01,9.034043579101562500e+02,6.547380371093750000e+02,5.927835702896118164e-01,9.110971679687500000e+02,6.541524047851562500e+02,4.557440876960754395e-01,9.051216430664062500e+02,6.553104858398437500e+02,3.981436192989349365e-01,9.140527343750000000e+02,6.606354370117187500e+02,5.877081751823425293e-01,9.045491943359375000e+02,6.610347900390625000e+02,4.851554036140441895e-01,9.047551879882812500e+02,6.695637207031250000e+02,4.566535353660583496e-01,9.005421752929687500e+02,6.701937255859375000e+02,6.890311241149902344e-01,8.959627075195312500e+02,6.770629272460937500e+02,4.162534475326538086e-01,8.966639404296875000e+02,6.770108642578125000e+02,4.546166062355041504e-01,9.096243286132812500e+02,6.807415771484375000e+02,5.398157238960266113e-01,9.062665405273437500e+02,6.816423950195312500e+02,6.042577624320983887e-01,9.094990234375000000e+02,6.958854370117187500e+02,4.500000178813934326e-01,9.062665405273437500e+02,6.965256347656250000e+02,6.366447806358337402e-01,9.154254150390625000e+02,7.068294067382812500e+02,5.040414333343505859e-01,9.051216430664062500e+02,7.102639770507812500e+02,5.706244707107543945e-01,9.080715942382812500e+02,6.503021240234375000e+02,6.048305034637451172e-01,9.079838256835937500e+02,6.576002197265625000e+02,7.450585365295410156e-01,9.085562133789062500e+02,6.804974975585937500e+02,7.449783086776733398e-01,9.123666992187500000e+02,7.113287353515625000e+02,4.541863799095153809e-01,9.074113769531250000e+02,7.119812622070312500e+02,3.693957924842834473e-01,9.149333496093750000e+02,7.114375000000000000e+02,4.393303990364074707e-01,9.011146240234375000e+02,7.125537109375000000e+02,3.778483271598815918e-01,9.051216430664062500e+02,7.125537109375000000e+02,2.885006666183471680e-01,9.057266235351562500e+02,7.122807617187500000e+02,3.712610006332397461e-01,8.928972778320312500e+02,6.526200561523437500e+02,2.273144531250000000e+01,5.861706542968750000e+01,0.000000000000000000e+00
1.600000000000000000e+01,3.500000000000000000e+01,9.037113037109375000e+02,6.555200805664062500e+02,7.420672178268432617e-01,9.052138061523437500e+02,6.539016113281250000e+02,7.042568325996398926e-01,9.040247802734375000e+02,6.538562622070312500e+02,7.686519026756286621e-01,9.080303955078125000e+02,6.545523681640625000e+02,6.836285591125488281e-01,9.061231689453125000e+02,6.541892089843750000e+02,4.690286517143249512e-01,9.126279296875000000e+02,6.621307373046875000e+02,7.436351776123046875e-01,9.053356323242187500e+02,6.617993164062500000e+02,5.343431234359741211e-01,9.033996582031250000e+02,6.721317138671875000e+02,5.524466037750244141e-01,9.020246582031250000e+02,6.720692749023437500e+02,7.464840412139892578e-01,8.986012573242187500e+02,6.794407348632812500e+02,6.083326339721679688e-01,8.987070312500000000e+02,6.786988525390625000e+02,7.708235979080200195e-01,9.090534057617187500e+02,6.819494628906250000e+02,7.382478713989257812e-01,9.076254882812500000e+02,6.821347656250000000e+02,7.513539791107177734e-01,9.080165405273437500e+02,6.978143310546875000e+02,8.165630102157592773e-01,9.076679077148437500e+02,6.975861816406250000e+02,7.846533656120300293e-01,9.064570312500000000e+02,7.119490356445312500e+02,7.379904985427856445e-01,9.152919921875000000e+02,7.072513427734375000e+02,5.554554462432861328e-01,9.076132812500000000e+02,6.493938598632812500e+02,7.251868247985839844e-01,9.085418701171875000e+02,6.584349365234375000e+02,7.251167893409729004e-01,9.083842773437500000e+02,6.814949340820312500e+02,8.116351366043090820e-01,9.015184326171875000e+02,7.148680419921875000e+02,7.520988583564758301e-01,9.143039550781250000e+02,7.118231201171875000e+02,6.639895439147949219e-01,9.022930297851562500e+02,7.156340942382812500e+02,7.591110467910766602e-01,9.139313964843750000e+02,7.111359252929687500e+02,6.193150281906127930e-01,9.064007568359375000e+02,7.146082153320312500e+02,6.908669471740722656e-01,9.175987548828125000e+02,7.077647094726562500e+02,6.630416512489318848e-01,8.937116088867187500e+02,6.515962524414062500e+02,2.305102539062500000e+01,6.473645019531250000e+01,0.000000000000000000e+00
1.600000000000000000e+01,3.800000000000000000e+01,9.075679931640625000e+02,6.546900634765625000e+02,8.407654166221618652e-01,9.087539062500000000e+02,6.529162597656250000e+02,8.603933453559875488e-01,9.072872924804687500e+02,6.529164428710937500e+02,8.081141710281372070e-01,9.122974853515625000e+02,6.535073242187500000e+02,8.166615962982177734e-01,9.126027832031250000e+02,6.529163208007812500e+02,5.344723463058471680e-01,9.167168579101562500e+02,6.608816528320312500e+02,8.150898218154907227e-01,9.096407470703125000e+02,6.608773193359375000e+02,6.999822854995727539e-01,9.077651367187500000e+02,6.685088500976562500e+02,5.988805294036865234e-01,9.055144653320312500e+02,6.679573974609375000e+02,7.773014903068542480e-01,9.069123535156250000e+02,6.635256347656250000e+02,5.985525250434875488e-01,9.085338745117187500e+02,6.669112548828125000e+02,5.875757336616516113e-01,9.149450073242187500e+02,6.835939941406250000e+02,8.201841115951538086e-01,9.102423095703125000e+02,6.830047607421875000e+02,7.664436697959899902e-01,9.131644287109375000e+02,6.980352783203125000e+02,7.614006996154785156e-01,9.072889404296875000e+02,6.974437255859375000e+02,8.644715547561645508e-01,9.161290283203125000e+02,7.130726318359375000e+02,8.620815277099609375e-01,9.155352783203125000e+02,7.110112915039062500e+02,8.010717630386352539e-01,9.102392578125000000e+02,6.484956054687500000e+02,8.075314760208129883e-01,9.122974853515625000e+02,6.573372192382812500e+02,8.482525348663330078e-01,9.128885498046875000e+02,6.830042724609375000e+02,8.508517742156982422e-01,9.104737548828125000e+02,7.163958740234375000e+02,7.444297075271606445e-01,9.120084228515625000e+02,7.154204101562500000e+02,5.906149148941040039e-01,9.117105712890625000e+02,7.167208251953125000e+02,7.589666843414306641e-01,9.120065917968750000e+02,7.151343994140625000e+02,6.558619737625122070e-01,9.181630859375000000e+02,7.160168457031250000e+02,8.000768423080444336e-01,9.184901733398437500e+02,7.148511962890625000e+02,5.395042896270751953e-01,9.049689331054687500e+02,6.500247192382812500e+02,2.270257568359375000e+01,6.325787353515625000e+01,0.000000000000000000e+00
1.600000000000000000e+01,3.900000000000000000e+01,9.093285522460937500e+02,6.548485107421875000e+02,8.346753120422363281e-01,9.106276855468750000e+02,6.528998413085937500e+02,8.366030454635620117e-01,9.093285522460937500e+02,6.528998413085937500e+02,8.140857815742492676e-01,9.138754882812500000e+02,6.535493774414062500e+02,7.363829016685485840e-01,9.145250244140625000e+02,6.535493774414062500e+02,5.984686017036437988e-01,9.177728271484375000e+02,6.600449829101562500e+02,8.501861095428466797e-01,9.132259521484375000e+02,6.606945800781250000e+02,6.794554591178894043e-01,9.125763549804687500e+02,6.691387939453125000e+02,6.384993195533752441e-01,9.067303466796875000e+02,6.678397216796875000e+02,8.735213279724121094e-01,9.086790161132812500e+02,6.671901245117187500e+02,7.658515572547912598e-01,9.099781494140625000e+02,6.671901245117187500e+02,6.096230745315551758e-01,9.164736938476562500e+02,6.821300048828125000e+02,8.357603549957275391e-01,9.125763549804687500e+02,6.821300048828125000e+02,8.192836046218872070e-01,9.164736938476562500e+02,6.977194213867187500e+02,8.430001139640808105e-01,9.080294799804687500e+02,6.970698852539062500e+02,8.718785047531127930e-01,9.184224243164062500e+02,7.126593017578125000e+02,8.136848211288452148e-01,9.138754882812500000e+02,7.113601684570312500e+02,7.829825878143310547e-01,9.125763549804687500e+02,6.483529052734375000e+02,8.353389501571655273e-01,9.145250244140625000e+02,6.567971801757812500e+02,8.989393115043640137e-01,9.145250244140625000e+02,6.814804687500000000e+02,9.110648036003112793e-01,9.112772216796875000e+02,7.172061767578125000e+02,8.003512620925903320e-01,9.086790161132812500e+02,7.178557739257812500e+02,8.543493747711181641e-01,9.132259521484375000e+02,7.178557739257812500e+02,7.501350045204162598e-01,9.080294799804687500e+02,7.172061767578125000e+02,8.415575027465820312e-01,9.197214965820312500e+02,7.165566406250000000e+02,8.662067055702209473e-01,9.151746215820312500e+02,7.165566406250000000e+02,6.996654868125915527e-01,9.040651855468750000e+02,6.524451293945312500e+02,2.676574707031250000e+01,6.651489257812500000e+01,0.000000000000000000e+00
1.600000000000000000e+01,4.000000000000000000e+01,9.120921630859375000e+02,6.556223144531250000e+02,6.182429790496826172e-01,9.127672729492187500e+02,6.535969238281250000e+02,6.534368991851806641e-01,9.120921630859375000e+02,6.535969238281250000e+02,5.369652509689331055e-01,9.161429443359375000e+02,6.542720947265625000e+02,6.207997202873229980e-01,9.168180541992187500e+02,6.542720947265625000e+02,4.364860653877258301e-01,9.195186157226562500e+02,6.616985473632812500e+02,7.142845392227172852e-01,9.161429443359375000e+02,6.616985473632812500e+02,6.162818670272827148e-01,9.087164306640625000e+02,6.664244995117187500e+02,7.460406422615051270e-01,9.080413208007812500e+02,6.664244995117187500e+02,8.738904595375061035e-01,9.120921630859375000e+02,6.657493896484375000e+02,4.856023192405700684e-01,9.120921630859375000e+02,6.657493896484375000e+02,5.100871920585632324e-01,9.188435058593750000e+02,6.826277465820312500e+02,7.600734233856201172e-01,9.134423828125000000e+02,6.826277465820312500e+02,7.140731215476989746e-01,9.201937866210937500e+02,6.995061035156250000e+02,8.449090719223022461e-01,9.087164306640625000e+02,6.981558837890625000e+02,8.335397839546203613e-01,9.222191772460937500e+02,7.143591308593750000e+02,8.580699563026428223e-01,9.120921630859375000e+02,7.130088500976562500e+02,8.645224571228027344e-01,9.161429443359375000e+02,6.495461425781250000e+02,6.458106040954589844e-01,9.174932250976562500e+02,6.576477661132812500e+02,7.983997464179992676e-01,9.161429443359375000e+02,6.826277465820312500e+02,8.163262009620666504e-01,9.154678344726562500e+02,7.177348022460937500e+02,5.746374726295471191e-01,9.073662109375000000e+02,7.184099121093750000e+02,8.587383031845092773e-01,9.161429443359375000e+02,7.184099121093750000e+02,5.162445902824401855e-01,9.073662109375000000e+02,7.177348022460937500e+02,8.550784587860107422e-01,9.235694580078125000e+02,7.170596313476562500e+02,7.914460897445678711e-01,9.141175537109375000e+02,7.157093505859375000e+02,8.587511777877807617e-01,9.054674682617187500e+02,6.504237670898437500e+02,2.607690429687500000e+01,6.913385009765625000e+01,0.000000000000000000e+00
1.600000000000000000e+01,4.100000000000000000e+01,9.149428710937500000e+02,6.533129882812500000e+02,6.206848621368408203e-01,9.156105957031250000e+02,6.519775390625000000e+02,6.294270157814025879e-01,9.156105957031250000e+02,6.526452636718750000e+02,5.347841978073120117e-01,9.182814941406250000e+02,6.526452636718750000e+02,6.078503727912902832e-01,9.222878417968750000e+02,6.533129882812500000e+02,6.572610139846801758e-01,9.189492187500000000e+02,6.606579589843750000e+02,6.833497881889343262e-01,9.242910156250000000e+02,6.619934082031250000e+02,7.207285165786743164e-01,9.102687988281250000e+02,6.666674804687500000e+02,8.455014824867248535e-01,9.096010742187500000e+02,6.666674804687500000e+02,7.627287507057189941e-01,9.122719726562500000e+02,6.593225097656250000e+02,7.901539802551269531e-01,9.129396972656250000e+02,6.599902343750000000e+02,6.068231463432312012e-01,9.156105957031250000e+02,6.820251464843750000e+02,7.873595356941223145e-01,9.216201171875000000e+02,6.826928710937500000e+02,8.226277828216552734e-01,9.102687988281250000e+02,6.980505371093750000e+02,9.064362645149230957e-01,9.222878417968750000e+02,6.993859863281250000e+02,8.828114867210388184e-01,9.096010742187500000e+02,7.140759277343750000e+02,9.147287607192993164e-01,9.249587402343750000e+02,7.147436523437500000e+02,8.442123532295227051e-01,9.196169433593750000e+02,6.486389160156250000e+02,5.949834585189819336e-01,9.202846679687500000e+02,6.559838867187500000e+02,7.996965646743774414e-01,9.189492187500000000e+02,6.813574218750000000e+02,8.915724158287048340e-01,9.062624511718750000e+02,7.167468261718750000e+02,7.052634954452514648e-01,9.196169433593750000e+02,7.174145507812500000e+02,7.154168486595153809e-01,9.055947265625000000e+02,7.180822753906250000e+02,7.430397868156433105e-01,9.202846679687500000e+02,7.167468261718750000e+02,7.096977829933166504e-01,9.116042480468750000e+02,7.174145507812500000e+02,8.454365730285644531e-01,9.262941894531250000e+02,7.174145507812500000e+02,8.116780519485473633e-01,9.063883056640625000e+02,6.515100708007812500e+02,2.578948974609375000e+01,6.837506103515625000e+01,0.000000000000000000e+00
1.600000000000000000e+01,4.200000000000000000e+01,9.148843383789062500e+02,6.538725585937500000e+02,6.278699040412902832e-01,9.168959350585937500e+02,6.518609619140625000e+02,6.306745409965515137e-01,9.155548706054687500e+02,6.525314941406250000e+02,4.878475368022918701e-01,9.189075927734375000e+02,6.532020263671875000e+02,5.716469883918762207e-01,9.222603149414062500e+02,6.525314941406250000e+02,6.592066287994384766e-01,9.202486572265625000e+02,6.605780029296875000e+02,7.546293735504150391e-01,9.242719116210937500e+02,6.619190673828125000e+02,6.660347580909729004e-01,9.108610839843750000e+02,6.666128540039062500e+02,9.091093540191650391e-01,9.108610839843750000e+02,6.672833862304687500e+02,8.005734086036682129e-01,9.135432739257812500e+02,6.585663452148437500e+02,8.919416069984436035e-01,9.142138061523437500e+02,6.592368774414062500e+02,7.122302651405334473e-01,9.182370605468750000e+02,6.813647460937500000e+02,7.478303909301757812e-01,9.222603149414062500e+02,6.820352783203125000e+02,7.892792224884033203e-01,9.115316162109375000e+02,6.981282958984375000e+02,8.307819366455078125e-01,9.242719116210937500e+02,6.987988281250000000e+02,8.671226501464843750e-01,9.081789550781250000e+02,7.142212524414062500e+02,8.841858506202697754e-01,9.276246337890625000e+02,7.135507202148437500e+02,7.060310244560241699e-01,9.209191894531250000e+02,6.464966430664062500e+02,6.226394772529602051e-01,9.215897827148437500e+02,6.572252807617187500e+02,8.426663279533386230e-01,9.195781250000000000e+02,6.813647460937500000e+02,8.426430821418762207e-01,9.041557006835937500e+02,7.162329101562500000e+02,6.815062761306762695e-01,9.222603149414062500e+02,7.182445068359375000e+02,8.097239136695861816e-01,9.041557006835937500e+02,7.169034423828125000e+02,6.936337947845458984e-01,9.229308471679687500e+02,7.175739746093750000e+02,7.701436877250671387e-01,9.095200195312500000e+02,7.175739746093750000e+02,7.848163247108459473e-01,9.289656982421875000e+02,7.169034423828125000e+02,8.684526085853576660e-01,9.067707519531250000e+02,6.507210693359375000e+02,2.494421386718750000e+01,6.866339111328125000e+01,0.000000000000000000e+00
1.600000000000000000e+01,4.300000000000000000e+01,9.185405883789062500e+02,6.545517578125000000e+02,5.855341553688049316e-01,9.188128662109375000e+02,6.526928710937500000e+02,5.979186892509460449e-01,9.188103027343750000e+02,6.531116943359375000e+02,4.973028898239135742e-01,9.206301269531250000e+02,6.542686767578125000e+02,6.401128768920898438e-01,9.254384155273437500e+02,6.542657470703125000e+02,6.033229827880859375e-01,9.206094970703125000e+02,6.614967041015625000e+02,7.620738744735717773e-01,9.268320312500000000e+02,6.625870361328125000e+02,7.732504606246948242e-01,9.119006347656250000e+02,6.673992919921875000e+02,8.756322860717773438e-01,9.281563720703125000e+02,6.715347900390625000e+02,7.719722986221313477e-01,9.143174438476562500e+02,6.597829589843750000e+02,8.392493724822998047e-01,9.154621582031250000e+02,6.597972412109375000e+02,5.593890547752380371e-01,9.185006713867187500e+02,6.826445312500000000e+02,7.754274606704711914e-01,9.236423339843750000e+02,6.829667358398437500e+02,8.218333721160888672e-01,9.125948486328125000e+02,6.988350219726562500e+02,8.527261018753051758e-01,9.260589599609375000e+02,6.988404541015625000e+02,8.440833687782287598e-01,9.077673339843750000e+02,7.144023437500000000e+02,8.788636922836303711e-01,9.305698852539062500e+02,7.137049560546875000e+02,7.622674107551574707e-01,9.223605957031250000e+02,6.490397338867187500e+02,6.827285289764404297e-01,9.230185546875000000e+02,6.576855468750000000e+02,8.413114547729492188e-01,9.208511962890625000e+02,6.822656250000000000e+02,8.363577127456665039e-01,9.004844970703125000e+02,7.157996826171875000e+02,7.982374429702758789e-01,9.269675903320312500e+02,7.183480834960937500e+02,7.493950724601745605e-01,9.008415527343750000e+02,7.171855468750000000e+02,7.742135524749755859e-01,9.275911254882812500e+02,7.177245483398437500e+02,6.807495951652526855e-01,9.084504394531250000e+02,7.178777465820312500e+02,8.099439740180969238e-01,9.319634399414062500e+02,7.168591308593750000e+02,7.360556721687316895e-01,9.076104736328125000e+02,6.530664672851562500e+02,2.686755371093750000e+01,6.384753417968750000e+01,0.000000000000000000e+00
1.600000000000000000e+01,4.600000000000000000e+01,9.173645019531250000e+02,6.531411132812500000e+02,7.710459828376770020e-01,9.188421020507812500e+02,6.513963623046875000e+02,7.606547474861145020e-01,9.179483642578125000e+02,6.513478393554687500e+02,7.102074623107910156e-01,9.215567626953125000e+02,6.525344238281250000e+02,7.350419759750366211e-01,9.249542236328125000e+02,6.523041992187500000e+02,5.825581550598144531e-01,9.252545166015625000e+02,6.609765014648437500e+02,7.126128673553466797e-01,9.263324584960937500e+02,6.606561889648437500e+02,7.145696878433227539e-01,9.282612915039062500e+02,6.717974853515625000e+02,6.303740739822387695e-01,9.157888183593750000e+02,6.672438964843750000e+02,8.200399875640869141e-01,9.203483886718750000e+02,6.672438964843750000e+02,5.915387272834777832e-01,9.185545654296875000e+02,6.623372192382812500e+02,4.609020948410034180e-01,9.239346313476562500e+02,6.824417724609375000e+02,6.750023365020751953e-01,9.238946533203125000e+02,6.827470703125000000e+02,6.692971587181091309e-01,9.277986450195312500e+02,6.996942749023437500e+02,7.822111248970031738e-01,9.173086547851562500e+02,6.999210205078125000e+02,8.518736362457275391e-01,9.378268432617187500e+02,7.135998535156250000e+02,8.522382378578186035e-01,9.135089721679687500e+02,7.166395874023437500e+02,8.095852136611938477e-01,9.216224365234375000e+02,6.484446411132812500e+02,7.237658500671386719e-01,9.241542358398437500e+02,6.563734130859375000e+02,7.841425538063049316e-01,9.237531738281250000e+02,6.819182739257812500e+02,7.927961349487304688e-01,9.325073242187500000e+02,7.181594238281250000e+02,8.286527395248413086e-01,9.051497192382812500e+02,7.189193725585937500e+02,7.960179448127746582e-01,9.340272216796875000e+02,7.189193725585937500e+02,7.758287787437438965e-01,9.059096679687500000e+02,7.189193725585937500e+02,7.686595916748046875e-01,9.393467407226562500e+02,7.151196899414062500e+02,8.433687686920166016e-01,9.142689208984375000e+02,7.189193725585937500e+02,8.223426342010498047e-01,9.057277832031250000e+02,6.454338378906250000e+02,3.912036132812500000e+01,7.781713867187500000e+01,0.000000000000000000e+00
1.600000000000000000e+01,4.700000000000000000e+01,9.174771118164062500e+02,6.533192749023437500e+02,7.787091135978698730e-01,9.180817260742187500e+02,6.513137207031250000e+02,7.413487434387207031e-01,9.177075195312500000e+02,6.514208984375000000e+02,6.812467575073242188e-01,9.216196899414062500e+02,6.517510986328125000e+02,7.346944808959960938e-01,9.250187988281250000e+02,6.516756591796875000e+02,5.406609773635864258e-01,9.272420654296875000e+02,6.607611694335937500e+02,7.817944884300231934e-01,9.251958618164062500e+02,6.604705200195312500e+02,6.847887635231018066e-01,9.301109619140625000e+02,6.716371459960937500e+02,6.157134175300598145e-01,9.159154052734375000e+02,6.670192871093750000e+02,7.767902612686157227e-01,9.210742797851562500e+02,6.679432983398437500e+02,4.470531940460205078e-01,9.192653808593750000e+02,6.629883422851562500e+02,2.970451712608337402e-01,9.259108276367187500e+02,6.830313720703125000e+02,7.960844635963439941e-01,9.212998657226562500e+02,6.822404174804687500e+02,6.970528364181518555e-01,9.285622558593750000e+02,7.008676757812500000e+02,8.679243922233581543e-01,9.181878051757812500e+02,7.008850097656250000e+02,8.924722671508789062e-01,9.386601562500000000e+02,7.122885742187500000e+02,8.353556394577026367e-01,9.152524414062500000e+02,7.172193603515625000e+02,8.037185072898864746e-01,9.215037231445312500e+02,6.473313598632812500e+02,7.320302128791809082e-01,9.239071044921875000e+02,6.559714355468750000e+02,7.814183235168457031e-01,9.236867065429687500e+02,6.818212890625000000e+02,7.591072320938110352e-01,9.359066162109375000e+02,7.176316528320312500e+02,6.685186028480529785e-01,9.069835205078125000e+02,7.205981445312500000e+02,7.260199785232543945e-01,9.373898315429687500e+02,7.168900756835937500e+02,6.563199162483215332e-01,9.077251586914062500e+02,7.198565063476562500e+02,7.251041531562805176e-01,9.410979614257812500e+02,7.139235839843750000e+02,6.119513511657714844e-01,9.167634887695312500e+02,7.197896118164062500e+02,5.022463798522949219e-01,9.071202392578125000e+02,6.481420898437500000e+02,3.754913330078125000e+01,7.594171142578125000e+01,0.000000000000000000e+00
1.600000000000000000e+01,4.800000000000000000e+01,9.187121582031250000e+02,6.520035400390625000e+02,8.575990200042724609e-01,9.192380371093750000e+02,6.501420898437500000e+02,8.388729691505432129e-01,9.192392578125000000e+02,6.499612426757812500e+02,7.880721092224121094e-01,9.228591308593750000e+02,6.505219726562500000e+02,8.088335990905761719e-01,9.266835327148437500e+02,6.505150146484375000e+02,6.755778789520263672e-01,9.276871337890625000e+02,6.595403442382812500e+02,7.766272425651550293e-01,9.280992431640625000e+02,6.591359863281250000e+02,7.445230484008789062e-01,9.171160888671875000e+02,6.653355102539062500e+02,6.330814361572265625e-01,9.168129882812500000e+02,6.653196411132812500e+02,8.600738048553466797e-01,9.186942138671875000e+02,6.573961181640625000e+02,6.952338814735412598e-01,9.190481567382812500e+02,6.576654663085937500e+02,5.057132244110107422e-01,9.263381347656250000e+02,6.820886230468750000e+02,8.134008646011352539e-01,9.216433105468750000e+02,6.821050415039062500e+02,7.612944841384887695e-01,9.269047241210937500e+02,7.010274658203125000e+02,8.545362353324890137e-01,9.190979003906250000e+02,7.009254150390625000e+02,8.521793484687805176e-01,9.384230957031250000e+02,7.111215820312500000e+02,8.718277812004089355e-01,9.177694091796875000e+02,7.170233154296875000e+02,8.170635104179382324e-01,9.223311767578125000e+02,6.467324218750000000e+02,6.928344964981079102e-01,9.252813720703125000e+02,6.549597167968750000e+02,8.439850807189941406e-01,9.243348388671875000e+02,6.814141845703125000e+02,8.805660009384155273e-01,9.380447387695312500e+02,7.173085937500000000e+02,8.155601024627685547e-01,9.109002685546875000e+02,7.203828125000000000e+02,7.827364802360534668e-01,9.393740234375000000e+02,7.163487548828125000e+02,8.259315490722656250e-01,9.118464355468750000e+02,7.192983398437500000e+02,7.970551848411560059e-01,9.409942626953125000e+02,7.101667480468750000e+02,8.375052809715270996e-01,9.193767089843750000e+02,7.199711914062500000e+02,8.097016811370849609e-01,9.081005859375000000e+02,6.481414794921875000e+02,3.614349365234375000e+01,7.679119873046875000e+01,0.000000000000000000e+00
1.600000000000000000e+01,4.900000000000000000e+01,9.207278442382812500e+02,6.511638183593750000e+02,8.086628913879394531e-01,9.216643676757812500e+02,6.503445434570312500e+02,7.943837046623229980e-01,9.207241210937500000e+02,6.498244628906250000e+02,7.517850995063781738e-01,9.247332763671875000e+02,6.507564697265625000e+02,7.614561915397644043e-01,9.270109863281250000e+02,6.511437988281250000e+02,6.533784270286560059e-01,9.293387451171875000e+02,6.589948730468750000e+02,7.860289812088012695e-01,9.284715576171875000e+02,6.589791870117187500e+02,8.056181669235229492e-01,9.328177490234375000e+02,6.707977905273437500e+02,6.865039467811584473e-01,9.167546386718750000e+02,6.656083984375000000e+02,8.869189023971557617e-01,9.223602905273437500e+02,6.680350341796875000e+02,7.218546867370605469e-01,9.195166015625000000e+02,6.567680664062500000e+02,5.330510735511779785e-01,9.271354980468750000e+02,6.824140014648437500e+02,7.549127936363220215e-01,9.228411865234375000e+02,6.819123535156250000e+02,7.513232827186584473e-01,9.260640869140625000e+02,7.017200927734375000e+02,8.839733600616455078e-01,9.210147705078125000e+02,7.022666015625000000e+02,8.582322597503662109e-01,9.382656250000000000e+02,7.111362304687500000e+02,9.095582962036132812e-01,9.206845703125000000e+02,7.183142089843750000e+02,7.457016110420227051e-01,9.245894775390625000e+02,6.470158081054687500e+02,7.099241614341735840e-01,9.267167968750000000e+02,6.551389160156250000e+02,8.883032798767089844e-01,9.251201171875000000e+02,6.819276733398437500e+02,8.669285774230957031e-01,9.382662353515625000e+02,7.172296752929687500e+02,7.416319251060485840e-01,9.135677490234375000e+02,7.213623046875000000e+02,7.504174709320068359e-01,9.398597412109375000e+02,7.165651245117187500e+02,7.750838994979858398e-01,9.142897949218750000e+02,7.204066772460937500e+02,6.858268380165100098e-01,9.407886962890625000e+02,7.102001953125000000e+02,7.888500690460205078e-01,9.225579223632812500e+02,7.201303710937500000e+02,5.076410770416259766e-01,9.083867187500000000e+02,6.460780029296875000e+02,3.552478027343750000e+01,7.990222167968750000e+01,0.000000000000000000e+00
1.600000000000000000e+01,5.000000000000000000e+01,9.207942504882812500e+02,6.510963134765625000e+02,8.446062803268432617e-01,9.216201782226562500e+02,6.498428344726562500e+02,7.933583259582519531e-01,9.211857910156250000e+02,6.493227539062500000e+02,7.712582349777221680e-01,9.257973022460937500e+02,6.498488769531250000e+02,7.436450123786926270e-01,9.269661865234375000e+02,6.502864990234375000e+02,5.963565707206726074e-01,9.315422363281250000e+02,6.596052246093750000e+02,8.173974752426147461e-01,9.246009521484375000e+02,6.587286376953125000e+02,8.214545845985412598e-01,9.330302734375000000e+02,6.704588623046875000e+02,8.501473665237426758e-01,9.174963378906250000e+02,6.661990966796875000e+02,8.061940670013427734e-01,9.228524169921875000e+02,6.678540039062500000e+02,8.667758703231811523e-01,9.215816650390625000e+02,6.625280761718750000e+02,5.147642493247985840e-01,9.278109130859375000e+02,6.836586303710937500e+02,8.292812108993530273e-01,9.227060546875000000e+02,6.826868896484375000e+02,8.302227258682250977e-01,9.250551757812500000e+02,7.008405761718750000e+02,9.044079780578613281e-01,9.224481201171875000e+02,7.015446777343750000e+02,8.941895961761474609e-01,9.370194702148437500e+02,7.113027954101562500e+02,8.336471319198608398e-01,9.224431152343750000e+02,7.185949707031250000e+02,8.245897293090820312e-01,9.248432006835937500e+02,6.452327880859375000e+02,7.121739983558654785e-01,9.271227416992187500e+02,6.546553955078125000e+02,9.150019288063049316e-01,9.254726562500000000e+02,6.829704589843750000e+02,8.938189148902893066e-01,9.158640747070312500e+02,7.212613525390625000e+02,7.668841481208801270e-01,9.375074462890625000e+02,7.179706420898437500e+02,7.449316978454589844e-01,9.158640747070312500e+02,7.220717773437500000e+02,7.891169786453247070e-01,9.385559692382812500e+02,7.180196533203125000e+02,8.375515341758728027e-01,9.239683227539062500e+02,7.212613525390625000e+02,7.953083515167236328e-01,9.385559692382812500e+02,7.123466796875000000e+02,6.900607347488403320e-01,9.099705200195312500e+02,6.437036132812500000e+02,3.366864013671875000e+01,8.298760986328125000e+01,0.000000000000000000e+00
1.600000000000000000e+01,5.100000000000000000e+01,9.211451416015625000e+02,6.516044921875000000e+02,7.942277789115905762e-01,9.226730957031250000e+02,6.500765991210937500e+02,7.756865024566650391e-01,9.219091186523437500e+02,6.500765991210937500e+02,7.195169329643249512e-01,9.264929199218750000e+02,6.508405151367187500e+02,8.211609125137329102e-01,9.272568359375000000e+02,6.508405151367187500e+02,6.432443857192993164e-01,9.325479125976562500e+02,6.593015747070312500e+02,6.904358863830566406e-01,9.276768188476562500e+02,6.592954101562500000e+02,6.929823756217956543e-01,9.340240478515625000e+02,6.705474853515625000e+02,6.801059246063232422e-01,9.182305297851562500e+02,6.646517333984375000e+02,8.060630559921264648e-01,9.240907592773437500e+02,6.669832763671875000e+02,7.120367288589477539e-01,9.235836181640625000e+02,6.580931396484375000e+02,3.223301470279693604e-01,9.281064453125000000e+02,6.837187500000000000e+02,7.239112854003906250e-01,9.239367675781250000e+02,6.814116210937500000e+02,7.443072795867919922e-01,9.242552490234375000e+02,7.006607666015625000e+02,8.346082568168640137e-01,9.236384277343750000e+02,7.003166503906250000e+02,7.737867832183837891e-01,9.354458007812500000e+02,7.105187988281250000e+02,5.202446579933166504e-01,9.249649658203125000e+02,7.188332519531250000e+02,6.845089793205261230e-01,9.257289428710937500e+02,6.447288208007812500e+02,9.077493548393249512e-01,9.290342407226562500e+02,6.560410156250000000e+02,7.848667502403259277e-01,9.260263061523437500e+02,6.808402709960937500e+02,7.704632282257080078e-01,9.173253173828125000e+02,7.218890991210937500e+02,8.249770402908325195e-01,9.364244384765625000e+02,7.180692749023437500e+02,7.742547392845153809e-01,9.188532714843750000e+02,7.226530761718750000e+02,8.545025587081909180e-01,9.364244384765625000e+02,7.173052978515625000e+02,7.950766682624816895e-01,9.264929199218750000e+02,7.218890991210937500e+02,8.792420625686645508e-01,9.371895141601562500e+02,7.110679931640625000e+02,7.261273860931396484e-01,9.090135498046875000e+02,6.480139160156250000e+02,3.572271728515625000e+01,7.822979736328125000e+01,0.000000000000000000e+00
1.600000000000000000e+01,5.200000000000000000e+01,9.237130737304687500e+02,6.516098022460937500e+02,8.503838181495666504e-01,9.245074462890625000e+02,6.500210571289062500e+02,7.867077589035034180e-01,9.237130737304687500e+02,6.492266845703125000e+02,7.724071145057678223e-01,9.284792480468750000e+02,6.500210571289062500e+02,8.549854755401611328e-01,9.284792480468750000e+02,6.500210571289062500e+02,6.344069242477416992e-01,9.339467163085937500e+02,6.590164794921875000e+02,7.275507450103759766e-01,9.279175415039062500e+02,6.590523071289062500e+02,6.815079450607299805e-01,9.340398559570312500e+02,6.706746826171875000e+02,7.952058315277099609e-01,9.193334350585937500e+02,6.662712402343750000e+02,6.558535695075988770e-01,9.241507568359375000e+02,6.663404541015625000e+02,7.222769260406494141e-01,9.234702148437500000e+02,6.645374755859375000e+02,5.751831531524658203e-01,9.292290649414062500e+02,6.818940429687500000e+02,7.158068418502807617e-01,9.250991210937500000e+02,6.809233398437500000e+02,7.111524343490600586e-01,9.250168457031250000e+02,6.986342163085937500e+02,7.671686410903930664e-01,9.243208618164062500e+02,6.987634277343750000e+02,7.097806334495544434e-01,9.332454833984375000e+02,7.143649291992187500e+02,7.081366181373596191e-01,9.276848754882812500e+02,7.183367919921875000e+02,7.367111444473266602e-01,9.276848754882812500e+02,6.436661376953125000e+02,8.870756626129150391e-01,9.300679931640625000e+02,6.547872924804687500e+02,8.741522431373596191e-01,9.271768798828125000e+02,6.806693725585937500e+02,7.727581262588500977e-01,9.316567382812500000e+02,7.207199096679687500e+02,5.393627882003784180e-01,9.213299560546875000e+02,7.238973999023437500e+02,7.969718575477600098e-01,9.332454833984375000e+02,7.207199096679687500e+02,6.074946522712707520e-01,9.221243286132812500e+02,7.223086547851562500e+02,8.186364173889160156e-01,9.364229736328125000e+02,7.143649291992187500e+02,5.704366564750671387e-01,9.300679931640625000e+02,7.215142822265625000e+02,7.924605011940002441e-01,9.082823486328125000e+02,6.462875366210937500e+02,3.801080322265625000e+01,8.134332275390625000e+01,0.000000000000000000e+00
1.600000000000000000e+01,5.300000000000000000e+01,9.217629394531250000e+02,6.512028198242187500e+02,8.773797154426574707e-01,9.234019165039062500e+02,6.495638427734375000e+02,8.637112975120544434e-01,9.217629394531250000e+02,6.495638427734375000e+02,8.547528982162475586e-01,9.283188476562500000e+02,6.495638427734375000e+02,8.570810556411743164e-01,9.225824584960937500e+02,6.503833007812500000e+02,5.721147060394287109e-01,9.341001586914062500e+02,6.599478759765625000e+02,7.401149272918701172e-01,9.240823974609375000e+02,6.592693481445312500e+02,7.351465225219726562e-01,9.356941528320312500e+02,6.708704223632812500e+02,8.847287893295288086e-01,9.197224121093750000e+02,6.705193481445312500e+02,7.720514535903930664e-01,9.245867919921875000e+02,6.675687866210937500e+02,7.768101692199707031e-01,9.150486450195312500e+02,6.785391235351562500e+02,8.316417932510375977e-01,9.288015136718750000e+02,6.837503662109375000e+02,7.507023811340332031e-01,9.259499511718750000e+02,6.831644287109375000e+02,7.272765636444091797e-01,9.243847656250000000e+02,6.996202392578125000e+02,8.298857212066650391e-01,9.261231689453125000e+02,6.993869018554687500e+02,7.560757398605346680e-01,9.299577636718750000e+02,7.159420166015625000e+02,7.901555895805358887e-01,9.307772827148437500e+02,7.151224975585937500e+02,8.157576322555541992e-01,9.258603515625000000e+02,6.438274536132812500e+02,9.143723845481872559e-01,9.286907348632812500e+02,6.561987304687500000e+02,8.159700036048889160e-01,9.270852661132812500e+02,6.830591430664062500e+02,7.712987661361694336e-01,9.242214355468750000e+02,7.233173828125000000e+02,7.574577331542968750e-01,9.225824584960937500e+02,7.241368408203125000e+02,7.637799382209777832e-01,9.258603515625000000e+02,7.233173828125000000e+02,7.387415170669555664e-01,9.242214355468750000e+02,7.224978637695312500e+02,8.382721543312072754e-01,9.324162597656250000e+02,7.200394287109375000e+02,6.972147822380065918e-01,9.324162597656250000e+02,7.216784057617187500e+02,6.715570688247680664e-01,9.092854003906250000e+02,6.448928222656250000e+02,3.560839843750000000e+01,8.391510009765625000e+01,0.000000000000000000e+00
1.600000000000000000e+01,5.400000000000000000e+01,9.236281127929687500e+02,6.520979614257812500e+02,8.944353461265563965e-01,9.252858276367187500e+02,6.496114501953125000e+02,8.641099929809570312e-01,9.236281127929687500e+02,6.496114501953125000e+02,8.771757483482360840e-01,9.294301147460937500e+02,6.504403076171875000e+02,8.505924344062805176e-01,9.252858276367187500e+02,6.504403076171875000e+02,6.225679516792297363e-01,9.342506713867187500e+02,6.608835449218750000e+02,7.713223099708557129e-01,9.240515136718750000e+02,6.593477783203125000e+02,7.194558382034301758e-01,9.362087402343750000e+02,6.709185791015625000e+02,7.608847022056579590e-01,9.198974609375000000e+02,6.708963623046875000e+02,7.555087804794311523e-01,9.267952880859375000e+02,6.686359863281250000e+02,7.798466682434082031e-01,9.145108032226562500e+02,6.786211547851562500e+02,9.247630238533020020e-01,9.299217529296875000e+02,6.827424926757812500e+02,7.954672574996948242e-01,9.255850830078125000e+02,6.825909423828125000e+02,7.728102803230285645e-01,9.260883789062500000e+02,6.985076904296875000e+02,7.143277525901794434e-01,9.272220458984375000e+02,6.986369628906250000e+02,7.175643444061279297e-01,9.302589111328125000e+02,7.192348022460937500e+02,8.512739539146423340e-01,9.310877685546875000e+02,7.184059448242187500e+02,8.179608583450317383e-01,9.269435424804687500e+02,6.438095092773437500e+02,8.801424503326416016e-01,9.292561035156250000e+02,6.570728759765625000e+02,7.652508020401000977e-01,9.280161132812500000e+02,6.823350830078125000e+02,8.462610244750976562e-01,9.236281127929687500e+02,7.242079467773437500e+02,8.675059676170349121e-01,9.244569702148437500e+02,7.250367431640625000e+02,8.347388505935668945e-01,9.252858276367187500e+02,7.250367431640625000e+02,8.849459290504455566e-01,9.236281127929687500e+02,7.233790893554687500e+02,8.309364914894104004e-01,9.327454833984375000e+02,7.225502319335937500e+02,8.605698943138122559e-01,9.344031982421875000e+02,7.225502319335937500e+02,7.462987303733825684e-01,9.094335327148437500e+02,6.457158203125000000e+02,3.419116210937500000e+01,8.487420654296875000e+01,0.000000000000000000e+00
1.600000000000000000e+01,5.500000000000000000e+01,9.231482543945312500e+02,6.521169433593750000e+02,8.947488665580749512e-01,9.247601928710937500e+02,6.505050048828125000e+02,8.905860185623168945e-01,9.231482543945312500e+02,6.505050048828125000e+02,8.896256089210510254e-01,9.295958862304687500e+02,6.513109741210937500e+02,8.696080446243286133e-01,9.239542236328125000e+02,6.513109741210937500e+02,5.535421967506408691e-01,9.346662597656250000e+02,6.606220092773437500e+02,7.158882021903991699e-01,9.250996704101562500e+02,6.605970458984375000e+02,7.192672491073608398e-01,9.369245605468750000e+02,6.720369262695312500e+02,6.531492471694946289e-01,9.200088500976562500e+02,6.711256103515625000e+02,7.977035641670227051e-01,9.271556396484375000e+02,6.695967407226562500e+02,6.942467093467712402e-01,9.135058593750000000e+02,6.786209106445312500e+02,7.672559022903442383e-01,9.307335815429687500e+02,6.837749023437500000e+02,8.165130615234375000e-01,9.268968505859375000e+02,6.833333740234375000e+02,7.015627622604370117e-01,9.255661010742187500e+02,7.012800903320312500e+02,7.973208427429199219e-01,9.279840087890625000e+02,7.020860595703125000e+02,8.338021636009216309e-01,9.271780395507812500e+02,7.214289550781250000e+02,5.640635490417480469e-01,9.263720703125000000e+02,7.206229858398437500e+02,5.335252881050109863e-01,9.271780395507812500e+02,6.448633422851562500e+02,8.772222995758056641e-01,9.291548461914062500e+02,6.570427246093750000e+02,7.822132706642150879e-01,9.293540649414062500e+02,6.830858764648437500e+02,7.569503188133239746e-01,9.199244384765625000e+02,7.254587402343750000e+02,8.830620050430297852e-01,9.271780395507812500e+02,7.246527709960937500e+02,7.332986593246459961e-01,9.207304077148437500e+02,7.254587402343750000e+02,9.328781962394714355e-01,9.271780395507812500e+02,7.246527709960937500e+02,7.185900807380676270e-01,9.279840087890625000e+02,7.246527709960937500e+02,7.062515020370483398e-01,9.360435180664062500e+02,7.246527709960937500e+02,8.372741341590881348e-01,9.098488769531250000e+02,6.467170410156250000e+02,3.707617187500000000e+01,8.252966308593750000e+01,0.000000000000000000e+00
1.600000000000000000e+01,5.600000000000000000e+01,9.232515258789062500e+02,6.525268554687500000e+02,9.046244621276855469e-01,9.249654541015625000e+02,6.508129882812500000e+02,9.009878635406494141e-01,9.232515258789062500e+02,6.508129882812500000e+02,8.909765481948852539e-01,9.292502441406250000e+02,6.508129882812500000e+02,8.894653320312500000e-01,9.249654541015625000e+02,6.508129882812500000e+02,5.855120420455932617e-01,9.343920288085937500e+02,6.602395629882812500e+02,8.287588953971862793e-01,9.232515258789062500e+02,6.593825683593750000e+02,8.959786295890808105e-01,9.386768188476562500e+02,6.730939331054687500e+02,8.761661052703857422e-01,9.198236694335937500e+02,6.713800659179687500e+02,9.102075099945068359e-01,9.283933105468750000e+02,6.705230712890625000e+02,8.951585292816162109e-01,9.129680175781250000e+02,6.782357177734375000e+02,8.424049019813537598e-01,9.301072387695312500e+02,6.842344360351562500e+02,8.875966668128967285e-01,9.266793823242187500e+02,6.842344360351562500e+02,8.212498426437377930e-01,9.249654541015625000e+02,7.039445800781250000e+02,8.222626447677612305e-01,9.309641723632812500e+02,7.039445800781250000e+02,7.849531769752502441e-01,9.232515258789062500e+02,7.219407958984375000e+02,6.008414030075073242e-01,9.352489624023437500e+02,7.210838012695312500e+02,5.331319570541381836e-01,9.266793823242187500e+02,6.448142089843750000e+02,9.153775572776794434e-01,9.283933105468750000e+02,6.559547119140625000e+02,9.330422878265380859e-01,9.283933105468750000e+02,6.842344360351562500e+02,9.140383005142211914e-01,9.146818847656250000e+02,7.253685913085937500e+02,8.673695325851440430e-01,9.283933105468750000e+02,7.262255859375000000e+02,8.612007498741149902e-01,9.155388793945312500e+02,7.262255859375000000e+02,9.508109092712402344e-01,9.301072387695312500e+02,7.253685913085937500e+02,7.566293478012084961e-01,9.241084594726562500e+02,7.253685913085937500e+02,9.125005602836608887e-01,9.386768188476562500e+02,7.245116577148437500e+02,9.136214256286621094e-01,9.097561645507812500e+02,6.433574218750000000e+02,3.813122558593750000e+01,8.775280761718750000e+01,0.000000000000000000e+00
1.600000000000000000e+01,5.700000000000000000e+01,9.233268432617187500e+02,6.524626464843750000e+02,8.417701125144958496e-01,9.242514648437500000e+02,6.506133422851562500e+02,8.499835729598999023e-01,9.233268432617187500e+02,6.506133422851562500e+02,8.158391118049621582e-01,9.279501342773437500e+02,6.515380249023437500e+02,8.834791183471679688e-01,9.279501342773437500e+02,6.506133422851562500e+02,5.663303136825561523e-01,9.316488037109375000e+02,6.607846679687500000e+02,8.331238031387329102e-01,9.251761474609375000e+02,6.598599853515625000e+02,8.591853380203247070e-01,9.242514648437500000e+02,6.700312500000000000e+02,4.917770922183990479e-01,9.205528564453125000e+02,6.709559326171875000e+02,8.159930706024169922e-01,9.233268432617187500e+02,6.691066284179687500e+02,6.303524971008300781e-01,9.122308349609375000e+02,6.783532714843750000e+02,6.228798031806945801e-01,9.297994995117187500e+02,6.848258666992187500e+02,8.585485816001892090e-01,9.270254516601562500e+02,6.848258666992187500e+02,7.726048827171325684e-01,9.288748168945312500e+02,7.051685180664062500e+02,6.758236885070800781e-01,9.270254516601562500e+02,7.042438354492187500e+02,6.135920286178588867e-01,9.381214599609375000e+02,7.227371215820312500e+02,6.786660552024841309e-01,9.196281738281250000e+02,7.236617431640625000e+02,6.851234436035156250e-01,9.279501342773437500e+02,6.459900512695312500e+02,8.830220103263854980e-01,9.288748168945312500e+02,6.561613159179687500e+02,9.087432026863098145e-01,9.288748168945312500e+02,6.848258666992187500e+02,8.819513320922851562e-01,9.307241210937500000e+02,7.264357299804687500e+02,8.105943799018859863e-01,9.122308349609375000e+02,7.255111083984375000e+02,8.428669571876525879e-01,9.316488037109375000e+02,7.273604125976562500e+02,8.173289895057678223e-01,9.131555175781250000e+02,7.245864257812500000e+02,8.730062842369079590e-01,9.408954467773437500e+02,7.245864257812500000e+02,9.015120863914489746e-01,9.205528564453125000e+02,7.264357299804687500e+02,8.782251477241516113e-01,9.082855224609375000e+02,6.388701171875000000e+02,4.025390625000000000e+01,9.468554687500000000e+01,0.000000000000000000e+00
1.600000000000000000e+01,5.800000000000000000e+01,9.228119506835937500e+02,6.528709716796875000e+02,8.416039347648620605e-01,9.246679077148437500e+02,6.510150146484375000e+02,8.493229746818542480e-01,9.228119506835937500e+02,6.500869750976562500e+02,8.245494365692138672e-01,9.283798828125000000e+02,6.510150146484375000e+02,8.700588941574096680e-01,9.302359008789062500e+02,6.500869750976562500e+02,5.666567087173461914e-01,9.320918579101562500e+02,6.612229614257812500e+02,8.295772671699523926e-01,9.265239257812500000e+02,6.602949218750000000e+02,7.443618774414062500e-01,9.237399291992187500e+02,6.705028686523437500e+02,5.650358796119689941e-01,9.209559326171875000e+02,6.714309082031250000e+02,7.737767696380615234e-01,9.228119506835937500e+02,6.695748901367187500e+02,6.118640303611755371e-01,9.126040039062500000e+02,6.779268188476562500e+02,3.447372317314147949e-01,9.302359008789062500e+02,6.862788085937500000e+02,8.503247499465942383e-01,9.274519042968750000e+02,6.853508300781250000e+02,7.809164524078369141e-01,9.265239257812500000e+02,7.057667236328125000e+02,7.125098705291748047e-01,9.293078613281250000e+02,7.048386840820312500e+02,6.003953218460083008e-01,9.404438476562500000e+02,7.224705810546875000e+02,5.673272609710693359e-01,9.181719360351562500e+02,7.233986206054687500e+02,6.240793466567993164e-01,9.274519042968750000e+02,6.454470214843750000e+02,8.734382987022399902e-01,9.293078613281250000e+02,6.556549682617187500e+02,8.731385469436645508e-01,9.293078613281250000e+02,6.853508300781250000e+02,8.630298972129821777e-01,9.320918579101562500e+02,7.261826171875000000e+02,7.794467210769653320e-01,9.098200073242187500e+02,7.252545776367187500e+02,8.255037665367126465e-01,9.339478759765625000e+02,7.271105957031250000e+02,8.431438803672790527e-01,9.107479858398437500e+02,7.243265991210937500e+02,8.261613845825195312e-01,9.422998046875000000e+02,7.252545776367187500e+02,8.475864529609680176e-01,9.190999145507812500e+02,7.261826171875000000e+02,8.665631413459777832e-01,9.071851806640625000e+02,6.392294921875000000e+02,4.146142578125000000e+01,9.502667236328125000e+01,0.000000000000000000e+00
1.600000000000000000e+01,5.900000000000000000e+01,9.226339721679687500e+02,6.526036376953125000e+02,8.772700428962707520e-01,9.236026611328125000e+02,6.506662597656250000e+02,8.448476791381835938e-01,9.226339721679687500e+02,6.506662597656250000e+02,8.973571658134460449e-01,9.274773559570312500e+02,6.506662597656250000e+02,8.735387921333312988e-01,9.274773559570312500e+02,6.506662597656250000e+02,6.518299579620361328e-01,9.342581176757812500e+02,6.603530273437500000e+02,8.894824981689453125e-01,9.236026611328125000e+02,6.603530273437500000e+02,8.697718977928161621e-01,9.371641845703125000e+02,6.748832397460937500e+02,7.859526276588439941e-01,9.187592773437500000e+02,6.719772338867187500e+02,8.992493748664855957e-01,9.265087280273437500e+02,6.719772338867187500e+02,8.597992658615112305e-01,9.119785156250000000e+02,6.768206176757812500e+02,5.662518739700317383e-01,9.303834228515625000e+02,6.865073852539062500e+02,8.893409967422485352e-01,9.265087280273437500e+02,6.855387573242187500e+02,8.124462962150573730e-01,9.255400390625000000e+02,7.058810424804687500e+02,8.394840955734252930e-01,9.323208007812500000e+02,7.049123535156250000e+02,8.590911626815795898e-01,9.177905883789062500e+02,7.233172607421875000e+02,8.214894533157348633e-01,9.410388793945312500e+02,7.213798828125000000e+02,7.668455243110656738e-01,9.255400390625000000e+02,6.448541870117187500e+02,8.728904128074645996e-01,9.284460449218750000e+02,6.555096435546875000e+02,9.120783209800720215e-01,9.284460449218750000e+02,6.855387573242187500e+02,8.931058645248413086e-01,9.090724487304687500e+02,7.242859497070312500e+02,7.581221461296081543e-01,9.342581176757812500e+02,7.281606445312500000e+02,7.544759511947631836e-01,9.100411376953125000e+02,7.262232666015625000e+02,7.493973970413208008e-01,9.352268066406250000e+02,7.271919555664062500e+02,7.760672569274902344e-01,9.187592773437500000e+02,7.271919555664062500e+02,7.666734457015991211e-01,9.439449462890625000e+02,7.252546386718750000e+02,9.021085500717163086e-01,9.052148437500000000e+02,6.364266357421875000e+02,4.355639648437500000e+01,9.919281005859375000e+01,0.000000000000000000e+00
1.600000000000000000e+01,6.000000000000000000e+01,9.214904174804687500e+02,6.526071166992187500e+02,8.874485492706298828e-01,9.224595947265625000e+02,6.506688232421875000e+02,8.884097933769226074e-01,9.214904174804687500e+02,6.506688232421875000e+02,8.881313800811767578e-01,9.273053588867187500e+02,6.506688232421875000e+02,8.803399801254272461e-01,9.282745361328125000e+02,6.496996459960937500e+02,6.559421420097351074e-01,9.321511840820312500e+02,6.603604125976562500e+02,7.948022484779357910e-01,9.263362426757812500e+02,6.593912353515625000e+02,6.717359423637390137e-01,9.243978881835937500e+02,6.700520019531250000e+02,4.427300095558166504e-01,9.195521240234375000e+02,6.710211791992187500e+02,8.176781535148620605e-01,9.243978881835937500e+02,6.710211791992187500e+02,6.055245995521545410e-01,9.127679443359375000e+02,6.768361206054687500e+02,7.905411124229431152e-01,9.292437133789062500e+02,6.865277709960937500e+02,8.425633907318115234e-01,9.273053588867187500e+02,6.855585937500000000e+02,7.503478527069091797e-01,9.253670654296875000e+02,7.068801269531250000e+02,7.814770340919494629e-01,9.311820068359375000e+02,7.049417724609375000e+02,7.884411811828613281e-01,9.176137695312500000e+02,7.252941894531250000e+02,7.279098629951477051e-01,9.418427734375000000e+02,7.214175415039062500e+02,6.489744782447814941e-01,9.253670654296875000e+02,6.438847045898437500e+02,8.889712095260620117e-01,9.282745361328125000e+02,6.545454711914062500e+02,8.570569753646850586e-01,9.282745361328125000e+02,6.855585937500000000e+02,8.610877990722656250e-01,9.098604736328125000e+02,7.262633666992187500e+02,6.097512245178222656e-01,9.108296508789062500e+02,7.262633666992187500e+02,4.556821882724761963e-01,9.108296508789062500e+02,7.272324829101562500e+02,6.049986481666564941e-01,9.108296508789062500e+02,7.262633666992187500e+02,5.228918790817260742e-01,9.457194213867187500e+02,7.233558349609375000e+02,5.120929479598999023e-01,9.195521240234375000e+02,7.282016601562500000e+02,4.887730777263641357e-01,9.051477661132812500e+02,6.373912963867187500e+02,4.334606933593750000e+01,9.924200439453125000e+01,0.000000000000000000e+00
1.600000000000000000e+01,6.100000000000000000e+01,9.218786010742187500e+02,6.526636352539062500e+02,8.485730290412902832e-01,9.237664184570312500e+02,6.507758178710937500e+02,8.394376039505004883e-01,9.218786010742187500e+02,6.507758178710937500e+02,8.955014944076538086e-01,9.275421142578125000e+02,6.507758178710937500e+02,8.485244512557983398e-01,9.275421142578125000e+02,6.507758178710937500e+02,6.088150143623352051e-01,9.332055664062500000e+02,6.602149047851562500e+02,7.963455319404602051e-01,9.228225097656250000e+02,6.592709960937500000e+02,6.913855075836181641e-01,9.360372924804687500e+02,6.743735351562500000e+02,6.564285755157470703e-01,9.190468750000000000e+02,6.715418090820312500e+02,8.780493736267089844e-01,9.247103271484375000e+02,6.715418090820312500e+02,7.581151723861694336e-01,9.124395141601562500e+02,6.772052612304687500e+02,7.931250333786010742e-01,9.284860229492187500e+02,6.866443481445312500e+02,8.561368584632873535e-01,9.256542358398437500e+02,6.866443481445312500e+02,7.939054369926452637e-01,9.256542358398437500e+02,7.074104003906250000e+02,7.312073707580566406e-01,9.303738403320312500e+02,7.064664916992187500e+02,8.246463537216186523e-01,9.181029663085937500e+02,7.262885742187500000e+02,6.928558349609375000e-01,9.426446533203125000e+02,7.215690307617187500e+02,6.773883700370788574e-01,9.256542358398437500e+02,6.441684570312500000e+02,9.031296968460083008e-01,9.275421142578125000e+02,6.554953613281250000e+02,8.690561652183532715e-01,9.275421142578125000e+02,6.857004394531250000e+02,8.840506076812744141e-01,9.096077880859375000e+02,7.281763916015625000e+02,8.766610622406005859e-01,9.379251098632812500e+02,7.281763916015625000e+02,8.868802189826965332e-01,9.105516967773437500e+02,7.291203002929687500e+02,8.320236802101135254e-01,9.379251098632812500e+02,7.281763916015625000e+02,9.174550175666809082e-01,9.190468750000000000e+02,7.300642089843750000e+02,7.937873005867004395e-01,9.464202880859375000e+02,7.234568481445312500e+02,7.353386282920837402e-01,9.048729248046875000e+02,6.397320556640625000e+02,4.250653076171875000e+01,9.665637207031250000e+01,0.000000000000000000e+00
1.600000000000000000e+01,6.200000000000000000e+01,9.210319213867187500e+02,6.517268066406250000e+02,9.037868380546569824e-01,9.219802246093750000e+02,6.498302001953125000e+02,8.785587549209594727e-01,9.210319213867187500e+02,6.498302001953125000e+02,9.314479231834411621e-01,9.267218627929687500e+02,6.507785034179687500e+02,8.716697692871093750e-01,9.267218627929687500e+02,6.507785034179687500e+02,5.875168442726135254e-01,9.324118041992187500e+02,6.602617187500000000e+02,8.192766308784484863e-01,9.219802246093750000e+02,6.602617187500000000e+02,7.603337168693542480e-01,9.362050781250000000e+02,6.744865722656250000e+02,6.881369948387145996e-01,9.191352539062500000e+02,6.716416015625000000e+02,8.719531297683715820e-01,9.248251953125000000e+02,6.716416015625000000e+02,7.244299650192260742e-01,9.124970092773437500e+02,6.763832397460937500e+02,8.078365325927734375e-01,9.295668334960937500e+02,6.858664550781250000e+02,8.542391061782836914e-01,9.248251953125000000e+02,6.858664550781250000e+02,8.045551776885986328e-01,9.248251953125000000e+02,7.076778564453125000e+02,8.167672753334045410e-01,9.305151367187500000e+02,7.067295532226562500e+02,8.912686109542846680e-01,9.181869506835937500e+02,7.275925903320312500e+02,8.427793383598327637e-01,9.437916259765625000e+02,7.209543457031250000e+02,8.056461811065673828e-01,9.248251953125000000e+02,6.441402587890625000e+02,9.095596671104431152e-01,9.267218627929687500e+02,6.555201416015625000e+02,9.009250402450561523e-01,9.267218627929687500e+02,6.849180908203125000e+02,8.868377804756164551e-01,9.381016845703125000e+02,7.285409545898437500e+02,6.657357215881347656e-01,9.115487060546875000e+02,7.313859252929687500e+02,3.959166407585144043e-01,9.390500488281250000e+02,7.285409545898437500e+02,6.183261871337890625e-01,9.115487060546875000e+02,7.294892578125000000e+02,4.660047292709350586e-01,9.475849609375000000e+02,7.219027099609375000e+02,5.113762021064758301e-01,9.191352539062500000e+02,7.313859252929687500e+02,4.121835231781005859e-01,9.056130981445312500e+02,6.396831665039062500e+02,4.126922607421875000e+01,9.710815429687500000e+01,0.000000000000000000e+00
1.600000000000000000e+01,6.300000000000000000e+01,9.200870971679687500e+02,6.522057495117187500e+02,9.040493369102478027e-01,9.210494384765625000e+02,6.502810058593750000e+02,8.637458682060241699e-01,9.200870971679687500e+02,6.502810058593750000e+02,9.211281538009643555e-01,9.258612060546875000e+02,6.512434082031250000e+02,8.574100136756896973e-01,9.277859497070312500e+02,6.502810058593750000e+02,5.983248949050903320e-01,9.306730346679687500e+02,6.599046020507812500e+02,7.804069519042968750e-01,9.248988647460937500e+02,6.599046020507812500e+02,6.622104048728942871e-01,9.229741821289062500e+02,6.714528198242187500e+02,5.295882225036621094e-01,9.191247558593750000e+02,6.714528198242187500e+02,7.818037271499633789e-01,9.210494384765625000e+02,6.704904785156250000e+02,5.331715941429138184e-01,9.123882446289062500e+02,6.791516723632812500e+02,7.779752612113952637e-01,9.277859497070312500e+02,6.868505249023437500e+02,8.642081618309020996e-01,9.248988647460937500e+02,6.868505249023437500e+02,8.061391115188598633e-01,9.258612060546875000e+02,7.089846801757812500e+02,8.192066550254821777e-01,9.277859497070312500e+02,7.080223388671875000e+02,9.098225831985473633e-01,9.200870971679687500e+02,7.282318115234375000e+02,8.785811066627502441e-01,9.431836547851562500e+02,7.214953002929687500e+02,8.109083175659179688e-01,9.239365234375000000e+02,6.445068969726562500e+02,9.349227547645568848e-01,9.268236083984375000e+02,6.550928344726562500e+02,8.884752392768859863e-01,9.268236083984375000e+02,6.858881835937500000e+02,8.993902206420898438e-01,9.114259033203125000e+02,7.320812377929687500e+02,6.750032901763916016e-01,9.402965698242187500e+02,7.291941528320312500e+02,5.374359488487243652e-01,9.133505859375000000e+02,7.330435791015625000e+02,6.248791217803955078e-01,9.402965698242187500e+02,7.282318115234375000e+02,5.742198824882507324e-01,9.220117797851562500e+02,7.320812377929687500e+02,6.827741265296936035e-01,9.470330200195312500e+02,7.214953002929687500e+02,5.777826309204101562e-01,9.077537841796875000e+02,6.390214233398437500e+02,3.717730712890625000e+01,9.854522705078125000e+01,0.000000000000000000e+00
1.600000000000000000e+01,6.400000000000000000e+01,9.205290527343750000e+02,6.517867431640625000e+02,8.980762958526611328e-01,9.214985351562500000e+02,6.508172607421875000e+02,8.867775797843933105e-01,9.205290527343750000e+02,6.498477172851562500e+02,9.008225202560424805e-01,9.253767089843750000e+02,6.498477172851562500e+02,8.960343599319458008e-01,9.273157348632812500e+02,6.498477172851562500e+02,6.154420971870422363e-01,9.321633911132812500e+02,6.595430297851562500e+02,8.201141953468322754e-01,9.244071655273437500e+02,6.585734863281250000e+02,7.433635592460632324e-01,9.341024780273437500e+02,6.740859985351562500e+02,5.280045866966247559e-01,9.195595092773437500e+02,6.711773681640625000e+02,8.727649450302124023e-01,9.205290527343750000e+02,6.702078247070312500e+02,7.387181520462036133e-01,9.156813964843750000e+02,6.740859985351562500e+02,5.037483572959899902e-01,9.282852783203125000e+02,6.866898803710937500e+02,8.243607282638549805e-01,9.244071655273437500e+02,6.866898803710937500e+02,8.098402619361877441e-01,9.263461914062500000e+02,7.089890747070312500e+02,8.995584845542907715e-01,9.253767089843750000e+02,7.089890747070312500e+02,8.501459956169128418e-01,9.224680786132812500e+02,7.293492431640625000e+02,6.684239506721496582e-01,9.418587036132812500e+02,7.206234741210937500e+02,6.810894012451171875e-01,9.234376220703125000e+02,6.440305175781250000e+02,9.273252487182617188e-01,9.273157348632812500e+02,6.546953735351562500e+02,8.840516805648803711e-01,9.263461914062500000e+02,6.857203369140625000e+02,8.790635466575622559e-01,9.137423095703125000e+02,7.322578125000000000e+02,8.600880503654479980e-01,9.408891601562500000e+02,7.283796997070312500e+02,9.048063755035400391e-01,9.156813964843750000e+02,7.341968994140625000e+02,8.468145728111267090e-01,9.408891601562500000e+02,7.283796997070312500e+02,8.839353322982788086e-01,9.244071655273437500e+02,7.332273559570312500e+02,8.795730471611022949e-01,9.457368164062500000e+02,7.206234741210937500e+02,7.873904705047607422e-01,9.068474121093750000e+02,6.385042114257812500e+02,3.802807617187500000e+01,9.927996826171875000e+01,0.000000000000000000e+00
1.600000000000000000e+01,6.500000000000000000e+01,9.203359985351562500e+02,6.526779785156250000e+02,8.861798048019409180e-01,9.212852783203125000e+02,6.507794189453125000e+02,8.750501871109008789e-01,9.193867187500000000e+02,6.507794189453125000e+02,8.559102416038513184e-01,9.260316162109375000e+02,6.507794189453125000e+02,8.724371194839477539e-01,9.269808349609375000e+02,6.498301391601562500e+02,6.158005595207214355e-01,9.317271728515625000e+02,6.602720947265625000e+02,7.879288196563720703e-01,9.250823364257812500e+02,6.602720947265625000e+02,7.158389687538146973e-01,9.355242919921875000e+02,6.754603881835937500e+02,5.019991397857666016e-01,9.203359985351562500e+02,6.726126098632812500e+02,8.996759653091430664e-01,9.222344970703125000e+02,6.716633300781250000e+02,7.078874707221984863e-01,9.127418212890625000e+02,6.821052856445312500e+02,8.523932695388793945e-01,9.288793945312500000e+02,6.878009033203125000e+02,8.385454416275024414e-01,9.241330566406250000e+02,6.868516235351562500e+02,8.107851743698120117e-01,9.260316162109375000e+02,7.105833129882812500e+02,9.027246236801147461e-01,9.231837768554687500e+02,7.096340332031250000e+02,8.797930479049682617e-01,9.241330566406250000e+02,7.314672241210937500e+02,7.743313312530517578e-01,9.393213500976562500e+02,7.210252685546875000e+02,6.444349288940429688e-01,9.231837768554687500e+02,6.441345214843750000e+02,8.908527493476867676e-01,9.269808349609375000e+02,6.555257568359375000e+02,9.146169424057006836e-01,9.269808349609375000e+02,6.868516235351562500e+02,8.720354437828063965e-01,9.146403808593750000e+02,7.343150634765625000e+02,8.682568669319152832e-01,9.393213500976562500e+02,7.295687255859375000e+02,8.871721029281616211e-01,9.165388793945312500e+02,7.352642822265625000e+02,9.209998846054077148e-01,9.383720703125000000e+02,7.286194458007812500e+02,8.599615097045898438e-01,9.250823364257812500e+02,7.343150634765625000e+02,8.632434010505676270e-01,9.431184082031250000e+02,7.200759887695312500e+02,8.917530775070190430e-01,9.099542236328125000e+02,6.406222534179687500e+02,3.310394287109375000e+01,9.720507812500000000e+01,0.000000000000000000e+00
1.600000000000000000e+01,6.600000000000000000e+01,9.193811035156250000e+02,6.537363281250000000e+02,8.916160464286804199e-01,9.203273925781250000e+02,6.508975830078125000e+02,8.684762716293334961e-01,9.193811035156250000e+02,6.508975830078125000e+02,8.902968764305114746e-01,9.250586547851562500e+02,6.508975830078125000e+02,8.547060489654541016e-01,9.269511718750000000e+02,6.499512939453125000e+02,6.278316378593444824e-01,9.307362060546875000e+02,6.603601684570312500e+02,7.763508558273315430e-01,9.241123657226562500e+02,6.603601684570312500e+02,7.964857816696166992e-01,9.354674682617187500e+02,6.755002441406250000e+02,4.936175048351287842e-01,9.193811035156250000e+02,6.736077270507812500e+02,9.460597038269042969e-01,9.231661376953125000e+02,6.717152099609375000e+02,7.482294440269470215e-01,9.137035522460937500e+02,6.840165405273437500e+02,9.430792331695556641e-01,9.278973999023437500e+02,6.878015747070312500e+02,8.255578875541687012e-01,9.231661376953125000e+02,6.878015747070312500e+02,8.410882353782653809e-01,9.269511718750000000e+02,7.114579467773437500e+02,8.846511244773864746e-01,9.212736206054687500e+02,7.105117187500000000e+02,8.942839503288269043e-01,9.250586547851562500e+02,7.322755737304687500e+02,8.816863894462585449e-01,9.364136962890625000e+02,7.209205322265625000e+02,7.785624861717224121e-01,9.222198486328125000e+02,6.442738037109375000e+02,9.100098609924316406e-01,9.260048828125000000e+02,6.556288452148437500e+02,9.441431164741516113e-01,9.260048828125000000e+02,6.868552856445312500e+02,8.831947445869445801e-01,9.155960693359375000e+02,7.351143798828125000e+02,8.790439963340759277e-01,9.364136962890625000e+02,7.303830566406250000e+02,7.579141855239868164e-01,9.184348754882812500e+02,7.360606079101562500e+02,9.359748959541320801e-01,9.373599853515625000e+02,7.294368286132812500e+02,7.134107351303100586e-01,9.269511718750000000e+02,7.351143798828125000e+02,8.896546959877014160e-01,9.401987304687500000e+02,7.209205322265625000e+02,8.337283134460449219e-01,9.109326782226562500e+02,6.407725830078125000e+02,3.109069824218750000e+01,9.689666748046875000e+01,0.000000000000000000e+00
1.600000000000000000e+01,6.700000000000000000e+01,9.174172363281250000e+02,6.527442626953125000e+02,8.369402289390563965e-01,9.193160400390625000e+02,6.508454589843750000e+02,8.559280633926391602e-01,9.183666381835937500e+02,6.508454589843750000e+02,8.310326933860778809e-01,9.240630493164062500e+02,6.508454589843750000e+02,8.224896788597106934e-01,9.250124511718750000e+02,6.498960571289062500e+02,5.472688078880310059e-01,9.316583251953125000e+02,6.612889404296875000e+02,8.839685320854187012e-01,9.183666381835937500e+02,6.612889404296875000e+02,8.442746400833129883e-01,9.345065307617187500e+02,6.755300292968750000e+02,8.393029570579528809e-01,9.164678344726562500e+02,6.717323608398437500e+02,8.720919489860534668e-01,9.231136474609375000e+02,6.717323608398437500e+02,8.895295858383178711e-01,9.174172363281250000e+02,6.726817626953125000e+02,8.826247453689575195e-01,9.288101196289062500e+02,6.888216552734375000e+02,8.854572772979736328e-01,9.212148437500000000e+02,6.888216552734375000e+02,8.620848059654235840e-01,9.259618530273437500e+02,7.097086181640625000e+02,9.481132626533508301e-01,9.183666381835937500e+02,7.116074218750000000e+02,8.982393741607666016e-01,9.269113159179687500e+02,7.315449218750000000e+02,8.611676096916198730e-01,9.326077270507812500e+02,7.211015014648437500e+02,8.892881870269775391e-01,9.212148437500000000e+02,6.432501831054687500e+02,8.978614211082458496e-01,9.250124511718750000e+02,6.565418701171875000e+02,9.111598134040832520e-01,9.250124511718750000e+02,6.878722534179687500e+02,8.953692317008972168e-01,9.174172363281250000e+02,7.362919921875000000e+02,8.862116336822509766e-01,9.335571289062500000e+02,7.324943237304687500e+02,8.533955812454223633e-01,9.202654418945312500e+02,7.372413940429687500e+02,9.256980419158935547e-01,9.326077270507812500e+02,7.315449218750000000e+02,8.436540961265563965e-01,9.288101196289062500e+02,7.353425903320312500e+02,8.585582971572875977e-01,9.354559326171875000e+02,7.220509033203125000e+02,8.756662011146545410e-01,9.103773803710937500e+02,6.406868286132812500e+02,3.211840820312500000e+01,9.721911621093750000e+01,0.000000000000000000e+00
1.600000000000000000e+01,6.800000000000000000e+01,9.175603637695312500e+02,6.525301513671875000e+02,8.838238120079040527e-01,9.185294799804687500e+02,6.505919189453125000e+02,8.514196872711181641e-01,9.175603637695312500e+02,6.505919189453125000e+02,8.492835164070129395e-01,9.233749389648437500e+02,6.496228637695312500e+02,8.502873182296752930e-01,9.224058837890625000e+02,6.505919189453125000e+02,5.191546678543090820e-01,9.311277465820312500e+02,6.593138427734375000e+02,8.415016531944274902e-01,9.204676513671875000e+02,6.593138427734375000e+02,7.504395246505737305e-01,9.350041503906250000e+02,6.757885131835937500e+02,8.508767485618591309e-01,9.156221923828125000e+02,6.709430541992187500e+02,8.338834643363952637e-01,9.214367675781250000e+02,6.719121093750000000e+02,8.454168438911437988e-01,9.175603637695312500e+02,6.719121093750000000e+02,6.770799756050109863e-01,9.272513427734375000e+02,6.893558959960937500e+02,8.793970942497253418e-01,9.194985351562500000e+02,6.893558959960937500e+02,8.715664148330688477e-01,9.262822875976562500e+02,7.106761474609375000e+02,8.913748860359191895e-01,9.156221923828125000e+02,7.116452026367187500e+02,8.956383466720581055e-01,9.272513427734375000e+02,7.339345092773437500e+02,8.717205524444580078e-01,9.291895751953125000e+02,7.252125854492187500e+02,9.724778532981872559e-01,9.194985351562500000e+02,6.438082275390625000e+02,8.347696065902709961e-01,9.253131713867187500e+02,6.554374389648437500e+02,8.981266617774963379e-01,9.243440551757812500e+02,6.883868408203125000e+02,9.289287328720092773e-01,9.185294799804687500e+02,7.378109130859375000e+02,8.615875244140625000e-01,9.282204589843750000e+02,7.329653930664062500e+02,7.772202491760253906e-01,9.204676513671875000e+02,7.397490844726562500e+02,8.864491581916809082e-01,9.272513427734375000e+02,7.319963378906250000e+02,8.076622486114501953e-01,9.291895751953125000e+02,7.368417968750000000e+02,9.284650683403015137e-01,9.330659790039062500e+02,7.261817016601562500e+02,9.225896000862121582e-01,9.099514160156250000e+02,6.450680541992187500e+02,2.975445556640625000e+01,9.923583984375000000e+01,0.000000000000000000e+00
1.600000000000000000e+01,6.900000000000000000e+01,9.164037475585937500e+02,6.540155029296875000e+02,8.537195324897766113e-01,9.164037475585937500e+02,6.510274047851562500e+02,8.386454582214355469e-01,9.154077148437500000e+02,6.510274047851562500e+02,8.109894394874572754e-01,9.203878784179687500e+02,6.510274047851562500e+02,8.369905948638916016e-01,9.223799438476562500e+02,6.500313720703125000e+02,6.312865614891052246e-01,9.303482666015625000e+02,6.619837646484375000e+02,8.383142352104187012e-01,9.213839111328125000e+02,6.609877319335937500e+02,8.544634580612182617e-01,9.333363647460937500e+02,6.759282836914062500e+02,8.984214067459106445e-01,9.154077148437500000e+02,6.719441528320312500e+02,7.800402045249938965e-01,9.213839111328125000e+02,6.729401855468750000e+02,8.970860242843627930e-01,9.173997802734375000e+02,6.709481201171875000e+02,7.019089460372924805e-01,9.263641357421875000e+02,6.918648071289062500e+02,8.546888828277587891e-01,9.193918457031250000e+02,6.908687744140625000e+02,8.811190128326416016e-01,9.263641357421875000e+02,7.127815551757812500e+02,8.733215928077697754e-01,9.134156494140625000e+02,7.117855224609375000e+02,9.577541947364807129e-01,9.283562011718750000e+02,7.336983032226562500e+02,9.539132714271545410e-01,9.253681030273437500e+02,7.307102050781250000e+02,7.802339196205139160e-01,9.183958129882812500e+02,6.440551147460937500e+02,8.915684223175048828e-01,9.243720703125000000e+02,6.560075683593750000e+02,9.193133711814880371e-01,9.223799438476562500e+02,6.908687744140625000e+02,9.298425316810607910e-01,9.183958129882812500e+02,7.386784667968750000e+02,9.728295207023620605e-01,9.193918457031250000e+02,7.386784667968750000e+02,8.589221835136413574e-01,9.203878784179687500e+02,7.396744995117187500e+02,9.248697161674499512e-01,9.193918457031250000e+02,7.366864013671875000e+02,8.695946931838989258e-01,9.303482666015625000e+02,7.376824340820312500e+02,8.544761538505554199e-01,9.293522338867187500e+02,7.346943359375000000e+02,7.203691601753234863e-01,9.072805175781250000e+02,6.433579101562500000e+02,3.119494628906250000e+01,1.019940185546875000e+02,0.000000000000000000e+00
1.600000000000000000e+01,7.000000000000000000e+01,9.132861328125000000e+02,6.551786499023437500e+02,8.531502485275268555e-01,9.142841186523437500e+02,6.521846313476562500e+02,8.217118382453918457e-01,9.132861328125000000e+02,6.531826782226562500e+02,7.739841341972351074e-01,9.182761230468750000e+02,6.511866455078125000e+02,8.339664936065673828e-01,9.212701416015625000e+02,6.511866455078125000e+02,6.322423219680786133e-01,9.272581787109375000e+02,6.621646728515625000e+02,8.371604084968566895e-01,9.212701416015625000e+02,6.621646728515625000e+02,8.301061391830444336e-01,9.312501831054687500e+02,6.771347656250000000e+02,6.498392224311828613e-01,9.152821044921875000e+02,6.731427612304687500e+02,6.244342327117919922e-01,9.182761230468750000e+02,6.731427612304687500e+02,8.325248956680297852e-01,9.162801513671875000e+02,6.721447143554687500e+02,7.519295811653137207e-01,9.252622070312500000e+02,6.921048583984375000e+02,8.717494606971740723e-01,9.182761230468750000e+02,6.911068115234375000e+02,8.585485816001892090e-01,9.262601928710937500e+02,7.140609741210937500e+02,9.053840041160583496e-01,9.112901000976562500e+02,7.120649414062500000e+02,9.348626732826232910e-01,9.292542114257812500e+02,7.350190429687500000e+02,9.163802266120910645e-01,9.192741699218750000e+02,7.330230712890625000e+02,8.443815708160400391e-01,9.152821044921875000e+02,6.442006225585937500e+02,8.820852041244506836e-01,9.222681884765625000e+02,6.571746826171875000e+02,9.498524069786071777e-01,9.222681884765625000e+02,6.911068115234375000e+02,9.142184257507324219e-01,9.182761230468750000e+02,7.410070800781250000e+02,7.992132306098937988e-01,9.112901000976562500e+02,7.410070800781250000e+02,9.343028068542480469e-01,9.212701416015625000e+02,7.420050659179687500e+02,8.482794165611267090e-01,9.112901000976562500e+02,7.400090942382812500e+02,9.203318953514099121e-01,9.312501831054687500e+02,7.390110473632812500e+02,8.420277833938598633e-01,9.222681884765625000e+02,7.370150756835937500e+02,8.336145877838134766e-01,9.051768798828125000e+02,6.435020141601562500e+02,3.318450927734375000e+01,1.021957397460937500e+02,0.000000000000000000e+00
1.600000000000000000e+01,7.100000000000000000e+01,9.103630981445312500e+02,6.532612304687500000e+02,9.026151895523071289e-01,9.122941894531250000e+02,6.513301391601562500e+02,8.781451582908630371e-01,9.103630981445312500e+02,6.513301391601562500e+02,8.315852880477905273e-01,9.171218872070312500e+02,6.503646240234375000e+02,8.234844207763671875e-01,9.180874633789062500e+02,6.503646240234375000e+02,5.347472429275512695e-01,9.267772827148437500e+02,6.619511108398437500e+02,8.400706648826599121e-01,9.171218872070312500e+02,6.609855346679687500e+02,8.162949085235595703e-01,9.316049804687500000e+02,6.764342041015625000e+02,8.352887034416198730e-01,9.151907958984375000e+02,6.745031127929687500e+02,7.308010458946228027e-01,9.171218872070312500e+02,6.735375976562500000e+02,7.849305868148803711e-01,9.142252807617187500e+02,6.725720214843750000e+02,4.716766178607940674e-01,9.248461914062500000e+02,6.928483886718750000e+02,8.697926402091979980e-01,9.161563720703125000e+02,6.918828125000000000e+02,8.638788461685180664e-01,9.258117675781250000e+02,7.150557861328125000e+02,9.258657097816467285e-01,9.093975830078125000e+02,7.131246948242187500e+02,9.565187692642211914e-01,9.296738891601562500e+02,7.362976074218750000e+02,9.954406023025512695e-01,9.122941894531250000e+02,7.353320922851562500e+02,9.303328990936279297e-01,9.132597656250000000e+02,6.426403198242187500e+02,9.041353464126586914e-01,9.200184936523437500e+02,6.561578369140625000e+02,8.791294097900390625e-01,9.209840698242187500e+02,6.909172973632812500e+02,9.082121849060058594e-01,9.200184936523437500e+02,7.411253051757812500e+02,7.198767066001892090e-01,9.026387939453125000e+02,7.411253051757812500e+02,9.471388459205627441e-01,9.229151000976562500e+02,7.420908813476562500e+02,6.350535154342651367e-01,9.036043701171875000e+02,7.401597900390625000e+02,8.761172890663146973e-01,9.325704956054687500e+02,7.401597900390625000e+02,8.407590389251708984e-01,9.151907958984375000e+02,7.391942749023437500e+02,8.368479013442993164e-01,9.020930175781250000e+02,6.458266601562500000e+02,3.681652832031250000e+01,9.887115478515625000e+01,0.000000000000000000e+00
1.600000000000000000e+01,7.200000000000000000e+01,9.108013305664062500e+02,6.537199096679687500e+02,8.839556574821472168e-01,9.117953491210937500e+02,6.517318725585937500e+02,8.768513798713684082e-01,9.098073120117187500e+02,6.517318725585937500e+02,8.215662240982055664e-01,9.167654418945312500e+02,6.507378540039062500e+02,8.495497107505798340e-01,9.177594604492187500e+02,6.507378540039062500e+02,6.096509099006652832e-01,9.257116088867187500e+02,6.616720581054687500e+02,8.393627405166625977e-01,9.177594604492187500e+02,6.606780395507812500e+02,7.667014002799987793e-01,9.296876831054687500e+02,6.765823974609375000e+02,7.222366333007812500e-01,9.137833862304687500e+02,6.745943603515625000e+02,6.076845526695251465e-01,9.157714233398437500e+02,6.736003417968750000e+02,7.443087697029113770e-01,9.137833862304687500e+02,6.736003417968750000e+02,4.451131820678710938e-01,9.227295532226562500e+02,6.934807128906250000e+02,8.460004329681396484e-01,9.157714233398437500e+02,6.924866943359375000e+02,8.476614356040954590e-01,9.257116088867187500e+02,7.153491210937500000e+02,8.837434053421020508e-01,9.088132934570312500e+02,7.143551025390625000e+02,9.104602932929992676e-01,9.306817016601562500e+02,7.372175903320312500e+02,9.669114947319030762e-01,9.058312377929687500e+02,7.372175903320312500e+02,8.488079905509948730e-01,9.127893676757812500e+02,6.437797241210937500e+02,8.781205415725708008e-01,9.197474975585937500e+02,6.557079467773437500e+02,9.173743724822998047e-01,9.197474975585937500e+02,6.924866943359375000e+02,8.906837105751037598e-01,9.217355346679687500e+02,7.411936645507812500e+02,8.463644981384277344e-01,8.958910522460937500e+02,7.411936645507812500e+02,9.328929781913757324e-01,9.237235717773437500e+02,7.421876831054687500e+02,8.108750581741333008e-01,8.968850708007812500e+02,7.411936645507812500e+02,8.324890136718750000e-01,9.336637573242187500e+02,7.411936645507812500e+02,8.569310307502746582e-01,9.088132934570312500e+02,7.411936645507812500e+02,8.559785485267639160e-01,8.969975585937500000e+02,6.450719604492187500e+02,4.450579833984375000e+01,1.017875976562500000e+02,0.000000000000000000e+00
1.600000000000000000e+01,7.300000000000000000e+01,9.088875732421875000e+02,6.523996582031250000e+02,9.436185359954833984e-01,9.098615722656250000e+02,6.494777221679687500e+02,9.015622138977050781e-01,9.088875732421875000e+02,6.494777221679687500e+02,8.840538859367370605e-01,9.157053222656250000e+02,6.494777221679687500e+02,8.452935218811035156e-01,9.166793212890625000e+02,6.494777221679687500e+02,6.361318826675415039e-01,9.234970703125000000e+02,6.601913452148437500e+02,8.226212263107299805e-01,9.157053222656250000e+02,6.601913452148437500e+02,7.905555963516235352e-01,9.283668823242187500e+02,6.757747802734375000e+02,8.377137780189514160e-01,9.108355102539062500e+02,6.738268432617187500e+02,7.079244256019592285e-01,9.157053222656250000e+02,6.748007812500000000e+02,8.157178163528442383e-01,9.088875732421875000e+02,6.631132202148437500e+02,6.335345506668090820e-01,9.225230712890625000e+02,6.923321533203125000e+02,8.493620753288269043e-01,9.147313842773437500e+02,6.913581542968750000e+02,8.528649806976318359e-01,9.264189453125000000e+02,7.166812133789062500e+02,8.635165095329284668e-01,9.088875732421875000e+02,7.147332763671875000e+02,9.019884467124938965e-01,9.322626953125000000e+02,7.371344604492187500e+02,9.974406361579895020e-01,9.020698242187500000e+02,7.371344604492187500e+02,8.792378306388854980e-01,9.108355102539062500e+02,6.426599731445312500e+02,8.408339023590087891e-01,9.176532592773437500e+02,6.543475341796875000e+02,8.787063956260681152e-01,9.186272583007812500e+02,6.913581542968750000e+02,9.052383899688720703e-01,9.234970703125000000e+02,7.420042724609375000e+02,8.618407249450683594e-01,8.903822631835937500e+02,7.400563354492187500e+02,8.571035265922546387e-01,9.264189453125000000e+02,7.429782104492187500e+02,8.272758722305297852e-01,8.913562622070312500e+02,7.390823974609375000e+02,8.223479986190795898e-01,9.351846313476562500e+02,7.410302734375000000e+02,8.958219885826110840e-01,9.030438232421875000e+02,7.420042724609375000e+02,8.083247542381286621e-01,8.891166992187500000e+02,6.468480224609375000e+02,5.415124511718750000e+01,9.973388671875000000e+01,0.000000000000000000e+00
1.600000000000000000e+01,7.400000000000000000e+01,9.059102172851562500e+02,6.525119628906250000e+02,8.815490007400512695e-01,9.068942871093750000e+02,6.505438842773437500e+02,8.967199921607971191e-01,9.059102172851562500e+02,6.505438842773437500e+02,8.358509540557861328e-01,9.118145141601562500e+02,6.495598754882812500e+02,8.429266214370727539e-01,9.147666625976562500e+02,6.495598754882812500e+02,6.583303213119506836e-01,9.216549682617187500e+02,6.613684082031250000e+02,8.423838019371032715e-01,9.157506713867187500e+02,6.613684082031250000e+02,7.660479545593261719e-01,9.265751953125000000e+02,6.771130981445312500e+02,7.953650951385498047e-01,9.068942871093750000e+02,6.721928710937500000e+02,7.917698621749877930e-01,9.127985839843750000e+02,6.751450195312500000e+02,8.262558579444885254e-01,9.068942871093750000e+02,6.623524169921875000e+02,7.706764936447143555e-01,9.196868896484375000e+02,6.938418579101562500e+02,8.473453521728515625e-01,9.147666625976562500e+02,6.928577880859375000e+02,8.374248743057250977e-01,9.265751953125000000e+02,7.174589233398437500e+02,9.177487492561340332e-01,9.068942871093750000e+02,7.154908447265625000e+02,9.186784029006958008e-01,9.334635009765625000e+02,7.381238403320312500e+02,9.780707359313964844e-01,8.990219116210937500e+02,7.371398315429687500e+02,9.357175827026367188e-01,9.078783569335937500e+02,6.426715698242187500e+02,8.828147649765014648e-01,9.157506713867187500e+02,6.554641113281250000e+02,9.139543771743774414e-01,9.177187500000000000e+02,6.928577880859375000e+02,9.366031885147094727e-01,9.255911254882812500e+02,7.430440673828125000e+02,8.355344533920288086e-01,8.881974487304687500e+02,7.381238403320312500e+02,8.080226778984069824e-01,9.275592041015625000e+02,7.440281372070312500e+02,8.518140316009521484e-01,8.891815185546875000e+02,7.381238403320312500e+02,7.767060399055480957e-01,9.354315795898437500e+02,7.410759887695312500e+02,8.701869845390319824e-01,9.009900512695312500e+02,7.420600585937500000e+02,8.634403347969055176e-01,8.881768188476562500e+02,6.469029541015625000e+02,5.416375732421875000e+01,1.007661743164062500e+02,0.000000000000000000e+00
1.600000000000000000e+01,7.500000000000000000e+01,9.058497314453125000e+02,6.537109375000000000e+02,8.639722466468811035e-01,9.058497314453125000e+02,6.507321777343750000e+02,8.397915959358215332e-01,9.048568115234375000e+02,6.507321777343750000e+02,8.070629239082336426e-01,9.098214111328125000e+02,6.497392578125000000e+02,8.250089883804321289e-01,9.128001098632812500e+02,6.487463378906250000e+02,6.678025722503662109e-01,9.197504882812500000e+02,6.616542358398437500e+02,8.775795698165893555e-01,9.128001098632812500e+02,6.616542358398437500e+02,8.551657199859619141e-01,9.237221679687500000e+02,6.775408325195312500e+02,8.700904846191406250e-01,9.078355712890625000e+02,6.755549926757812500e+02,7.033821344375610352e-01,9.108143310546875000e+02,6.765479125976562500e+02,8.342602252960205078e-01,9.048568115234375000e+02,6.656258544921875000e+02,5.526887774467468262e-01,9.177647094726562500e+02,6.944202880859375000e+02,8.446074724197387695e-01,9.118071899414062500e+02,6.944202880859375000e+02,8.609031438827514648e-01,9.237221679687500000e+02,7.182501831054687500e+02,9.013066887855529785e-01,9.048568115234375000e+02,7.182501831054687500e+02,9.095289707183837891e-01,9.336513061523437500e+02,7.391013793945312500e+02,9.348953366279602051e-01,8.979064331054687500e+02,7.400942993164062500e+02,8.738268017768859863e-01,9.058497314453125000e+02,6.427888793945312500e+02,8.978170752525329590e-01,9.137930297851562500e+02,6.556967163085937500e+02,9.156763553619384766e-01,9.147859497070312500e+02,6.934274291992187500e+02,9.169775843620300293e-01,9.257080078125000000e+02,7.440659179687500000e+02,8.645378351211547852e-01,8.869844360351562500e+02,7.410872192382812500e+02,8.779378533363342285e-01,9.276937866210937500e+02,7.450588378906250000e+02,8.656045794486999512e-01,8.879772949218750000e+02,7.410872192382812500e+02,8.523153662681579590e-01,9.356370849609375000e+02,7.420800781250000000e+02,8.567950725555419922e-01,8.998922729492187500e+02,7.440659179687500000e+02,8.724346756935119629e-01,8.874790039062500000e+02,6.470584106445312500e+02,5.560681152343750000e+01,1.016741943359375000e+02,0.000000000000000000e+00
1.600000000000000000e+01,7.600000000000000000e+01,9.018588867187500000e+02,6.535671386718750000e+02,9.043596386909484863e-01,9.028978881835937500e+02,6.514891357421875000e+02,8.358076810836791992e-01,9.018588867187500000e+02,6.514891357421875000e+02,8.675933480262756348e-01,9.080929565429687500e+02,6.504501342773437500e+02,8.884676098823547363e-01,9.080929565429687500e+02,6.504501342773437500e+02,6.443076729774475098e-01,9.174440307617187500e+02,6.608402099609375000e+02,8.461490869522094727e-01,9.091319580078125000e+02,6.608402099609375000e+02,8.273711204528808594e-01,9.226390991210937500e+02,6.774644165039062500e+02,8.825949430465698242e-01,9.060148925781250000e+02,6.753863525390625000e+02,7.816386222839355469e-01,9.080929565429687500e+02,6.764253540039062500e+02,8.379275798797607422e-01,9.039368896484375000e+02,6.712303466796875000e+02,6.071847677230834961e-01,9.153660278320312500e+02,6.940885620117187500e+02,8.364558219909667969e-01,9.080929565429687500e+02,6.940885620117187500e+02,8.160670995712280273e-01,9.205610351562500000e+02,7.179857788085937500e+02,8.002567291259765625e-01,9.028978881835937500e+02,7.190247802734375000e+02,8.412900567054748535e-01,9.330291748046875000e+02,7.387659912109375000e+02,7.994806170463562012e-01,8.966638183593750000e+02,7.418830566406250000e+02,7.635458111763000488e-01,9.039368896484375000e+02,6.431770629882812500e+02,9.124715924263000488e-01,9.112099609375000000e+02,6.556451416015625000e+02,9.161310791969299316e-01,9.122489624023437500e+02,6.940885620117187500e+02,8.638221025466918945e-01,9.267951049804687500e+02,7.450000610351562500e+02,7.880795598030090332e-01,8.862736816406250000e+02,7.450000610351562500e+02,7.573463320732116699e-01,9.288731079101562500e+02,7.460390625000000000e+02,7.868818640708923340e-01,8.862736816406250000e+02,7.439610595703125000e+02,7.681146264076232910e-01,9.361461791992187500e+02,7.418830566406250000e+02,7.475702166557312012e-01,8.987418212890625000e+02,7.470780639648437500e+02,8.314951658248901367e-01,8.881738281250000000e+02,6.455667724609375000e+02,5.334533691406250000e+01,1.063946533203125000e+02,0.000000000000000000e+00
1.600000000000000000e+01,7.700000000000000000e+01,8.992885131835937500e+02,6.548050537109375000e+02,9.290496110916137695e-01,9.003165893554687500e+02,6.527489013671875000e+02,8.701441884040832520e-01,8.982603759765625000e+02,6.527489013671875000e+02,8.526974916458129883e-01,9.044288940429687500e+02,6.517208251953125000e+02,8.509451150894165039e-01,9.064850463867187500e+02,6.506927490234375000e+02,6.053315401077270508e-01,9.157377929687500000e+02,6.620016479492187500e+02,8.239570856094360352e-01,9.054569702148437500e+02,6.630297241210937500e+02,8.436189293861389160e-01,9.198501586914062500e+02,6.774229125976562500e+02,8.646364808082580566e-01,9.023727416992187500e+02,6.763948364257812500e+02,7.555319070816040039e-01,9.054569702148437500e+02,6.763948364257812500e+02,8.748573064804077148e-01,9.013446655273437500e+02,6.753667602539062500e+02,6.580773591995239258e-01,9.136816406250000000e+02,6.949003295898437500e+02,8.217334747314453125e-01,9.054569702148437500e+02,6.949003295898437500e+02,7.747178077697753906e-01,9.157377929687500000e+02,7.185462036132812500e+02,8.469626307487487793e-01,9.013446655273437500e+02,7.206023559570312500e+02,8.750228285789489746e-01,9.311590576171875000e+02,7.380797729492187500e+02,9.007361531257629395e-01,8.962042236328125000e+02,7.432201538085937500e+02,8.599171638488769531e-01,9.013446655273437500e+02,6.434961547851562500e+02,9.355040788650512695e-01,9.085412597656250000e+02,6.568612670898437500e+02,9.100754857063293457e-01,9.095693359375000000e+02,6.938721923828125000e+02,8.572297096252441406e-01,9.260186157226562500e+02,7.463044433593750000e+02,8.770775198936462402e-01,8.859234008789062500e+02,7.483605957031250000e+02,8.856073617935180664e-01,9.301309814453125000e+02,7.463044433593750000e+02,8.910840153694152832e-01,8.859234008789062500e+02,7.473325195312500000e+02,8.759918212890625000e-01,9.342432861328125000e+02,7.401359252929687500e+02,8.521781563758850098e-01,8.982603759765625000e+02,7.473325195312500000e+02,8.991705179214477539e-01,8.880902709960937500e+02,6.468888549804687500e+02,5.015472412109375000e+01,1.052756347656250000e+02,0.000000000000000000e+00
1.600000000000000000e+01,7.800000000000000000e+01,8.982993164062500000e+02,6.540318603515625000e+02,8.509116172790527344e-01,8.994066772460937500e+02,6.507097167968750000e+02,8.122809529304504395e-01,8.982993164062500000e+02,6.518171386718750000e+02,8.269335031509399414e-01,9.038361816406250000e+02,6.507097167968750000e+02,7.959290742874145508e-01,9.049435424804687500e+02,6.507097167968750000e+02,6.930834054946899414e-01,9.138025512695312500e+02,6.617835083007812500e+02,7.942959666252136230e-01,9.049435424804687500e+02,6.617835083007812500e+02,8.393938541412353516e-01,9.160172729492187500e+02,6.783941040039062500e+02,8.038130998611450195e-01,8.982993164062500000e+02,6.761793212890625000e+02,8.814265727996826172e-01,9.016214599609375000e+02,6.750719604492187500e+02,7.421430349349975586e-01,8.960845947265625000e+02,6.662129516601562500e+02,8.200838565826416016e-01,9.093730468750000000e+02,6.950046997070312500e+02,8.414104580879211426e-01,9.016214599609375000e+02,6.938973388671875000e+02,8.099569678306579590e-01,9.104804077148437500e+02,7.204743041992187500e+02,9.160029292106628418e-01,8.994066772460937500e+02,7.204743041992187500e+02,8.672831654548645020e-01,9.281984252929687500e+02,7.381922607421875000e+02,9.146668314933776855e-01,8.960845947265625000e+02,7.448364868164062500e+02,8.616006374359130859e-01,9.005140380859375000e+02,6.440654907226562500e+02,9.114488363265991211e-01,9.071583251953125000e+02,6.562465820312500000e+02,9.429359436035156250e-01,9.060509033203125000e+02,6.938973388671875000e+02,8.806343674659729004e-01,9.248762817382812500e+02,7.481586303710937500e+02,8.380890488624572754e-01,8.850108032226562500e+02,7.492659912109375000e+02,9.203616380691528320e-01,9.281984252929687500e+02,7.481586303710937500e+02,8.750041723251342773e-01,8.861182250976562500e+02,7.481586303710937500e+02,8.351240754127502441e-01,9.326278686523437500e+02,7.381922607421875000e+02,7.877122163772583008e-01,8.982993164062500000e+02,7.492659912109375000e+02,8.192902207374572754e-01,8.799357299804687500e+02,6.421829833984375000e+02,5.333782958984375000e+01,1.133950805664062500e+02,0.000000000000000000e+00
1.600000000000000000e+01,7.900000000000000000e+01,8.951298828125000000e+02,6.550552978515625000e+02,8.942970633506774902e-01,8.962212524414062500e+02,6.517811889648437500e+02,8.826518654823303223e-01,8.951298828125000000e+02,6.517811889648437500e+02,8.282638788223266602e-01,9.005867309570312500e+02,6.506898193359375000e+02,8.260331153869628906e-01,9.016781005859375000e+02,6.495984497070312500e+02,6.294865608215332031e-01,9.115003662109375000e+02,6.594207763671875000e+02,7.692984342575073242e-01,9.005867309570312500e+02,6.594207763671875000e+02,8.034568428993225098e-01,9.147744750976562500e+02,6.779739379882812500e+02,9.061097502708435059e-01,8.940385131835937500e+02,6.736085205078125000e+02,7.804677486419677734e-01,8.994953613281250000e+02,6.757911987304687500e+02,8.653381466865539551e-01,8.951298828125000000e+02,6.725171508789062500e+02,6.252668499946594238e-01,9.071348876953125000e+02,6.943444213867187500e+02,8.704406619071960449e-01,8.984039916992187500e+02,6.932530517578125000e+02,8.290968537330627441e-01,9.060435180664062500e+02,7.227199096679687500e+02,8.686193823814392090e-01,8.973126220703125000e+02,7.227199096679687500e+02,8.880999088287353516e-01,9.245967407226562500e+02,7.379990234375000000e+02,9.197082519531250000e-01,8.962212524414062500e+02,7.467299194335937500e+02,8.835181593894958496e-01,8.962212524414062500e+02,6.441416625976562500e+02,9.037055969238281250e-01,9.038608398437500000e+02,6.550552978515625000e+02,9.560223221778869629e-01,9.027694702148437500e+02,6.932530517578125000e+02,9.010076522827148438e-01,9.235053710937500000e+02,7.489126586914062500e+02,8.541809320449829102e-01,8.853076171875000000e+02,7.510953979492187500e+02,9.018922448158264160e-01,9.256881103515625000e+02,7.478212890625000000e+02,9.215114116668701172e-01,8.863989868164062500e+02,7.500040283203125000e+02,9.074690937995910645e-01,9.278708496093750000e+02,7.369076538085937500e+02,8.393552303314208984e-01,8.984039916992187500e+02,7.510953979492187500e+02,8.514069318771362305e-01,8.793569335937500000e+02,6.444689941406250000e+02,5.009918212890625000e+01,1.117557983398437500e+02,0.000000000000000000e+00
1.600000000000000000e+01,8.000000000000000000e+01,8.931735229492187500e+02,6.529818115234375000e+02,8.736872673034667969e-01,8.942243652343750000e+02,6.508801269531250000e+02,8.130053281784057617e-01,8.931735229492187500e+02,6.508801269531250000e+02,8.306600451469421387e-01,8.994785766601562500e+02,6.498293457031250000e+02,7.734593152999877930e-01,8.963260498046875000e+02,6.498293457031250000e+02,5.155653953552246094e-01,9.078852539062500000e+02,6.613884887695312500e+02,7.257232069969177246e-01,8.963260498046875000e+02,6.603376464843750000e+02,8.375290036201477051e-01,9.120885620117187500e+02,6.782018432617187500e+02,9.277032613754272461e-01,8.942243652343750000e+02,6.761001586914062500e+02,7.661266922950744629e-01,8.973768920898437500e+02,6.750493774414062500e+02,8.748247027397155762e-01,8.910718994140625000e+02,6.729476928710937500e+02,7.303520441055297852e-01,9.047327270507812500e+02,6.950151977539062500e+02,8.070483803749084473e-01,8.963260498046875000e+02,6.950151977539062500e+02,8.249298930168151855e-01,8.994785766601562500e+02,7.223369140625000000e+02,8.654322624206542969e-01,8.952752075195312500e+02,7.223369140625000000e+02,8.747726082801818848e-01,9.194443969726562500e+02,7.370485839843750000e+02,8.951377868652343750e-01,8.952752075195312500e+02,7.475569458007812500e+02,8.632408976554870605e-01,8.952752075195312500e+02,6.424734497070312500e+02,8.858687281608581543e-01,9.005294189453125000e+02,6.550834960937500000e+02,9.009910821914672852e-01,9.005294189453125000e+02,6.939643554687500000e+02,8.934675455093383789e-01,9.183935546875000000e+02,7.486077880859375000e+02,8.541588783264160156e-01,8.847668457031250000e+02,7.528110961914062500e+02,9.079878926277160645e-01,9.215460815429687500e+02,7.465061035156250000e+02,8.807754516601562500e-01,8.858176879882812500e+02,7.517602539062500000e+02,9.596914649009704590e-01,9.225969238281250000e+02,7.370485839843750000e+02,8.658493757247924805e-01,8.984277343750000000e+02,7.517602539062500000e+02,8.741403818130493164e-01,8.762114257812500000e+02,6.469920654296875000e+02,4.968676757812500000e+01,1.076055297851562500e+02,0.000000000000000000e+00
1.600000000000000000e+01,8.100000000000000000e+01,8.911213378906250000e+02,6.533422851562500000e+02,8.956607580184936523e-01,8.921939086914062500e+02,6.501244506835937500e+02,7.943153977394104004e-01,8.900487060546875000e+02,6.511970825195312500e+02,8.175861835479736328e-01,8.964843139648437500e+02,6.501244506835937500e+02,7.454183101654052734e-01,8.964843139648437500e+02,6.501244506835937500e+02,5.643409490585327148e-01,9.061377563476562500e+02,6.597778930664062500e+02,7.586920261383056641e-01,8.954117431640625000e+02,6.597778930664062500e+02,8.156323432922363281e-01,9.093555297851562500e+02,6.780121459960937500e+02,8.549318313598632812e-01,8.900487060546875000e+02,6.737217407226562500e+02,7.884358167648315430e-01,8.932665405273437500e+02,6.758669433593750000e+02,8.529909849166870117e-01,8.889761352539062500e+02,6.705039062500000000e+02,6.908775568008422852e-01,9.007747192382812500e+02,6.951737670898437500e+02,8.837985992431640625e-01,8.943391113281250000e+02,6.941011962890625000e+02,8.578301668167114258e-01,8.954117431640625000e+02,7.219888305664062500e+02,8.852159380912780762e-01,8.943391113281250000e+02,7.219888305664062500e+02,8.730937838554382324e-01,9.136459960937500000e+02,7.380778808593750000e+02,5.583634972572326660e-01,8.954117431640625000e+02,7.477313232421875000e+02,6.261215209960937500e-01,8.943391113281250000e+02,6.426162719726562500e+02,8.265478014945983887e-01,8.997021484375000000e+02,6.544148559570312500e+02,9.486991763114929199e-01,8.975569458007812500e+02,6.941011962890625000e+02,9.134262800216674805e-01,8.846856689453125000e+02,7.520217285156250000e+02,8.451429605484008789e-01,9.136459960937500000e+02,7.488038940429687500e+02,8.575157523155212402e-01,8.857583007812500000e+02,7.541669311523437500e+02,8.221127986907958984e-01,9.125733642578125000e+02,7.477313232421875000e+02,8.542277812957763672e-01,8.975569458007812500e+02,7.520217285156250000e+02,7.889757752418518066e-01,9.168637695312500000e+02,7.370052490234375000e+02,7.446835637092590332e-01,8.757161865234375000e+02,6.450831909179687500e+02,4.689929199218750000e+01,1.098345336914062500e+02,0.000000000000000000e+00
1.600000000000000000e+01,8.200000000000000000e+01,8.866239013671875000e+02,6.524547119140625000e+02,8.803187608718872070e-01,8.877691650390625000e+02,6.501642456054687500e+02,8.172026276588439941e-01,8.854786987304687500e+02,6.501642456054687500e+02,8.149164319038391113e-01,8.923502197265625000e+02,6.490189819335937500e+02,7.799359560012817383e-01,8.923502197265625000e+02,6.490189819335937500e+02,6.567087769508361816e-01,9.026575927734375000e+02,6.593262939453125000e+02,8.452791571617126465e-01,8.923502197265625000e+02,6.593262939453125000e+02,8.401913642883300781e-01,9.072385864257812500e+02,6.776504516601562500e+02,8.796101212501525879e-01,8.831881713867187500e+02,6.730693969726562500e+02,8.461408615112304688e-01,8.934954833984375000e+02,6.742146606445312500e+02,8.670398592948913574e-01,8.854786987304687500e+02,6.627620849609375000e+02,7.812324166297912598e-01,8.980765380859375000e+02,6.936840820312500000e+02,8.739058971405029297e-01,8.912049560546875000e+02,6.925388183593750000e+02,8.335868120193481445e-01,8.912049560546875000e+02,7.223156127929687500e+02,8.677345514297485352e-01,8.923502197265625000e+02,7.211703491210937500e+02,8.615515232086181641e-01,8.934954833984375000e+02,7.486565551757812500e+02,5.636858940124511719e-01,9.072385864257812500e+02,7.394945068359375000e+02,5.316467881202697754e-01,8.889144287109375000e+02,6.410021362304687500e+02,8.790085911750793457e-01,8.957860107421875000e+02,6.547452392578125000e+02,9.525995254516601562e-01,8.946407470703125000e+02,6.925388183593750000e+02,9.078115224838256836e-01,9.060933227539062500e+02,7.498018188476562500e+02,7.312598824501037598e-01,8.843334350585937500e+02,7.543828735351562500e+02,8.436055183410644531e-01,9.072385864257812500e+02,7.498018188476562500e+02,7.816139459609985352e-01,8.854786987304687500e+02,7.520923461914062500e+02,8.309108018875122070e-01,9.106743774414062500e+02,7.394945068359375000e+02,7.168554067611694336e-01,8.969312744140625000e+02,7.520923461914062500e+02,7.240145206451416016e-01,8.719869995117187500e+02,6.390552368164062500e+02,4.645269775390625000e+01,1.172745971679687500e+02,0.000000000000000000e+00
1.600000000000000000e+01,8.300000000000000000e+01,8.827521362304687500e+02,6.508142700195312500e+02,9.055782556533813477e-01,8.849311523437500000e+02,6.486352539062500000e+02,8.534376025199890137e-01,8.838416137695312500e+02,6.486352539062500000e+02,8.740161657333374023e-01,8.914682006835937500e+02,6.486352539062500000e+02,8.393857479095458984e-01,8.925576782226562500e+02,6.475457153320312500e+02,6.638185381889343262e-01,8.990947265625000000e+02,6.606198120117187500e+02,8.383688330650329590e-01,8.892891845703125000e+02,6.595303344726562500e+02,8.470925092697143555e-01,9.034527587890625000e+02,6.769624023437500000e+02,9.061776995658874512e-01,8.849311523437500000e+02,6.747833862304687500e+02,6.714738607406616211e-01,8.881996459960937500e+02,6.747833862304687500e+02,9.159004688262939453e-01,8.816625976562500000e+02,6.736939086914062500e+02,9.246650338172912598e-01,8.947366943359375000e+02,6.943945312500000000e+02,9.271627664566040039e-01,8.892891845703125000e+02,6.933049926757812500e+02,8.786441683769226074e-01,8.871101684570312500e+02,7.205426635742187500e+02,9.087351560592651367e-01,8.892891845703125000e+02,7.205426635742187500e+02,8.810411691665649414e-01,8.990947265625000000e+02,7.412432861328125000e+02,7.495416402816772461e-01,8.958262329101562500e+02,7.456013183593750000e+02,6.237010955810546875e-01,8.881996459960937500e+02,6.399191894531250000e+02,9.281004071235656738e-01,8.936472167968750000e+02,6.540827636718750000e+02,9.211659431457519531e-01,8.914682006835937500e+02,6.933049926757812500e+02,9.427292346954345703e-01,8.958262329101562500e+02,7.521383666992187500e+02,6.881605982780456543e-01,8.849311523437500000e+02,7.543173828125000000e+02,8.336595892906188965e-01,8.980052490234375000e+02,7.521383666992187500e+02,7.140775918960571289e-01,8.849311523437500000e+02,7.532279052734375000e+02,8.787711858749389648e-01,9.034527587890625000e+02,7.412432861328125000e+02,8.421596288681030273e-01,8.958262329101562500e+02,7.532279052734375000e+02,7.918730378150939941e-01,8.698518066406250000e+02,6.435145263671875000e+02,4.432232666015625000e+01,1.115655517578125000e+02,0.000000000000000000e+00
1.600000000000000000e+01,8.400000000000000000e+01,8.794639892578125000e+02,6.512152099609375000e+02,8.820412158966064453e-01,8.805858764648437500e+02,6.478496093750000000e+02,8.509008288383483887e-01,8.794639892578125000e+02,6.478496093750000000e+02,8.441339135169982910e-01,8.861952514648437500e+02,6.478496093750000000e+02,8.329269886016845703e-01,8.873171386718750000e+02,6.478496093750000000e+02,6.327057480812072754e-01,8.962921142578125000e+02,6.601902465820312500e+02,8.144186139106750488e-01,8.850733642578125000e+02,6.590683593750000000e+02,8.235504031181335449e-01,9.007796020507812500e+02,6.770183715820312500e+02,8.560714721679687500e-01,8.805858764648437500e+02,6.747745971679687500e+02,7.863152623176574707e-01,8.861952514648437500e+02,6.736527099609375000e+02,8.689458966255187988e-01,8.772202148437500000e+02,6.635558471679687500e+02,5.587766170501708984e-01,8.895608520507812500e+02,6.938464355468750000e+02,9.009153246879577637e-01,8.850733642578125000e+02,6.927246093750000000e+02,8.429211378097534180e-01,8.828295898437500000e+02,7.207714233398437500e+02,8.661761283874511719e-01,8.873171386718750000e+02,7.196495971679687500e+02,8.321850895881652832e-01,8.929265136718750000e+02,7.454526977539062500e+02,8.084289431571960449e-01,8.929265136718750000e+02,7.465745849609375000e+02,8.058206439018249512e-01,8.839514770507812500e+02,6.399964599609375000e+02,8.912851810455322266e-01,8.895608520507812500e+02,6.545808715820312500e+02,9.127386808395385742e-01,8.884389648437500000e+02,6.927246093750000000e+02,9.247860908508300781e-01,8.828295898437500000e+02,7.544276733398437500e+02,8.889721632003784180e-01,8.828295898437500000e+02,7.555495605468750000e+02,8.685666322708129883e-01,8.861952514648437500e+02,7.555495605468750000e+02,8.635382056236267090e-01,8.828295898437500000e+02,7.533057861328125000e+02,8.839877843856811523e-01,8.974140014648437500e+02,7.499401855468750000e+02,7.047065496444702148e-01,8.962921142578125000e+02,7.533057861328125000e+02,7.319886684417724609e-01,8.645280761718750000e+02,6.414548950195312500e+02,4.669995117187500000e+01,1.148799438476562500e+02,0.000000000000000000e+00
1.600000000000000000e+01,8.500000000000000000e+01,8.749409179687500000e+02,6.506896362304687500e+02,8.595983386039733887e-01,8.773145751953125000e+02,6.483159790039062500e+02,8.661263585090637207e-01,8.749409179687500000e+02,6.483159790039062500e+02,8.191951513290405273e-01,8.844355468750000000e+02,6.483159790039062500e+02,8.424306511878967285e-01,8.820618896484375000e+02,6.483159790039062500e+02,6.452667713165283203e-01,8.927434082031250000e+02,6.613710937500000000e+02,8.807810544967651367e-01,8.796882324218750000e+02,6.601842651367187500e+02,8.906682133674621582e-01,8.986775512695312500e+02,6.767999267578125000e+02,9.319673180580139160e-01,8.773145751953125000e+02,6.767999267578125000e+02,8.265348672866821289e-01,8.832487182617187500e+02,6.744262695312500000e+02,9.190782308578491211e-01,8.749409179687500000e+02,6.732394409179687500e+02,7.968520522117614746e-01,8.868092651367187500e+02,6.969760131835937500e+02,9.192470312118530273e-01,8.832487182617187500e+02,6.957891845703125000e+02,8.572525382041931152e-01,8.773145751953125000e+02,7.207126464843750000e+02,8.497352004051208496e-01,8.856223754882812500e+02,7.218994750976562500e+02,8.385044336318969727e-01,8.856223754882812500e+02,7.468229370117187500e+02,8.349746465682983398e-01,8.891829223632812500e+02,7.480097656250000000e+02,6.854586005210876465e-01,8.796882324218750000e+02,6.400081176757812500e+02,9.119666218757629395e-01,8.856223754882812500e+02,6.554369506835937500e+02,9.764221906661987305e-01,8.856223754882812500e+02,6.957891845703125000e+02,9.022282361984252930e-01,8.749409179687500000e+02,7.551307373046875000e+02,8.496730327606201172e-01,8.785014038085937500e+02,7.563175659179687500e+02,7.987328171730041504e-01,8.773145751953125000e+02,7.563175659179687500e+02,8.672874569892883301e-01,8.785014038085937500e+02,7.551307373046875000e+02,7.763199806213378906e-01,8.903697509765625000e+02,7.527570800781250000e+02,7.298475503921508789e-01,8.951170654296875000e+02,7.539439086914062500e+02,7.592077255249023438e-01,8.632623291015625000e+02,6.391773681640625000e+02,4.590704345703125000e+01,1.215314941406250000e+02,0.000000000000000000e+00
1.600000000000000000e+01,8.600000000000000000e+01,8.698253173828125000e+02,6.502305908203125000e+02,9.070655107498168945e-01,8.721069335937500000e+02,6.479489746093750000e+02,9.203946590423583984e-01,8.698253173828125000e+02,6.479489746093750000e+02,9.092322587966918945e-01,8.789518432617187500e+02,6.490897827148437500e+02,8.748967051506042480e-01,8.812335205078125000e+02,6.479489746093750000e+02,6.506996154785156250e-01,8.869375610351562500e+02,6.604979248046875000e+02,7.505878806114196777e-01,8.789518432617187500e+02,6.604979248046875000e+02,8.485528826713562012e-01,8.937824707031250000e+02,6.776101684570312500e+02,6.691793203353881836e-01,8.743886108398437500e+02,6.776101684570312500e+02,8.379052281379699707e-01,8.766702270507812500e+02,6.741877441406250000e+02,8.624861836433410645e-01,8.709661254882812500e+02,6.730469360351562500e+02,4.196624755859375000e-01,8.823743286132812500e+02,6.970040893554687500e+02,8.865648508071899414e-01,8.800926513671875000e+02,6.970040893554687500e+02,8.567339181900024414e-01,8.732478027343750000e+02,7.232428588867187500e+02,8.530423641204833984e-01,8.846559448242187500e+02,7.243836669921875000e+02,8.286176323890686035e-01,8.755294189453125000e+02,7.494816894531250000e+02,7.681390643119812012e-01,8.892192382812500000e+02,7.483408203125000000e+02,6.154686212539672852e-01,8.755294189453125000e+02,6.399632568359375000e+02,9.061901569366455078e-01,8.812335205078125000e+02,6.547938232421875000e+02,9.289499521255493164e-01,8.812335205078125000e+02,6.970040893554687500e+02,9.053820967674255371e-01,8.641212158203125000e+02,7.563265380859375000e+02,9.051741957664489746e-01,8.823743286132812500e+02,7.551857299804687500e+02,8.137648105621337891e-01,8.652620849609375000e+02,7.574674072265625000e+02,8.984970450401306152e-01,8.835151367187500000e+02,7.551857299804687500e+02,8.148872852325439453e-01,8.766702270507812500e+02,7.540449218750000000e+02,8.909111618995666504e-01,8.949232788085937500e+02,7.551857299804687500e+02,9.158930182456970215e-01,8.561185913085937500e+02,6.437279052734375000e+02,4.908905029296875000e+01,1.168197021484375000e+02,0.000000000000000000e+00
1.600000000000000000e+01,8.700000000000000000e+01,8.663800048828125000e+02,6.495212402343750000e+02,8.816226720809936523e-01,8.687725830078125000e+02,6.471286621093750000e+02,8.975586891174316406e-01,8.663800048828125000e+02,6.471286621093750000e+02,8.921885490417480469e-01,8.759503173828125000e+02,6.483249511718750000e+02,8.894537091255187988e-01,8.759503173828125000e+02,6.471286621093750000e+02,6.296154260635375977e-01,8.843243408203125000e+02,6.602877807617187500e+02,8.588728904724121094e-01,8.723614501953125000e+02,6.602877807617187500e+02,8.261712193489074707e-01,8.915020141601562500e+02,6.782321166992187500e+02,8.294454813003540039e-01,8.675762939453125000e+02,6.782321166992187500e+02,9.452080130577087402e-01,8.747540283203125000e+02,6.758395385742187500e+02,9.117413163185119629e-01,8.592023315429687500e+02,6.901949462890625000e+02,9.042975902557373047e-01,8.795391845703125000e+02,6.973726806640625000e+02,8.211411237716674805e-01,8.771466064453125000e+02,6.973726806640625000e+02,7.981925010681152344e-01,8.699688720703125000e+02,7.260835571289062500e+02,8.917357325553894043e-01,8.831280517578125000e+02,7.260835571289062500e+02,8.288850188255310059e-01,8.663800048828125000e+02,7.524018554687500000e+02,8.685904741287231445e-01,8.915020141601562500e+02,7.500092773437500000e+02,8.593480587005615234e-01,8.723614501953125000e+02,6.387546386718750000e+02,9.050676226615905762e-01,8.771466064453125000e+02,6.543063964843750000e+02,9.069702625274658203e-01,8.783428955078125000e+02,6.973726806640625000e+02,9.465244412422180176e-01,8.520245971679687500e+02,7.559907226562500000e+02,8.668948411941528320e-01,8.819317626953125000e+02,7.571870117187500000e+02,9.168498516082763672e-01,8.544171752929687500e+02,7.583833007812500000e+02,8.815255761146545410e-01,8.819317626953125000e+02,7.559907226562500000e+02,8.905823826789855957e-01,8.687725830078125000e+02,7.571870117187500000e+02,9.262889623641967773e-01,8.950908813476562500e+02,7.547944335937500000e+02,9.104154109954833984e-01,8.466884155273437500e+02,6.403098754882812500e+02,5.732757568359375000e+01,1.224996948242187500e+02,0.000000000000000000e+00
1.600000000000000000e+01,8.800000000000000000e+01,8.626395874023437500e+02,6.490651245117187500e+02,9.049839377403259277e-01,8.649273071289062500e+02,6.467774047851562500e+02,9.227041006088256836e-01,8.626395874023437500e+02,6.467774047851562500e+02,8.755526542663574219e-01,8.706466064453125000e+02,6.467774047851562500e+02,8.717796206474304199e-01,8.717904052734375000e+02,6.467774047851562500e+02,5.517565011978149414e-01,8.797974243164062500e+02,6.605036621093750000e+02,8.191936016082763672e-01,8.695027465820312500e+02,6.593598022460937500e+02,7.805950045585632324e-01,8.878044433593750000e+02,6.776614990234375000e+02,7.151856422424316406e-01,8.660711669921875000e+02,6.776614990234375000e+02,7.303704023361206055e-01,8.717904052734375000e+02,6.765176391601562500e+02,8.933664560317993164e-01,8.603518676757812500e+02,6.742299194335937500e+02,4.570074677467346191e-01,8.763658447265625000e+02,6.982509155273437500e+02,8.334492444992065430e-01,8.729342651367187500e+02,6.971070556640625000e+02,7.648504972457885742e-01,8.672150268554687500e+02,7.268472900390625000e+02,8.414743542671203613e-01,8.809412841796875000e+02,7.257034301757812500e+02,8.805447816848754883e-01,8.580641479492187500e+02,7.531560058593750000e+02,9.029052257537841797e-01,8.900921020507812500e+02,7.508682861328125000e+02,8.803930282592773438e-01,8.683588867187500000e+02,6.387703857421875000e+02,8.547732830047607422e-01,8.729342651367187500e+02,6.536405029296875000e+02,9.226450920104980469e-01,8.752219848632812500e+02,6.971070556640625000e+02,9.210808873176574707e-01,8.454817504882812500e+02,7.542998657226562500e+02,8.596625328063964844e-01,8.786535644531250000e+02,7.588753051757812500e+02,9.827293157577514648e-01,8.477694702148437500e+02,7.565875854492187500e+02,8.274757266044616699e-01,8.797974243164062500e+02,7.577314453125000000e+02,8.462193012237548828e-01,8.592080078125000000e+02,7.588753051757812500e+02,8.857260346412658691e-01,8.935236816406250000e+02,7.554437255859375000e+02,9.403781294822692871e-01,8.411026000976562500e+02,6.471205444335937500e+02,6.023187255859375000e+01,1.171308593750000000e+02,0.000000000000000000e+00
1.600000000000000000e+01,8.900000000000000000e+01,8.589680175781250000e+02,6.503408813476562500e+02,8.954755663871765137e-01,8.601416625976562500e+02,6.468198852539062500e+02,9.105167388916015625e-01,8.589680175781250000e+02,6.479935302734375000e+02,8.565570116043090820e-01,8.671836547851562500e+02,6.479935302734375000e+02,8.931959271430969238e-01,8.671836547851562500e+02,6.479935302734375000e+02,6.579007506370544434e-01,8.777467041015625000e+02,6.609038696289062500e+02,8.302818536758422852e-01,8.624890136718750000e+02,6.609038696289062500e+02,8.114191293716430664e-01,8.847886962890625000e+02,6.796825561523437500e+02,8.517215847969055176e-01,8.589680175781250000e+02,6.785089111328125000e+02,7.483726739883422852e-01,8.683573608398437500e+02,6.785089111328125000e+02,8.913912177085876465e-01,8.484049682617187500e+02,6.902455444335937500e+02,6.518745422363281250e-01,8.730520019531250000e+02,6.984612426757812500e+02,8.216834664344787598e-01,8.683573608398437500e+02,6.984612426757812500e+02,7.547454833984375000e-01,8.636626586914062500e+02,7.289766235351562500e+02,8.305571675300598145e-01,8.777467041015625000e+02,7.266292724609375000e+02,8.598894476890563965e-01,8.519259643554687500e+02,7.547973022460937500e+02,8.975966572761535645e-01,8.894833374023437500e+02,7.524499511718750000e+02,8.444014787673950195e-01,8.636626586914062500e+02,6.386041870117187500e+02,8.541672229766845703e-01,8.695310058593750000e+02,6.550355224609375000e+02,9.463517665863037109e-01,8.707046508789062500e+02,6.972875976562500000e+02,9.038258194923400879e-01,8.390156250000000000e+02,7.547973022460937500e+02,8.673034906387329102e-01,8.777467041015625000e+02,7.594920043945312500e+02,9.123225212097167969e-01,8.401893310546875000e+02,7.571446533203125000e+02,8.157564997673034668e-01,8.789203491210937500e+02,7.583182983398437500e+02,8.171243667602539062e-01,8.530996704101562500e+02,7.606656494140625000e+02,9.032490253448486328e-01,8.930043945312500000e+02,7.559709472656250000e+02,9.038059711456298828e-01,8.371506347656250000e+02,6.459982299804687500e+02,6.123968505859375000e+01,1.201836547851562500e+02,0.000000000000000000e+00
1.600000000000000000e+01,9.000000000000000000e+01,8.563283081054687500e+02,6.505165405273437500e+02,8.506340384483337402e-01,8.575166015625000000e+02,6.481399536132812500e+02,8.483321070671081543e-01,8.563283081054687500e+02,6.481399536132812500e+02,8.075132369995117188e-01,8.634581298828125000e+02,6.493282470703125000e+02,8.659694194793701172e-01,8.634581298828125000e+02,6.493282470703125000e+02,5.948027968406677246e-01,8.741528930664062500e+02,6.623995971679687500e+02,7.902160286903381348e-01,8.610815429687500000e+02,6.623995971679687500e+02,7.162368893623352051e-01,8.812827148437500000e+02,6.802241821289062500e+02,7.974803447723388672e-01,8.563283081054687500e+02,6.802241821289062500e+02,7.508834004402160645e-01,8.634581298828125000e+02,6.778475341796875000e+02,8.540029525756835938e-01,8.444452514648437500e+02,6.909189453125000000e+02,6.305694580078125000e-01,8.682113647460937500e+02,7.004253540039062500e+02,8.172688484191894531e-01,8.646464233398437500e+02,6.992370605468750000e+02,7.635136842727661133e-01,8.598931884765625000e+02,7.313212890625000000e+02,8.697322607040405273e-01,8.753411865234375000e+02,7.289447021484375000e+02,8.447631597518920898e-01,8.491984863281250000e+02,7.574639892578125000e+02,9.154967665672302246e-01,8.884125366210937500e+02,7.527107543945312500e+02,8.812276721000671387e-01,8.610815429687500000e+02,6.398217773437500000e+02,8.172857761383056641e-01,8.658347167968750000e+02,6.564580688476562500e+02,8.882632255554199219e-01,8.670230712890625000e+02,6.992370605468750000e+02,8.806620836257934570e-01,8.373154296875000000e+02,7.574639892578125000e+02,8.293305039405822754e-01,8.789060668945312500e+02,7.610289306640625000e+02,7.743263840675354004e-01,8.373154296875000000e+02,7.586522827148437500e+02,7.878627181053161621e-01,8.789060668945312500e+02,7.598405761718750000e+02,7.862461209297180176e-01,8.491984863281250000e+02,7.634055175781250000e+02,8.824695348739624023e-01,8.919774780273437500e+02,7.562756958007812500e+02,7.561950087547302246e-01,8.357607421875000000e+02,6.425548706054687500e+02,6.133630371093750000e+01,1.216824340820312500e+02,0.000000000000000000e+00
1.600000000000000000e+01,9.100000000000000000e+01,8.521415405273437500e+02,6.520375976562500000e+02,8.377603292465209961e-01,8.546744995117187500e+02,6.495046386718750000e+02,8.273625373840332031e-01,8.521415405273437500e+02,6.495046386718750000e+02,8.079087138175964355e-01,8.597404785156250000e+02,6.495046386718750000e+02,8.374330401420593262e-01,8.597404785156250000e+02,6.495046386718750000e+02,6.121854186058044434e-01,8.686059570312500000e+02,6.621695556640625000e+02,7.973964810371398926e-01,8.572075195312500000e+02,6.621695556640625000e+02,7.874807715415954590e-01,8.774713745117187500e+02,6.811669311523437500e+02,8.486458659172058105e-01,8.546744995117187500e+02,6.799004516601562500e+02,7.800685763359069824e-01,8.584739990234375000e+02,6.799004516601562500e+02,8.480262160301208496e-01,8.445426025390625000e+02,6.887658691406250000e+02,5.739183425903320312e-01,8.648064575195312500e+02,7.014307861328125000e+02,8.728891611099243164e-01,8.610069580078125000e+02,7.001643066406250000e+02,7.977354526519775391e-01,8.559410400390625000e+02,7.330930786132812500e+02,9.190499186515808105e-01,8.711389160156250000e+02,7.305601196289062500e+02,8.696103096008300781e-01,8.470755615234375000e+02,7.596894531250000000e+02,9.117633104324340820e-01,8.863368530273437500e+02,7.533569946289062500e+02,9.315771460533142090e-01,8.559410400390625000e+02,6.419056396484375000e+02,8.892553448677062988e-01,8.622734985351562500e+02,6.558370971679687500e+02,9.022060632705688477e-01,8.622734985351562500e+02,7.001643066406250000e+02,9.059427380561828613e-01,8.331441650390625000e+02,7.609559326171875000e+02,8.649820685386657715e-01,8.787378540039062500e+02,7.634888916015625000e+02,7.605161666870117188e-01,8.344106445312500000e+02,7.634888916015625000e+02,8.374162912368774414e-01,8.787378540039062500e+02,7.609559326171875000e+02,7.748652100563049316e-01,8.470755615234375000e+02,7.660219116210937500e+02,8.404662013053894043e-01,8.901362915039062500e+02,7.558899536132812500e+02,7.123707532882690430e-01,8.323213500976562500e+02,6.410191040039062500e+02,6.370373535156250000e+01,1.296887817382812500e+02,0.000000000000000000e+00
1.600000000000000000e+01,9.200000000000000000e+01,8.479755859375000000e+02,6.525505981445312500e+02,8.494957685470581055e-01,8.503890991210937500e+02,6.489303588867187500e+02,8.243129849433898926e-01,8.479755859375000000e+02,6.489303588867187500e+02,8.326318264007568359e-01,8.564229125976562500e+02,6.489303588867187500e+02,7.739557027816772461e-01,8.528026123046875000e+02,6.489303588867187500e+02,5.437553524971008301e-01,8.648701782226562500e+02,6.622046508789062500e+02,8.145188689231872559e-01,8.528026123046875000e+02,6.634113769531250000e+02,7.594577074050903320e-01,8.709039306640625000e+02,6.815126953125000000e+02,8.923582434654235840e-01,8.503890991210937500e+02,6.815126953125000000e+02,8.168082833290100098e-01,8.528026123046875000e+02,6.803059082031250000e+02,8.625897169113159180e-01,8.431486206054687500e+02,6.839262084960937500e+02,6.747404336929321289e-01,8.600431518554687500e+02,7.020274658203125000e+02,8.400668501853942871e-01,8.564229125976562500e+02,7.020274658203125000e+02,8.434103131294250488e-01,8.528026123046875000e+02,7.346098022460937500e+02,7.881796360015869141e-01,8.636633911132812500e+02,7.321962890625000000e+02,8.341128826141357422e-01,8.431486206054687500e+02,7.623651123046875000e+02,5.983581542968750000e-01,8.829714355468750000e+02,7.527110595703125000e+02,7.877734303474426270e-01,8.515958862304687500e+02,6.404830932617187500e+02,9.457447528839111328e-01,8.576296386718750000e+02,6.573776245117187500e+02,8.608939051628112793e-01,8.588363647460937500e+02,7.008207397460937500e+02,9.005244374275207520e-01,8.298743286132812500e+02,7.659853515625000000e+02,7.628380060195922852e-01,8.757309570312500000e+02,7.659853515625000000e+02,2.865951061248779297e-01,8.322878417968750000e+02,7.683988647460937500e+02,7.362229228019714355e-01,8.769376831054687500e+02,7.635718383789062500e+02,2.551341950893402100e-01,8.455621337890625000e+02,7.683988647460937500e+02,7.649188637733459473e-01,8.877984619140625000e+02,7.551245727539062500e+02,3.650570809841156006e-01,8.319191894531250000e+02,6.468788452148437500e+02,5.986816406250000000e+01,1.235715332031250000e+02,0.000000000000000000e+00
1.600000000000000000e+01,9.300000000000000000e+01,8.411782836914062500e+02,6.536440429687500000e+02,8.657330274581909180e-01,8.435667114257812500e+02,6.500614013671875000e+02,8.423284888267517090e-01,8.411782836914062500e+02,6.500614013671875000e+02,8.478350043296813965e-01,8.519262084960937500e+02,6.500614013671875000e+02,8.527926206588745117e-01,8.495377807617187500e+02,6.500614013671875000e+02,5.094112157821655273e-01,8.614799194335937500e+02,6.643919677734375000e+02,8.124178051948547363e-01,8.459551391601562500e+02,6.643919677734375000e+02,7.644719481468200684e-01,8.674509887695312500e+02,6.823052368164062500e+02,8.982494473457336426e-01,8.411782836914062500e+02,6.846936645507812500e+02,7.816603779792785645e-01,8.495377807617187500e+02,6.823052368164062500e+02,8.797206878662109375e-01,8.328187866210937500e+02,6.954415893554687500e+02,8.550139665603637695e-01,8.567030639648437500e+02,7.026068725585937500e+02,8.640134930610656738e-01,8.495377807617187500e+02,7.014126586914062500e+02,8.528723120689392090e-01,8.507319946289062500e+02,7.348506469726562500e+02,8.299494385719299316e-01,8.567030639648437500e+02,7.336564331054687500e+02,8.831470608711242676e-01,8.423724975585937500e+02,7.647060546875000000e+02,9.093251824378967285e-01,8.793931274414062500e+02,7.539581298828125000e+02,8.573406934738159180e-01,8.471493530273437500e+02,6.417019042968750000e+02,9.251686334609985352e-01,8.531204223632812500e+02,6.584208984375000000e+02,8.764671087265014648e-01,8.531204223632812500e+02,7.014126586914062500e+02,9.317137598991394043e-01,8.292361450195312500e+02,7.682886962890625000e+02,8.994245529174804688e-01,8.770046997070312500e+02,7.659002685546875000e+02,8.595039844512939453e-01,8.316245727539062500e+02,7.706771240234375000e+02,8.460699915885925293e-01,8.758104858398437500e+02,7.647060546875000000e+02,8.732559680938720703e-01,8.435667114257812500e+02,7.694829101562500000e+02,8.757826089859008789e-01,8.841700439453125000e+02,7.551523437500000000e+02,8.456080555915832520e-01,8.217930908203125000e+02,6.480312500000000000e+02,6.384887695312500000e+01,1.222876586914062500e+02,0.000000000000000000e+00
1.600000000000000000e+01,9.400000000000000000e+01,8.343396606445312500e+02,6.498035888671875000e+02,8.423685431480407715e-01,8.368193359375000000e+02,6.473239135742187500e+02,8.423734903335571289e-01,8.343396606445312500e+02,6.473239135742187500e+02,8.238292336463928223e-01,8.454981689453125000e+02,6.485637207031250000e+02,7.968533635139465332e-01,8.454981689453125000e+02,6.485637207031250000e+02,6.162333488464355469e-01,8.554168701171875000e+02,6.622019653320312500e+02,8.272631764411926270e-01,8.405388183593750000e+02,6.634417724609375000e+02,8.691231608390808105e-01,8.628558959960937500e+02,6.820393066406250000e+02,9.415463209152221680e-01,8.368193359375000000e+02,6.832791748046875000e+02,8.516929745674133301e-01,8.454981689453125000e+02,6.807994995117187500e+02,9.125071763992309570e-01,8.281405029296875000e+02,6.969173583984375000e+02,8.604231476783752441e-01,8.516973876953125000e+02,7.043563842773437500e+02,9.155839085578918457e-01,8.442583618164062500e+02,7.043563842773437500e+02,8.383418917655944824e-01,8.479778442382812500e+02,7.353522949218750000e+02,9.333007931709289551e-01,8.467380371093750000e+02,7.353522949218750000e+02,8.707052469253540039e-01,8.405388183593750000e+02,7.663482055664062500e+02,9.087338447570800781e-01,8.727745971679687500e+02,7.527100219726562500e+02,8.918620347976684570e-01,8.417786865234375000e+02,6.386450195312500000e+02,9.724295139312744141e-01,8.467380371093750000e+02,6.560027465820312500e+02,8.976966142654418945e-01,8.479778442382812500e+02,7.031165161132812500e+02,9.189508557319641113e-01,8.269006347656250000e+02,7.713075561523437500e+02,8.920224308967590332e-01,8.740144042968750000e+02,7.663482055664062500e+02,8.713331818580627441e-01,8.306201782226562500e+02,7.725473632812500000e+02,9.010906219482421875e-01,8.727745971679687500e+02,7.651083374023437500e+02,8.385198116302490234e-01,8.417786865234375000e+02,7.713075561523437500e+02,8.754386305809020996e-01,8.777339477539062500e+02,7.527100219726562500e+02,8.777660131454467773e-01,8.183378906250000000e+02,6.452161865234375000e+02,6.051983642578125000e+01,1.269592895507812500e+02,0.000000000000000000e+00
1.600000000000000000e+01,9.500000000000000000e+01,8.313191528320312500e+02,6.507213745117187500e+02,8.636066317558288574e-01,8.338731689453125000e+02,6.481672973632812500e+02,8.677109479904174805e-01,8.325961914062500000e+02,6.481672973632812500e+02,8.599843978881835938e-01,8.415352783203125000e+02,6.494443359375000000e+02,8.599707484245300293e-01,8.415352783203125000e+02,6.494443359375000000e+02,6.652355790138244629e-01,8.504743652343750000e+02,6.634915161132812500e+02,8.614283800125122070e-01,8.389812622070312500e+02,6.622144775390625000e+02,9.257969856262207031e-01,8.581364746093750000e+02,6.813697509765625000e+02,9.409101009368896484e-01,8.351502075195312500e+02,6.826467285156250000e+02,7.763076424598693848e-01,8.389812622070312500e+02,6.800927124023437500e+02,9.413212537765502930e-01,8.249340820312500000e+02,6.979709472656250000e+02,9.373084902763366699e-01,8.466433715820312500e+02,7.043560180664062500e+02,8.711082339286804199e-01,8.402582397460937500e+02,7.043560180664062500e+02,8.372976183891296387e-01,8.440892944335937500e+02,7.375584106445312500e+02,9.231649041175842285e-01,8.389812622070312500e+02,7.375584106445312500e+02,9.587478041648864746e-01,8.389812622070312500e+02,7.682067871093750000e+02,8.964553475379943848e-01,8.645215454101562500e+02,7.516055908203125000e+02,8.585734963417053223e-01,8.377042236328125000e+02,6.392282104492187500e+02,9.494667053222656250e-01,8.440892944335937500e+02,6.571064453125000000e+02,9.689506292343139648e-01,8.440892944335937500e+02,7.030789794921875000e+02,9.143449664115905762e-01,8.249340820312500000e+02,7.720378417968750000e+02,9.217916727066040039e-01,8.670756225585937500e+02,7.656527709960937500e+02,8.363773822784423828e-01,8.287651367187500000e+02,7.745918579101562500e+02,9.314253330230712891e-01,8.657985839843750000e+02,7.630987548828125000e+02,8.604040741920471191e-01,8.402582397460937500e+02,7.733148803710937500e+02,9.301736354827880859e-01,8.683526000976562500e+02,7.516055908203125000e+02,8.232288360595703125e-01,8.155164184570312500e+02,6.434423217773437500e+02,5.586877441406250000e+01,1.307664184570312500e+02,0.000000000000000000e+00
1.600000000000000000e+01,9.600000000000000000e+01,8.258346557617187500e+02,6.511240234375000000e+02,8.813587427139282227e-01,8.285078735351562500e+02,6.471141967773437500e+02,8.607816696166992188e-01,8.258346557617187500e+02,6.471141967773437500e+02,8.251360058784484863e-01,8.338543090820312500e+02,6.471141967773437500e+02,8.259859085083007812e-01,8.325177001953125000e+02,6.484508056640625000e+02,5.418381094932556152e-01,8.458837280273437500e+02,6.618168334960937500e+02,8.280780315399169922e-01,8.311810913085937500e+02,6.631534423828125000e+02,8.928657174110412598e-01,8.539033813476562500e+02,6.818659057617187500e+02,9.398606419563293457e-01,8.285078735351562500e+02,6.832025146484375000e+02,8.640328049659729004e-01,8.325177001953125000e+02,6.805292968750000000e+02,8.527464866638183594e-01,8.218248901367187500e+02,6.979051513671875000e+02,8.338938951492309570e-01,8.432105102539062500e+02,7.032515869140625000e+02,8.554694652557373047e-01,8.338543090820312500e+02,7.032515869140625000e+02,8.074110746383666992e-01,8.405372924804687500e+02,7.380032958984375000e+02,9.186632633209228516e-01,8.298444824218750000e+02,7.380032958984375000e+02,9.316131472587585449e-01,8.365275268554687500e+02,7.687451782226562500e+02,9.263561367988586426e-01,8.539033813476562500e+02,7.513693237304687500e+02,8.794178962707519531e-01,8.298444824218750000e+02,6.377579956054687500e+02,9.067527651786804199e-01,8.365275268554687500e+02,6.564704589843750000e+02,9.077189564704895020e-01,8.378641357421875000e+02,7.032515869140625000e+02,8.951296806335449219e-01,8.231614990234375000e+02,7.740915527343750000e+02,9.453930854797363281e-01,8.565765380859375000e+02,7.674085693359375000e+02,8.287490606307983398e-01,8.271712646484375000e+02,7.754281616210937500e+02,9.414747953414916992e-01,8.552399902343750000e+02,7.660719604492187500e+02,8.344942927360534668e-01,8.392007446289062500e+02,7.727549438476562500e+02,8.871321678161621094e-01,8.605863647460937500e+02,7.513693237304687500e+02,8.767977356910705566e-01,8.128779907226562500e+02,6.394955444335937500e+02,5.398199462890625000e+01,1.368682250976562500e+02,0.000000000000000000e+00
1.600000000000000000e+01,9.700000000000000000e+01,8.178213500976562500e+02,6.497166137695312500e+02,8.521376848220825195e-01,8.192011108398437500e+02,6.455773925781250000e+02,7.954703569412231445e-01,8.178213500976562500e+02,6.469571533203125000e+02,8.067482113838195801e-01,8.274796752929687500e+02,6.469571533203125000e+02,8.234438896179199219e-01,8.260999145507812500e+02,6.469571533203125000e+02,5.883914828300476074e-01,8.398974609375000000e+02,6.607546997070312500e+02,7.737500071525573730e-01,8.247201538085937500e+02,6.621343994140625000e+02,8.635229468345642090e-01,8.467962036132812500e+02,6.814509887695312500e+02,9.041739702224731445e-01,8.205808715820312500e+02,6.800712280273437500e+02,8.595382571220397949e-01,8.274796752929687500e+02,6.786914672851562500e+02,8.261901140213012695e-01,8.192011108398437500e+02,6.828307495117187500e+02,6.215907931327819824e-01,8.385177001953125000e+02,7.035270385742187500e+02,9.054993391036987305e-01,8.274796752929687500e+02,7.035270385742187500e+02,8.792304396629333496e-01,8.343784179687500000e+02,7.338816528320312500e+02,9.093927145004272461e-01,8.233403930664062500e+02,7.366411743164062500e+02,8.823662996292114258e-01,8.343784179687500000e+02,7.697552490234375000e+02,9.038437604904174805e-01,8.454164428710937500e+02,7.531982421875000000e+02,9.286474585533142090e-01,8.233403930664062500e+02,6.359190673828125000e+02,8.841400146484375000e-01,8.302391357421875000e+02,6.538558959960937500e+02,9.190067648887634277e-01,8.329986572265625000e+02,7.021472778320312500e+02,9.272184371948242188e-01,8.205808715820312500e+02,7.766540527343750000e+02,8.543878197669982910e-01,8.454164428710937500e+02,7.711350097656250000e+02,9.555650353431701660e-01,8.247201538085937500e+02,7.780338134765625000e+02,9.177125096321105957e-01,8.440366821289062500e+02,7.697552490234375000e+02,9.505373835563659668e-01,8.371379394531250000e+02,7.738945312500000000e+02,8.330414295196533203e-01,8.495557250976562500e+02,7.545780029296875000e+02,8.630561828613281250e-01,8.106060180664062500e+02,6.377127685546875000e+02,5.168408203125000000e+01,1.412868652343750000e+02,0.000000000000000000e+00
1.600000000000000000e+01,9.800000000000000000e+01,8.173680419921875000e+02,6.499613647460937500e+02,9.201682209968566895e-01,8.188114624023437500e+02,6.456310424804687500e+02,8.995236754417419434e-01,8.159246215820312500e+02,6.470744628906250000e+02,9.266641736030578613e-01,8.260286865234375000e+02,6.441876220703125000e+02,8.838344216346740723e-01,8.188114624023437500e+02,6.470744628906250000e+02,5.233745574951171875e-01,8.375762329101562500e+02,6.571785888671875000e+02,8.223789334297180176e-01,8.216983642578125000e+02,6.600654907226562500e+02,8.707517385482788086e-01,8.433500366210937500e+02,6.802736816406250000e+02,8.975155949592590332e-01,8.188114624023437500e+02,6.788302001953125000e+02,8.352577090263366699e-01,8.231418457031250000e+02,6.788302001953125000e+02,8.645836114883422852e-01,8.159246215820312500e+02,6.802736816406250000e+02,5.797631144523620605e-01,8.332459106445312500e+02,7.048121948242187500e+02,8.326550722122192383e-01,8.216983642578125000e+02,7.033687133789062500e+02,8.270641565322875977e-01,8.332459106445312500e+02,7.380113525390625000e+02,8.354126811027526855e-01,8.144811401367187500e+02,7.365678710937500000e+02,8.946341872215270996e-01,8.332459106445312500e+02,7.712105102539062500e+02,9.002913236618041992e-01,8.361328125000000000e+02,7.567760620117187500e+02,8.326290845870971680e-01,8.202549438476562500e+02,6.355269775390625000e+02,9.146608710289001465e-01,8.274721679687500000e+02,6.528482666015625000e+02,9.277623891830444336e-01,8.289155883789062500e+02,7.033687133789062500e+02,9.007889628410339355e-01,8.188114624023437500e+02,7.769842529296875000e+02,9.002543687820434570e-01,8.289155883789062500e+02,7.683236083984375000e+02,5.908753871917724609e-01,8.231418457031250000e+02,7.798711547851562500e+02,9.250304698944091797e-01,8.289155883789062500e+02,7.683236083984375000e+02,6.602945923805236816e-01,8.361328125000000000e+02,7.769842529296875000e+02,8.621162772178649902e-01,8.419065551757812500e+02,7.596629638671875000e+02,8.116593360900878906e-01,8.050370483398437500e+02,6.345165405273437500e+02,5.208740234375000000e+01,1.478084716796875000e+02,0.000000000000000000e+00
1.600000000000000000e+01,9.900000000000000000e+01,8.075614624023437500e+02,6.428167114257812500e+02,8.272988200187683105e-01,8.101810302734375000e+02,6.401971435546875000e+02,8.009164929389953613e-01,8.075614624023437500e+02,6.401971435546875000e+02,7.622290849685668945e-01,8.154201049804687500e+02,6.388873291015625000e+02,7.811444401741027832e-01,8.180396728515625000e+02,6.401971435546875000e+02,5.318819284439086914e-01,8.311374511718750000e+02,6.519851074218750000e+02,8.494586944580078125e-01,8.193494873046875000e+02,6.546046752929687500e+02,8.657843470573425293e-01,8.389960937500000000e+02,6.781806640625000000e+02,7.292160391807556152e-01,8.154201049804687500e+02,6.742513427734375000e+02,6.409447789192199707e-01,8.180396728515625000e+02,6.716317749023437500e+02,8.148075938224792480e-01,8.141103515625000000e+02,6.742513427734375000e+02,3.428852558135986328e-01,8.285178833007812500e+02,7.017566528320312500e+02,7.850626707077026367e-01,8.180396728515625000e+02,7.004468994140625000e+02,7.754445075988769531e-01,8.285178833007812500e+02,7.397402343750000000e+02,8.582435250282287598e-01,8.075614624023437500e+02,7.371206665039062500e+02,9.111503362655639648e-01,8.311374511718750000e+02,7.711748657226562500e+02,9.479047656059265137e-01,8.232788085937500000e+02,7.659357910156250000e+02,8.593344092369079590e-01,8.128005981445312500e+02,6.297189331054687500e+02,8.330393433570861816e-01,8.219689941406250000e+02,6.467460327148437500e+02,9.046740531921386719e-01,8.232788085937500000e+02,6.991371459960937500e+02,8.346167802810668945e-01,8.167299194335937500e+02,7.777237548828125000e+02,8.823661804199218750e-01,8.154201049804687500e+02,7.777237548828125000e+02,9.220372438430786133e-01,8.206592407226562500e+02,7.803433227539062500e+02,9.104979038238525391e-01,8.141103515625000000e+02,7.764140014648437500e+02,8.475750088691711426e-01,8.350667724609375000e+02,7.777237548828125000e+02,8.886567950248718262e-01,8.272081298828125000e+02,7.711748657226562500e+02,7.881199717521667480e-01,7.956653442382812500e+02,6.418998413085937500e+02,5.391705322265625000e+01,1.341212768554687500e+02,0.000000000000000000e+00
1.600000000000000000e+01,1.000000000000000000e+02,8.075908813476562500e+02,6.479091796875000000e+02,8.731994628906250000e-01,8.089627685546875000e+02,6.451655273437500000e+02,8.092200756072998047e-01,8.062190551757812500e+02,6.451655273437500000e+02,8.089128136634826660e-01,8.158219604492187500e+02,6.424218139648437500e+02,7.537490725517272949e-01,8.089627685546875000e+02,6.451655273437500000e+02,6.501768827438354492e-01,8.295404052734375000e+02,6.561402587890625000e+02,7.921417355537414551e-01,8.103345947265625000e+02,6.588839721679687500e+02,8.629513978958129883e-01,8.350278320312500000e+02,6.808334960937500000e+02,7.925825119018554688e-01,8.034753417968750000e+02,6.753461303710937500e+02,8.574548959732055664e-01,8.117064208984375000e+02,6.780897827148437500e+02,8.284250497817993164e-01,8.075908813476562500e+02,6.657432250976562500e+02,6.100942492485046387e-01,8.240530395507812500e+02,7.055267333984375000e+02,8.416045308113098145e-01,8.103345947265625000e+02,7.055267333984375000e+02,8.342842459678649902e-01,8.254248657226562500e+02,7.411947021484375000e+02,9.008426070213317871e-01,8.021035156250000000e+02,7.384509887695312500e+02,9.305443763732910156e-01,8.295404052734375000e+02,7.741189575195312500e+02,9.120785593986511230e-01,8.103345947265625000e+02,7.700034179687500000e+02,9.208672642707824707e-01,8.103345947265625000e+02,6.341907348632812500e+02,8.738208413124084473e-01,8.171938476562500000e+02,6.506528930664062500e+02,9.289823174476623535e-01,8.171938476562500000e+02,7.041548461914062500e+02,8.918102979660034180e-01,8.158219604492187500e+02,7.809782104492187500e+02,9.345972537994384766e-01,8.007316894531250000e+02,7.823500366210937500e+02,8.852142095565795898e-01,8.185656738281250000e+02,7.823500366210937500e+02,8.964695930480957031e-01,7.993598022460937500e+02,7.796063232421875000e+02,9.099271893501281738e-01,8.336559448242187500e+02,7.796063232421875000e+02,8.829144835472106934e-01,8.158219604492187500e+02,7.741189575195312500e+02,8.602934479713439941e-01,7.917562866210937500e+02,6.414615478515625000e+02,5.499060058593750000e+01,1.404769287109375000e+02,0.000000000000000000e+00
1.600000000000000000e+01,1.010000000000000000e+02,7.994700317382812500e+02,6.495918579101562500e+02,8.873201608657836914e-01,8.010370483398437500e+02,6.464578247070312500e+02,8.796558380126953125e-01,7.994700317382812500e+02,6.464578247070312500e+02,8.347091674804687500e-01,8.073051757812500000e+02,6.448908081054687500e+02,8.358790278434753418e-01,8.120062866210937500e+02,6.433237915039062500e+02,6.303124427795410156e-01,8.214084472656250000e+02,6.558599853515625000e+02,8.409077525138854980e-01,8.073051757812500000e+02,6.574270019531250000e+02,8.448813557624816895e-01,8.261095581054687500e+02,6.793654174804687500e+02,6.624041795730590820e-01,7.994700317382812500e+02,6.777984008789062500e+02,9.278408288955688477e-01,8.057381591796875000e+02,6.730973510742187500e+02,7.801470756530761719e-01,8.010370483398437500e+02,6.715302734375000000e+02,7.050529122352600098e-01,8.182744140625000000e+02,7.060049438476562500e+02,8.419518470764160156e-01,8.057381591796875000e+02,7.060049438476562500e+02,8.381544351577758789e-01,8.214084472656250000e+02,7.436136474609375000e+02,8.913827538490295410e-01,7.947689819335937500e+02,7.420466308593750000e+02,9.380486607551574707e-01,8.276765747070312500e+02,7.765212402343750000e+02,9.107894301414489746e-01,7.979030151367187500e+02,7.765212402343750000e+02,9.486442804336547852e-01,8.041711425781250000e+02,6.339215698242187500e+02,8.629000186920166016e-01,8.120062866210937500e+02,6.511589355468750000e+02,9.348033666610717773e-01,8.120062866210937500e+02,7.044379272460937500e+02,8.722575902938842773e-01,8.135733032226562500e+02,7.843563842773437500e+02,7.813558578491210938e-01,7.837997436523437500e+02,7.843563842773437500e+02,9.181991815567016602e-01,8.167073974609375000e+02,7.859234619140625000e+02,7.730162143707275391e-01,7.837997436523437500e+02,7.843563842773437500e+02,8.761018514633178711e-01,8.308106079101562500e+02,7.827893676757812500e+02,8.393613100051879883e-01,8.010370483398437500e+02,7.812223510742187500e+02,7.609314918518066406e-01,7.790793457031250000e+02,6.265565795898437500e+02,6.742083740234375000e+01,1.604637451171875000e+02,0.000000000000000000e+00
1.600000000000000000e+01,1.020000000000000000e+02,7.927407226562500000e+02,6.514051513671875000e+02,8.767998814582824707e-01,7.957308349609375000e+02,6.469199218750000000e+02,8.209721446037292480e-01,7.927407226562500000e+02,6.469199218750000000e+02,7.975669503211975098e-01,8.017111206054687500e+02,6.469199218750000000e+02,7.984424829483032227e-01,8.017111206054687500e+02,6.469199218750000000e+02,5.587855577468872070e-01,8.121766357421875000e+02,6.618706054687500000e+02,7.462608814239501953e-01,8.002160644531250000e+02,6.618706054687500000e+02,7.835685014724731445e-01,8.166618041992187500e+02,6.842966308593750000e+02,7.662637233734130859e-01,7.927407226562500000e+02,6.798114624023437500e+02,7.505197525024414062e-01,7.987210083007812500e+02,6.798114624023437500e+02,7.821222543716430664e-01,7.912456665039062500e+02,6.723361206054687500e+02,4.346820116043090820e-01,8.121766357421875000e+02,7.097128295898437500e+02,8.088259696960449219e-01,8.002160644531250000e+02,7.082177734375000000e+02,8.433699011802673340e-01,8.181568603515625000e+02,7.470895385742187500e+02,9.016333818435668945e-01,7.897506103515625000e+02,7.440994262695312500e+02,9.102067351341247559e-01,8.256322631835937500e+02,7.784859619140625000e+02,9.376833438873291016e-01,7.852653808593750000e+02,7.784859619140625000e+02,8.506021499633789062e-01,7.987210083007812500e+02,6.364544677734375000e+02,8.263117074966430664e-01,8.047012939453125000e+02,6.543952636718750000e+02,8.905156850814819336e-01,8.061963500976562500e+02,7.082177734375000000e+02,8.909438252449035645e-01,8.121766357421875000e+02,7.874564208984375000e+02,9.274370074272155762e-01,7.703146972656250000e+02,7.859613037109375000e+02,8.975249528884887695e-01,8.151667480468750000e+02,7.874564208984375000e+02,8.805638551712036133e-01,7.703146972656250000e+02,7.844662475585937500e+02,8.961415886878967285e-01,8.286223754882812500e+02,7.844662475585937500e+02,8.682928085327148438e-01,7.882554931640625000e+02,7.859613037109375000e+02,8.269332647323608398e-01,7.679860229492187500e+02,6.383980102539062500e+02,7.193536376953125000e+01,1.530950317382812500e+02,0.000000000000000000e+00
1.600000000000000000e+01,1.030000000000000000e+02,7.861261596679687500e+02,6.523395996093750000e+02,8.591879606246948242e-01,7.877280273437500000e+02,6.475338745117187500e+02,8.101525306701660156e-01,7.861261596679687500e+02,6.491358032226562500e+02,8.290206193923950195e-01,7.941356811523437500e+02,6.475338745117187500e+02,7.918255329132080078e-01,7.941356811523437500e+02,6.475338745117187500e+02,5.977340936660766602e-01,8.085529174804687500e+02,6.635529785156250000e+02,7.421792149543762207e-01,7.957376098632812500e+02,6.635529785156250000e+02,7.997615933418273926e-01,8.133586425781250000e+02,6.875817260742187500e+02,8.721373677253723145e-01,7.957376098632812500e+02,6.843778686523437500e+02,7.653940916061401367e-01,7.909318847656250000e+02,6.843778686523437500e+02,9.112977385520935059e-01,7.845242309570312500e+02,6.811740722656250000e+02,8.027616143226623535e-01,8.053491210937500000e+02,7.132123413085937500e+02,8.703542947769165039e-01,7.941356811523437500e+02,7.116104125976562500e+02,8.391607403755187988e-01,8.133586425781250000e+02,7.500563354492187500e+02,8.898362517356872559e-01,7.829223022460937500e+02,7.484544067382812500e+02,9.184359908103942871e-01,8.229701538085937500e+02,7.820946044921875000e+02,9.405012130737304688e-01,7.733108520507812500e+02,7.820946044921875000e+02,8.996217250823974609e-01,7.909318847656250000e+02,6.363204956054687500e+02,8.434404730796813965e-01,7.989414672851562500e+02,6.555434570312500000e+02,8.363522887229919434e-01,8.005433349609375000e+02,7.116104125976562500e+02,8.814957737922668457e-01,8.101548461914062500e+02,7.901041870117187500e+02,9.700896739959716797e-01,7.556897583007812500e+02,7.852984008789062500e+02,8.820884823799133301e-01,8.133586425781250000e+02,7.917060546875000000e+02,8.593081235885620117e-01,7.572916870117187500e+02,7.852984008789062500e+02,9.042401313781738281e-01,8.261739501953125000e+02,7.869003295898437500e+02,9.278309941291809082e-01,7.749127197265625000e+02,7.901041870117187500e+02,9.537734985351562500e-01,7.561336059570312500e+02,6.351991577148437500e+02,8.080999755859375000e+01,1.640358886718750000e+02,0.000000000000000000e+00
1.600000000000000000e+01,1.040000000000000000e+02,7.807589111328125000e+02,6.513748779296875000e+02,8.011621832847595215e-01,7.824373779296875000e+02,6.480178222656250000e+02,6.911993622779846191e-01,7.807589111328125000e+02,6.480178222656250000e+02,6.696954369544982910e-01,7.891514892578125000e+02,6.480178222656250000e+02,6.293058991432189941e-01,7.908300781250000000e+02,6.480178222656250000e+02,3.629671037197113037e-01,7.975441894531250000e+02,6.631245117187500000e+02,7.138354182243347168e-01,7.958656005859375000e+02,6.631245117187500000e+02,5.656361579895019531e-01,8.042583007812500000e+02,6.883024902343750000e+02,7.742196321487426758e-01,7.925085449218750000e+02,6.849454345703125000e+02,7.117103934288024902e-01,7.841159667968750000e+02,6.849454345703125000e+02,8.490222692489624023e-01,7.824373779296875000e+02,6.799097900390625000e+02,7.761231660842895508e-01,7.975441894531250000e+02,7.151589355468750000e+02,7.931476831436157227e-01,7.908300781250000000e+02,7.151589355468750000e+02,7.636792659759521484e-01,8.092938232421875000e+02,7.537650146484375000e+02,7.146894335746765137e-01,7.774018554687500000e+02,7.520865478515625000e+02,7.535570263862609863e-01,8.210435791015625000e+02,7.856571044921875000e+02,7.906936407089233398e-01,7.639736328125000000e+02,7.873355712890625000e+02,6.532697677612304688e-01,7.857944335937500000e+02,6.362680664062500000e+02,6.275925040245056152e-01,7.925085449218750000e+02,6.564104003906250000e+02,7.509716749191284180e-01,7.941871337890625000e+02,7.151589355468750000e+02,8.474429845809936523e-01,8.076153564453125000e+02,7.940496826171875000e+02,8.413926362991333008e-01,7.471883544921875000e+02,7.873355712890625000e+02,8.270046114921569824e-01,8.092938232421875000e+02,7.957282714843750000e+02,7.937538027763366699e-01,7.488668212890625000e+02,7.873355712890625000e+02,8.098676204681396484e-01,8.244006347656250000e+02,7.906926269531250000e+02,8.402154445648193359e-01,7.656520996093750000e+02,7.940496826171875000e+02,8.734736442565917969e-01,7.483824462890625000e+02,6.334146118164062500e+02,8.993078613281250000e+01,1.718812866210937500e+02,0.000000000000000000e+00
1.600000000000000000e+01,1.050000000000000000e+02,7.700858154296875000e+02,6.527983398437500000e+02,8.706874251365661621e-01,7.717058105468750000e+02,6.495584716796875000e+02,8.174089789390563965e-01,7.684658813476562500e+02,6.495584716796875000e+02,8.318710923194885254e-01,7.765656127929687500e+02,6.479385375976562500e+02,8.194339871406555176e-01,7.781855468750000000e+02,6.463186035156250000e+02,5.326536893844604492e-01,7.895252075195312500e+02,6.608980712890625000e+02,7.639854550361633301e-01,7.830454101562500000e+02,6.625180053710937500e+02,6.977010369300842285e-01,7.960049438476562500e+02,6.884371337890625000e+02,7.719661593437194824e-01,7.830454101562500000e+02,6.835773315429687500e+02,7.505845427513122559e-01,7.749456787109375000e+02,6.851972656250000000e+02,8.619270920753479004e-01,7.733257446289062500e+02,6.819573974609375000e+02,8.055530786514282227e-01,7.895252075195312500e+02,7.175961914062500000e+02,8.330939412117004395e-01,7.830454101562500000e+02,7.159762573242187500e+02,7.995881438255310059e-01,8.008648071289062500e+02,7.548549194335937500e+02,6.877201199531555176e-01,7.717058105468750000e+02,7.548549194335937500e+02,7.699851393699645996e-01,8.170642700195312500e+02,7.856339111328125000e+02,6.985266208648681641e-01,7.571262817382812500e+02,7.904937133789062500e+02,6.480716466903686523e-01,7.717058105468750000e+02,6.382188720703125000e+02,8.978230357170104980e-01,7.814254760742187500e+02,6.544183349609375000e+02,8.315560817718505859e-01,7.862852783203125000e+02,7.159762573242187500e+02,8.781611323356628418e-01,8.041046752929687500e+02,7.969735107421875000e+02,7.843146324157714844e-01,7.425467529296875000e+02,7.921136474609375000e+02,7.775790691375732422e-01,8.089645385742187500e+02,7.969735107421875000e+02,7.874055504798889160e-01,7.441666870117187500e+02,7.921136474609375000e+02,7.803589701652526855e-01,8.219240722656250000e+02,7.904937133789062500e+02,7.033385038375854492e-01,7.587462158203125000e+02,7.985934448242187500e+02,8.486850857734680176e-01,7.459396972656250000e+02,6.403248291015625000e+02,8.555096435546875000e+01,1.658823852539062500e+02,0.000000000000000000e+00
1.600000000000000000e+01,1.060000000000000000e+02,7.590758666992187500e+02,6.524862060546875000e+02,8.021944761276245117e-01,7.607399291992187500e+02,6.474939575195312500e+02,7.643486261367797852e-01,7.590758666992187500e+02,6.491580200195312500e+02,7.176830172538757324e-01,7.657321777343750000e+02,6.458298339843750000e+02,7.865965962409973145e-01,7.707244873046875000e+02,6.458298339843750000e+02,5.776191353797912598e-01,7.807089843750000000e+02,6.624707031250000000e+02,8.616734147071838379e-01,7.740526123046875000e+02,6.624707031250000000e+02,8.179739713668823242e-01,7.906934814453125000e+02,6.890960693359375000e+02,8.385661840438842773e-01,7.790448608398437500e+02,6.874320068359375000e+02,9.078862071037292480e-01,7.673963012695312500e+02,6.907601318359375000e+02,8.956496715545654297e-01,7.640681152343750000e+02,6.890960693359375000e+02,8.226091265678405762e-01,7.823730468750000000e+02,7.190496215820312500e+02,8.159106373786926270e-01,7.757167358398437500e+02,7.190496215820312500e+02,7.542470693588256836e-01,7.940216674804687500e+02,7.573235473632812500e+02,6.380388736724853516e-01,7.624040527343750000e+02,7.589876708984375000e+02,7.144887447357177734e-01,8.123265991210937500e+02,7.872770996093750000e+02,6.938838958740234375e-01,7.524194946289062500e+02,7.955975341796875000e+02,6.036221981048583984e-01,7.640681152343750000e+02,6.375093994140625000e+02,8.538761138916015625e-01,7.723885498046875000e+02,6.541502685546875000e+02,8.609422445297241211e-01,7.790448608398437500e+02,7.190496215820312500e+02,8.889134526252746582e-01,8.023421020507812500e+02,8.005897827148437500e+02,8.432272076606750488e-01,7.357786865234375000e+02,7.989257202148437500e+02,8.291793465614318848e-01,8.056702270507812500e+02,8.005897827148437500e+02,8.296859860420227051e-01,7.374427490234375000e+02,7.972615966796875000e+02,8.152287602424621582e-01,8.189829101562500000e+02,7.906052856445312500e+02,8.723262548446655273e-01,7.557476806640625000e+02,8.022538452148437500e+02,8.242557048797607422e-01,7.417976074218750000e+02,6.396727905273437500e+02,7.948675537109375000e+01,1.704022827148437500e+02,0.000000000000000000e+00
1.600000000000000000e+01,1.070000000000000000e+02,7.521979980468750000e+02,6.553635253906250000e+02,8.741213679313659668e-01,7.539414672851562500e+02,6.501331787109375000e+02,8.658413887023925781e-01,7.504545288085937500e+02,6.518766479492187500e+02,8.451738953590393066e-01,7.574284057617187500e+02,6.483897094726562500e+02,8.833863139152526855e-01,7.644022216796875000e+02,6.466462402343750000e+02,6.750553250312805176e-01,7.731195068359375000e+02,6.623374023437500000e+02,8.483440279960632324e-01,7.661456909179687500e+02,6.623374023437500000e+02,8.698439598083496094e-01,7.818367919921875000e+02,6.919761352539062500e+02,8.480610847473144531e-01,7.713760375976562500e+02,6.884892578125000000e+02,8.136581182479858398e-01,7.574284057617187500e+02,6.902327270507812500e+02,8.893163204193115234e-01,7.574284057617187500e+02,6.850023193359375000e+02,7.893831133842468262e-01,7.731195068359375000e+02,7.216149291992187500e+02,8.269080519676208496e-01,7.644022216796875000e+02,7.198714599609375000e+02,7.998331189155578613e-01,7.835802612304687500e+02,7.617144775390625000e+02,8.485162258148193359e-01,7.556849365234375000e+02,7.634579467773437500e+02,8.729697465896606445e-01,8.079886474609375000e+02,7.896098022460937500e+02,8.355859518051147461e-01,7.469676513671875000e+02,8.000705566406250000e+02,7.753649353981018066e-01,7.539414672851562500e+02,6.379289550781250000e+02,9.232908487319946289e-01,7.661456909179687500e+02,6.553635253906250000e+02,9.489072561264038086e-01,7.696325683593750000e+02,7.198714599609375000e+02,8.862496614456176758e-01,7.992713623046875000e+02,8.035574340820312500e+02,8.126983642578125000e-01,7.295330810546875000e+02,8.053009033203125000e+02,8.068429231643676758e-01,8.045017700195312500e+02,8.035574340820312500e+02,8.399872779846191406e-01,7.312765502929687500e+02,8.035574340820312500e+02,7.901263236999511719e-01,8.149625244140625000e+02,7.896098022460937500e+02,8.931505680084228516e-01,7.504545288085937500e+02,8.070443725585937500e+02,7.727584242820739746e-01,7.318922729492187500e+02,6.384519653320312500e+02,7.373724365234375000e+01,1.785300903320312500e+02,0.000000000000000000e+00
1.600000000000000000e+01,1.150000000000000000e+02,6.768117675781250000e+02,6.470096435546875000e+02,8.866044878959655762e-01,6.789418334960937500e+02,6.427495117187500000e+02,8.730541467666625977e-01,6.768117675781250000e+02,6.448795776367187500e+02,8.395848870277404785e-01,6.853320922851562500e+02,6.406194458007812500e+02,8.448463678359985352e-01,6.938523559570312500e+02,6.384893798828125000e+02,6.217475533485412598e-01,7.066328125000000000e+02,6.555299682617187500e+02,8.564585447311401367e-01,6.895922241210937500e+02,6.576600341796875000e+02,7.453489899635314941e-01,7.151531372070312500e+02,6.917412109375000000e+02,8.143100738525390625e-01,6.959824218750000000e+02,6.874810791015625000e+02,6.008254885673522949e-01,6.895922241210937500e+02,6.917412109375000000e+02,9.118987321853637695e-01,6.810718994140625000e+02,6.896111450195312500e+02,7.991557717323303223e-01,7.002426147460937500e+02,7.258224487304687500e+02,8.223109841346740723e-01,6.981125488281250000e+02,7.258224487304687500e+02,7.806519865989685059e-01,6.810718994140625000e+02,7.705540161132812500e+02,9.135814309120178223e-01,7.045027465820312500e+02,7.748141479492187500e+02,9.162234663963317871e-01,6.959824218750000000e+02,8.152855834960937500e+02,8.470429778099060059e-01,7.151531372070312500e+02,8.174156494140625000e+02,8.380665183067321777e-01,6.810718994140625000e+02,6.278389892578125000e+02,9.409285783767700195e-01,6.938523559570312500e+02,6.491397094726562500e+02,9.462682008743286133e-01,7.002426147460937500e+02,7.258224487304687500e+02,8.568759560585021973e-01,6.789418334960937500e+02,8.280660400390625000e+02,8.444766402244567871e-01,6.853320922851562500e+02,8.280660400390625000e+02,6.640062332153320312e-01,6.832020263671875000e+02,8.301961059570312500e+02,8.698230385780334473e-01,6.853320922851562500e+02,8.280660400390625000e+02,6.658286452293395996e-01,7.023726806640625000e+02,8.216757812500000000e+02,6.454787254333496094e-01,7.215433349609375000e+02,8.238058471679687500e+02,7.401980757713317871e-01,6.593488159179687500e+02,6.135674438476562500e+02,7.539739990234375000e+01,2.181196899414062500e+02,0.000000000000000000e+00
1.600000000000000000e+01,1.160000000000000000e+02,6.644232177734375000e+02,6.487462158203125000e+02,8.509991765022277832e-01,6.665789794921875000e+02,6.444347534179687500e+02,8.743519783020019531e-01,6.644232177734375000e+02,6.422789916992187500e+02,8.039948940277099609e-01,6.752019653320312500e+02,6.444347534179687500e+02,9.037076234817504883e-01,6.859807128906250000e+02,6.401232299804687500e+02,5.686168670654296875e-01,6.967594604492187500e+02,6.595249633789062500e+02,7.509508132934570312e-01,6.838249511718750000e+02,6.616807250976562500e+02,6.624932289123535156e-01,7.032267456054687500e+02,6.961727905273437500e+02,7.183724045753479004e-01,6.816692504882812500e+02,6.897055053710937500e+02,6.008268594741821289e-01,6.752019653320312500e+02,6.940170288085937500e+02,8.473839759826660156e-01,6.687347412109375000e+02,6.918612670898437500e+02,7.886045575141906738e-01,6.902922363281250000e+02,7.285090332031250000e+02,8.225194215774536133e-01,6.902922363281250000e+02,7.285090332031250000e+02,7.134222984313964844e-01,6.708904418945312500e+02,7.737798461914062500e+02,9.396589994430541992e-01,6.989152221679687500e+02,7.780913085937500000e+02,8.887467384338378906e-01,6.730462036132812500e+02,8.233621215820312500e+02,9.050531387329101562e-01,7.118497314453125000e+02,8.190505981445312500e+02,9.336281418800354004e-01,6.730462036132812500e+02,6.271887207031250000e+02,9.191831350326538086e-01,6.838249511718750000e+02,6.509019775390625000e+02,9.122914075851440430e-01,6.902922363281250000e+02,7.263532714843750000e+02,8.122438788414001465e-01,6.514887084960937500e+02,8.298293457031250000e+02,8.635954856872558594e-01,6.924479980468750000e+02,8.298293457031250000e+02,7.860177159309387207e-01,6.558002319335937500e+02,8.341408691406250000e+02,8.919006586074829102e-01,6.967594604492187500e+02,8.276735839843750000e+02,8.703714013099670410e-01,6.773577270507812500e+02,8.298293457031250000e+02,8.456321954727172852e-01,7.183170166015625000e+02,8.255178833007812500e+02,8.840079307556152344e-01,6.446642456054687500e+02,6.192124633789062500e+02,8.910028076171875000e+01,2.207489013671875000e+02,0.000000000000000000e+00
1.600000000000000000e+01,1.170000000000000000e+02,6.536712646484375000e+02,6.469903564453125000e+02,8.194700479507446289e-01,6.560057373046875000e+02,6.423212890625000000e+02,7.991981506347656250e-01,6.536712646484375000e+02,6.423212890625000000e+02,7.702571153640747070e-01,6.630092773437500000e+02,6.423212890625000000e+02,7.986332774162292480e-01,6.723472900390625000e+02,6.399868164062500000e+02,6.629707813262939453e-01,6.886888427734375000e+02,6.563283691406250000e+02,8.480036854743957520e-01,6.653437500000000000e+02,6.609973754882812500e+02,7.042343616485595703e-01,6.956923828125000000e+02,6.960149536132812500e+02,8.267693519592285156e-01,6.700127563476562500e+02,6.936804809570312500e+02,7.310045361518859863e-01,6.653437500000000000e+02,6.960149536132812500e+02,9.339175820350646973e-01,6.490021972656250000e+02,7.216945800781250000e+02,6.462896466255187988e-01,6.816853027343750000e+02,7.333670654296875000e+02,8.835957646369934082e-01,6.770162963867187500e+02,7.333670654296875000e+02,8.019946813583374023e-01,6.606747436523437500e+02,7.800572509765625000e+02,9.553354978561401367e-01,6.933578491210937500e+02,7.800572509765625000e+02,9.086627960205078125e-01,6.513367309570312500e+02,8.267473754882812500e+02,9.276745319366455078e-01,7.096994018554687500e+02,8.220783691406250000e+02,9.049534201622009277e-01,6.606747436523437500e+02,6.259797973632812500e+02,9.244239330291748047e-01,6.723472900390625000e+02,6.516593627929687500e+02,9.078517556190490723e-01,6.793508300781250000e+02,7.310325927734375000e+02,9.401285052299499512e-01,6.279916381835937500e+02,8.314163818359375000e+02,9.075110554695129395e-01,6.886888427734375000e+02,8.337509155273437500e+02,8.923186063766479492e-01,6.303261718750000000e+02,8.337509155273437500e+02,8.929978609085083008e-01,6.910233764648437500e+02,8.314163818359375000e+02,8.871606588363647461e-01,6.536712646484375000e+02,8.360853881835937500e+02,8.933243155479431152e-01,7.143684082031250000e+02,8.290818481445312500e+02,8.666954040527343750e-01,6.308098144531250000e+02,6.080040893554687500e+02,9.941644287109375000e+01,2.390534667968750000e+02,0.000000000000000000e+00
1.600000000000000000e+01,1.180000000000000000e+02,6.433253784179687500e+02,6.488903198242187500e+02,8.434070944786071777e-01,6.433253784179687500e+02,6.442187500000000000e+02,8.806469440460205078e-01,6.409896240234375000e+02,6.442187500000000000e+02,7.876772880554199219e-01,6.503327636718750000e+02,6.442187500000000000e+02,8.828225731849670410e-01,6.620116577148437500e+02,6.395471801757812500e+02,6.283969879150390625e-01,6.713547973632812500e+02,6.582333984375000000e+02,8.649717569351196289e-01,6.643474731445312500e+02,6.605692138671875000e+02,7.744629383087158203e-01,6.806979370117187500e+02,6.956059570312500000e+02,8.216934204101562500e-01,6.643474731445312500e+02,6.932702026367187500e+02,8.647106289863586426e-01,6.550043334960937500e+02,6.979417724609375000e+02,9.587732553482055664e-01,6.386538085937500000e+02,7.236353759765625000e+02,7.826913595199584961e-01,6.690190429687500000e+02,7.329785156250000000e+02,8.206853270530700684e-01,6.690190429687500000e+02,7.329785156250000000e+02,8.390876650810241699e-01,6.503327636718750000e+02,7.843657226562500000e+02,9.156638979911804199e-01,6.853695068359375000e+02,7.820299682617187500e+02,9.343115091323852539e-01,6.316464843750000000e+02,8.310814208984375000e+02,9.344096183776855469e-01,7.040557861328125000e+02,8.240740356445312500e+02,9.722509980201721191e-01,6.479969482421875000e+02,6.278682250976562500e+02,9.477986097335815430e-01,6.620116577148437500e+02,6.512260742187500000e+02,9.303812384605407715e-01,6.713547973632812500e+02,7.306427001953125000e+02,9.270490407943725586e-01,6.082886352539062500e+02,8.287456054687500000e+02,9.138051271438598633e-01,6.830337524414062500e+02,8.357529907226562500e+02,9.404408335685729980e-01,6.129602050781250000e+02,8.334171752929687500e+02,9.544174671173095703e-01,6.853695068359375000e+02,8.357529907226562500e+02,9.148042201995849609e-01,6.339822998046875000e+02,8.404245605468750000e+02,9.211654067039489746e-01,7.087273559570312500e+02,8.310814208984375000e+02,8.924265503883361816e-01,6.141955566406250000e+02,6.168900146484375000e+02,9.796807861328125000e+01,2.391842651367187500e+02,0.000000000000000000e+00
1.600000000000000000e+01,1.190000000000000000e+02,6.322037353515625000e+02,6.508751220703125000e+02,8.965533375740051270e-01,6.347493896484375000e+02,6.457838134765625000e+02,8.873842358589172363e-01,6.322037353515625000e+02,6.457838134765625000e+02,8.928979039192199707e-01,6.423864135742187500e+02,6.432380981445312500e+02,8.747931718826293945e-01,6.474777832031250000e+02,6.406924438476562500e+02,7.201164960861206055e-01,6.652974853515625000e+02,6.610578002929687500e+02,8.842927813529968262e-01,6.500234375000000000e+02,6.636035156250000000e+02,9.073287844657897949e-01,6.754801635742187500e+02,6.992429199218750000e+02,8.652842044830322266e-01,6.551148071289062500e+02,6.966972045898437500e+02,9.201126694679260254e-01,6.449321289062500000e+02,6.992429199218750000e+02,9.866421222686767578e-01,6.271124267578125000e+02,7.246996459960937500e+02,5.945309996604919434e-01,6.576604614257812500e+02,7.374279785156250000e+02,8.772887587547302246e-01,6.576604614257812500e+02,7.348823242187500000e+02,8.590139150619506836e-01,6.372951049804687500e+02,7.883414306640625000e+02,9.103960394859313965e-01,6.754801635742187500e+02,7.857957763671875000e+02,9.633085727691650391e-01,6.169296875000000000e+02,8.341635131835937500e+02,9.514110684394836426e-01,7.009368896484375000e+02,8.239808349609375000e+02,9.551969170570373535e-01,6.372951049804687500e+02,6.279641113281250000e+02,9.412122368812561035e-01,6.500234375000000000e+02,6.534208374023437500e+02,9.380596876144409180e-01,6.602061157226562500e+02,7.348823242187500000e+02,9.338489174842834473e-01,5.940186767578125000e+02,8.316178588867187500e+02,9.047198295593261719e-01,6.780258178710937500e+02,8.392548828125000000e+02,9.208316206932067871e-01,5.965643310546875000e+02,8.367092285156250000e+02,9.280835390090942383e-01,6.805715332031250000e+02,8.367092285156250000e+02,9.662557840347290039e-01,6.194754028320312500e+02,8.443461914062500000e+02,9.354509115219116211e-01,7.060282592773437500e+02,8.316178588867187500e+02,9.119784832000732422e-01,5.941483154296875000e+02,6.058167724609375000e+02,1.092046508789062500e+02,2.606767578125000000e+02,0.000000000000000000e+00
1.600000000000000000e+01,1.200000000000000000e+02,6.217926635742187500e+02,6.508816528320312500e+02,9.548709392547607422e-01,6.245193481445312500e+02,6.454282836914062500e+02,9.056330323219299316e-01,6.217926635742187500e+02,6.454282836914062500e+02,8.961071372032165527e-01,6.299726562500000000e+02,6.427016601562500000e+02,8.641279339790344238e-01,6.381526489257812500e+02,6.399749755859375000e+02,7.512365579605102539e-01,6.517860107421875000e+02,6.617883300781250000e+02,8.911252021789550781e-01,6.436060180664062500e+02,6.590616455078125000e+02,8.565257191658020020e-01,6.626926879882812500e+02,7.026883544921875000e+02,8.957250118255615234e-01,6.436060180664062500e+02,6.945083618164062500e+02,9.363305568695068359e-01,6.299726562500000000e+02,7.026883544921875000e+02,9.324177503585815430e-01,6.136126708984375000e+02,7.272283935546875000e+02,5.626592636108398438e-01,6.463327026367187500e+02,7.381350708007812500e+02,8.829727768898010254e-01,6.463327026367187500e+02,7.354083862304687500e+02,8.685281872749328613e-01,6.272459716796875000e+02,7.872150878906250000e+02,9.133162498474121094e-01,6.626926879882812500e+02,7.872150878906250000e+02,9.668987393379211426e-01,6.081593017578125000e+02,8.417484741210937500e+02,9.622418284416198730e-01,6.926860351562500000e+02,8.253884887695312500e+02,9.504130482673645020e-01,6.245193481445312500e+02,6.263416137695312500e+02,9.269959330558776855e-01,6.408793334960937500e+02,6.508816528320312500e+02,9.664742350578308105e-01,6.463327026367187500e+02,7.354083862304687500e+02,9.184601306915283203e-01,5.836192626953125000e+02,8.417484741210937500e+02,8.856860399246215820e-01,6.763260498046875000e+02,8.444751586914062500e+02,9.373592734336853027e-01,5.863459472656250000e+02,8.444751586914062500e+02,8.973544836044311523e-01,6.763260498046875000e+02,8.417484741210937500e+02,9.622527360916137695e-01,6.108859863281250000e+02,8.499285278320312500e+02,9.349117279052734375e-01,7.008660888671875000e+02,8.308417968750000000e+02,9.397057890892028809e-01,5.865560302734375000e+02,5.971663208007812500e+02,1.113732299804687500e+02,2.792108764648437500e+02,0.000000000000000000e+00
1.600000000000000000e+01,1.210000000000000000e+02,6.106641235351562500e+02,6.502420654296875000e+02,8.776624798774719238e-01,6.106641235351562500e+02,6.456395263671875000e+02,8.970757126808166504e-01,6.083628540039062500e+02,6.456395263671875000e+02,8.780140876770019531e-01,6.198692016601562500e+02,6.433383178710937500e+02,8.041529059410095215e-01,6.267729492187500000e+02,6.410370483398437500e+02,6.988678574562072754e-01,6.382792968750000000e+02,6.617484130859375000e+02,8.437103629112243652e-01,6.267729492187500000e+02,6.617484130859375000e+02,7.673823237419128418e-01,6.497855834960937500e+02,7.008698120117187500e+02,9.028756618499755859e-01,6.336767578125000000e+02,6.962673339843750000e+02,7.720587849617004395e-01,6.175679321289062500e+02,7.008698120117187500e+02,9.711693525314331055e-01,6.129653930664062500e+02,6.962673339843750000e+02,8.628600835800170898e-01,6.336767578125000000e+02,7.399912719726562500e+02,8.946530818939208984e-01,6.336767578125000000e+02,7.399912719726562500e+02,7.907888889312744141e-01,6.129653930664062500e+02,7.952215576171875000e+02,9.447078704833984375e-01,6.497855834960937500e+02,7.929202880859375000e+02,9.615806937217712402e-01,5.991578369140625000e+02,8.435480957031250000e+02,9.590613842010498047e-01,6.866057739257812500e+02,8.274392700195312500e+02,9.545140862464904785e-01,6.129653930664062500e+02,6.295307006835937500e+02,9.463406801223754883e-01,6.267729492187500000e+02,6.525433349609375000e+02,9.279507994651794434e-01,6.336767578125000000e+02,7.376900024414062500e+02,9.082056283950805664e-01,5.738439331054687500e+02,8.504518432617187500e+02,9.053280949592590332e-01,6.727982177734375000e+02,8.458493652343750000e+02,9.170340299606323242e-01,5.784464721679687500e+02,8.550543823242187500e+02,9.141500592231750488e-01,6.727982177734375000e+02,8.435480957031250000e+02,9.470670819282531738e-01,6.037603759765625000e+02,8.527531127929687500e+02,9.132941961288452148e-01,6.935095825195312500e+02,8.297404785156250000e+02,9.016675353050231934e-01,5.743239746093750000e+02,6.279197998046875000e+02,1.210067749023437500e+02,2.356492919921875000e+02,0.000000000000000000e+00
1.600000000000000000e+01,1.220000000000000000e+02,5.972832031250000000e+02,6.496466064453125000e+02,9.609307646751403809e-01,5.997017822265625000e+02,6.423908081054687500e+02,9.206666946411132812e-01,5.972832031250000000e+02,6.448094482421875000e+02,9.111939668655395508e-01,6.093760986328125000e+02,6.399722290039062500e+02,7.671958804130554199e-01,6.142133178710937500e+02,6.375536499023437500e+02,6.076192259788513184e-01,6.263062133789062500e+02,6.617395019531250000e+02,8.677644133567810059e-01,6.117946777343750000e+02,6.617395019531250000e+02,8.246573209762573242e-01,6.359805297851562500e+02,7.028554687500000000e+02,8.900569677352905273e-01,6.142133178710937500e+02,6.980182495117187500e+02,8.512827157974243164e-01,6.045389404296875000e+02,7.028554687500000000e+02,9.393380880355834961e-01,5.972832031250000000e+02,7.028554687500000000e+02,6.348356008529663086e-01,6.214690551757812500e+02,7.439713745117187500e+02,8.578254580497741699e-01,6.166318969726562500e+02,7.415527954101562500e+02,8.103534579277038574e-01,5.997017822265625000e+02,7.971802368164062500e+02,9.577119946479797363e-01,6.311433715820312500e+02,7.947616577148437500e+02,9.487317204475402832e-01,5.924460449218750000e+02,8.479705200195312500e+02,9.419329166412353516e-01,6.746779174804687500e+02,8.262032470703125000e+02,9.297130107879638672e-01,6.021203613281250000e+02,6.254607543945312500e+02,9.426924586296081543e-01,6.142133178710937500e+02,6.496466064453125000e+02,8.969100713729858398e-01,6.190504760742187500e+02,7.391342163085937500e+02,9.056658148765563965e-01,5.682601928710937500e+02,8.576448364257812500e+02,9.596819877624511719e-01,6.674221191406250000e+02,8.479705200195312500e+02,9.238857626914978027e-01,5.730973510742187500e+02,8.600634155273437500e+02,9.669177532196044922e-01,6.674221191406250000e+02,8.479705200195312500e+02,9.539622068405151367e-01,5.972832031250000000e+02,8.552262573242187500e+02,9.035189747810363770e-01,6.819336547851562500e+02,8.286218261718750000e+02,8.631768822669982910e-01,5.701866455078125000e+02,6.213491210937500000e+02,1.146576538085937500e+02,2.476630249023437500e+02,0.000000000000000000e+00
1.600000000000000000e+01,1.230000000000000000e+02,5.855385131835937500e+02,6.481719970703125000e+02,9.080333709716796875e-01,5.855385131835937500e+02,6.430828247070312500e+02,9.159704446792602539e-01,5.829938964843750000e+02,6.430828247070312500e+02,8.822112679481506348e-01,5.957167358398437500e+02,6.430828247070312500e+02,8.283512592315673828e-01,6.008059082031250000e+02,6.405382690429687500e+02,7.682060599327087402e-01,6.160733032226562500e+02,6.608948364257812500e+02,8.632839322090148926e-01,6.084395751953125000e+02,6.608948364257812500e+02,8.203272223472595215e-01,6.237069702148437500e+02,7.066970214843750000e+02,8.825172781944274902e-01,6.084395751953125000e+02,7.041524658203125000e+02,8.358844518661499023e-01,5.906276245117187500e+02,7.016079101562500000e+02,9.442350864410400391e-01,5.804493408203125000e+02,7.346872558593750000e+02,6.018100976943969727e-01,6.084395751953125000e+02,7.474100952148437500e+02,9.058012366294860840e-01,6.033504638671875000e+02,7.474100952148437500e+02,8.360847830772399902e-01,5.880830688476562500e+02,7.983014526367187500e+02,9.231178760528564453e-01,6.135287475585937500e+02,8.008460083007812500e+02,9.763822555541992188e-01,5.880830688476562500e+02,8.517373657226562500e+02,9.359184503555297852e-01,6.618754882812500000e+02,8.262916870117187500e+02,9.057043790817260742e-01,5.906276245117187500e+02,6.252708740234375000e+02,9.651011228561401367e-01,6.058950195312500000e+02,6.507165527343750000e+02,9.457644820213317871e-01,6.058950195312500000e+02,7.448655395507812500e+02,9.155528545379638672e-01,5.651819458007812500e+02,8.619156494140625000e+02,8.746995329856872559e-01,6.618754882812500000e+02,8.491928100585937500e+02,8.934974670410156250e-01,5.677265014648437500e+02,8.644602050781250000e+02,9.093756079673767090e-01,6.618754882812500000e+02,8.466481933593750000e+02,9.052917361259460449e-01,5.931721801757812500e+02,8.593710327148437500e+02,8.774475455284118652e-01,6.695092163085937500e+02,8.237471313476562500e+02,8.879397511482238770e-01,5.585881958007812500e+02,6.158559570312500000e+02,1.175147705078125000e+02,2.605636596679687500e+02,0.000000000000000000e+00
1.600000000000000000e+01,1.240000000000000000e+02,5.752031860351562500e+02,6.496126098632812500e+02,8.888106942176818848e-01,5.776047973632812500e+02,6.448094482421875000e+02,9.049082994461059570e-01,5.752031860351562500e+02,6.448094482421875000e+02,8.685411214828491211e-01,5.872111206054687500e+02,6.400062866210937500e+02,8.634406924247741699e-01,5.944158935546875000e+02,6.352031250000000000e+02,6.972560286521911621e-01,6.040222167968750000e+02,6.592189941406250000e+02,9.195849895477294922e-01,5.992190551757812500e+02,6.568173828125000000e+02,8.146164417266845703e-01,6.112269897460937500e+02,7.072506713867187500e+02,9.358533024787902832e-01,5.992190551757812500e+02,6.952427978515625000e+02,9.504132270812988281e-01,5.824079589843750000e+02,7.024475097656250000e+02,9.541746377944946289e-01,5.800064086914062500e+02,6.952427978515625000e+02,8.237297534942626953e-01,5.968175048828125000e+02,7.408729248046875000e+02,8.844872713088989258e-01,5.920142822265625000e+02,7.408729248046875000e+02,8.637394309043884277e-01,5.800064086914062500e+02,8.009125366210937500e+02,8.890116810798645020e-01,5.944158935546875000e+02,8.009125366210937500e+02,9.187515377998352051e-01,5.824079589843750000e+02,8.561490478515625000e+02,9.854850769042968750e-01,6.448491821289062500e+02,8.249284057617187500e+02,9.607709646224975586e-01,5.776047973632812500e+02,6.255968017578125000e+02,9.647347927093505859e-01,5.968175048828125000e+02,6.496126098632812500e+02,9.650686979293823242e-01,5.944158935546875000e+02,7.384713134765625000e+02,9.099879860877990723e-01,5.583920898437500000e+02,8.657553710937500000e+02,8.558346629142761230e-01,6.472507934570312500e+02,8.489442749023437500e+02,7.681243419647216797e-01,5.631952514648437500e+02,8.681569824218750000e+02,8.317021131515502930e-01,6.472507934570312500e+02,8.465426635742187500e+02,8.318006992340087891e-01,5.896127319335937500e+02,8.633537597656250000e+02,8.820425868034362793e-01,6.520539550781250000e+02,8.225267944335937500e+02,8.127118349075317383e-01,5.505687255859375000e+02,6.215140991210937500e+02,9.970227050781250000e+01,2.459223632812500000e+02,0.000000000000000000e+00
1.600000000000000000e+01,1.250000000000000000e+02,5.653742065429687500e+02,6.488950805664062500e+02,8.782279491424560547e-01,5.653742065429687500e+02,6.436137695312500000e+02,8.492307066917419434e-01,5.627335205078125000e+02,6.436137695312500000e+02,8.056671619415283203e-01,5.732962036132812500e+02,6.383324584960937500e+02,8.530753850936889648e-01,5.812182006835937500e+02,6.356917724609375000e+02,6.802887320518493652e-01,5.944215087890625000e+02,6.568170776367187500e+02,8.893779516220092773e-01,5.864995117187500000e+02,6.568170776367187500e+02,8.462674021720886230e-01,5.997028198242187500e+02,7.069896850585937500e+02,9.009362459182739258e-01,5.864995117187500000e+02,6.964270019531250000e+02,9.456784129142761230e-01,5.653742065429687500e+02,7.017083740234375000e+02,9.362401962280273438e-01,5.680148925781250000e+02,6.911456909179687500e+02,8.637064695358276367e-01,5.864995117187500000e+02,7.439589843750000000e+02,9.332598447799682617e-01,5.785775146484375000e+02,7.413182983398437500e+02,8.746495842933654785e-01,5.732962036132812500e+02,8.020535278320312500e+02,9.614733457565307617e-01,5.785775146484375000e+02,8.020535278320312500e+02,9.143308401107788086e-01,5.785775146484375000e+02,8.601481323242187500e+02,9.286625385284423828e-01,6.261094360351562500e+02,8.284602050781250000e+02,9.438528418540954590e-01,5.653742065429687500e+02,6.224884643554687500e+02,9.374679327011108398e-01,5.838588256835937500e+02,6.462544555664062500e+02,9.649710655212402344e-01,5.838588256835937500e+02,7.413182983398437500e+02,9.288582801818847656e-01,5.574522094726562500e+02,8.680701293945312500e+02,8.062617182731628418e-01,6.261094360351562500e+02,8.522261352539062500e+02,8.335638642311096191e-01,5.627335205078125000e+02,8.707108154296875000e+02,7.597790360450744629e-01,6.261094360351562500e+02,8.495855102539062500e+02,8.076570034027099609e-01,5.838588256835937500e+02,8.680701293945312500e+02,8.338705897331237793e-01,6.340314331054687500e+02,8.258195190429687500e+02,8.223803639411926270e-01,5.427645263671875000e+02,6.100773315429687500e+02,9.539196777343750000e+01,2.704039306640625000e+02,0.000000000000000000e+00
1.600000000000000000e+01,1.260000000000000000e+02,5.492330932617187500e+02,6.474597778320312500e+02,8.791111111640930176e-01,5.519274291992187500e+02,6.393768310546875000e+02,8.742467164993286133e-01,5.492330932617187500e+02,6.393768310546875000e+02,8.382671475410461426e-01,5.600103759765625000e+02,6.366824951171875000e+02,8.704136610031127930e-01,5.653990478515625000e+02,6.312938232421875000e+02,6.851614713668823242e-01,5.869536132812500000e+02,6.555427856445312500e+02,9.269415140151977539e-01,5.707876586914062500e+02,6.528484497070312500e+02,8.850390315055847168e-01,5.869536132812500000e+02,7.040406494140625000e+02,9.231960773468017578e-01,5.707876586914062500e+02,6.932633056640625000e+02,8.960149288177490234e-01,5.546217041015625000e+02,7.013463134765625000e+02,9.442132115364074707e-01,5.519274291992187500e+02,6.905689697265625000e+02,8.331277966499328613e-01,5.761763305664062500e+02,7.417611694335937500e+02,9.204807877540588379e-01,5.653990478515625000e+02,7.417611694335937500e+02,8.866134881973266602e-01,5.653990478515625000e+02,8.037306518554687500e+02,9.362063407897949219e-01,5.573160400390625000e+02,8.037306518554687500e+02,9.584569334983825684e-01,5.734819946289062500e+02,8.630058593750000000e+02,8.950594663619995117e-01,6.058139038085937500e+02,8.360625610351562500e+02,9.350820183753967285e-01,5.519274291992187500e+02,6.205165405273437500e+02,9.371302723884582520e-01,5.707876586914062500e+02,6.447654418945312500e+02,9.883409738540649414e-01,5.707876586914062500e+02,7.390668334960937500e+02,9.313006997108459473e-01,5.573160400390625000e+02,8.710888061523437500e+02,8.187741041183471680e-01,6.031195678710937500e+02,8.603115234375000000e+02,8.933013677597045898e-01,5.627047119140625000e+02,8.710888061523437500e+02,8.235094547271728516e-01,6.058139038085937500e+02,8.576171875000000000e+02,8.734328150749206543e-01,5.815650024414062500e+02,8.710888061523437500e+02,9.003546833992004395e-01,6.138969116210937500e+02,8.333682861328125000e+02,9.215739369392395020e-01,5.318155517578125000e+02,6.078532104492187500e+02,9.141589355468750000e+01,2.758989257812500000e+02,0.000000000000000000e+00
1.600000000000000000e+01,1.270000000000000000e+02,5.392366943359375000e+02,6.445516967773437500e+02,9.628017544746398926e-01,5.420796508789062500e+02,6.388658447265625000e+02,8.978083729743957520e-01,5.392366943359375000e+02,6.388658447265625000e+02,9.397890567779541016e-01,5.477655029296875000e+02,6.360228881835937500e+02,8.470699191093444824e-01,5.591372070312500000e+02,6.331799926757812500e+02,6.218386292457580566e-01,5.761947631835937500e+02,6.530804443359375000e+02,9.037341475486755371e-01,5.534513549804687500e+02,6.530804443359375000e+02,9.130630493164062500e-01,5.761947631835937500e+02,7.014102172851562500e+02,9.299482107162475586e-01,5.534513549804687500e+02,6.900385131835937500e+02,9.313061833381652832e-01,5.449225463867187500e+02,7.014102172851562500e+02,9.563124775886535645e-01,5.392366943359375000e+02,6.957243652343750000e+02,8.592804670333862305e-01,5.648230590820312500e+02,7.440540771484375000e+02,8.909260034561157227e-01,5.506083984375000000e+02,7.412111816406250000e+02,8.871647119522094727e-01,5.562942504882812500e+02,8.065984497070312500e+02,9.181320071220397949e-01,5.363937988281250000e+02,8.065984497070312500e+02,9.096770882606506348e-01,5.676659545898437500e+02,8.662999267578125000e+02,8.563005924224853516e-01,5.818806152343750000e+02,8.378706665039062500e+02,1.085864186286926270e+00,5.420796508789062500e+02,6.189653320312500000e+02,9.687460064888000488e-01,5.591372070312500000e+02,6.445516967773437500e+02,9.548055529594421387e-01,5.562942504882812500e+02,7.383682250976562500e+02,9.055342674255371094e-01,5.676659545898437500e+02,8.748286743164062500e+02,7.803083062171936035e-01,5.818806152343750000e+02,8.662999267578125000e+02,8.418923616409301758e-01,5.733518066406250000e+02,8.748286743164062500e+02,7.678129076957702637e-01,5.790376586914062500e+02,8.634569702148437500e+02,7.787538170814514160e-01,5.733518066406250000e+02,8.719857788085937500e+02,7.158580422401428223e-01,5.904093627929687500e+02,8.378706665039062500e+02,9.346645474433898926e-01,5.227285766601562500e+02,6.027606811523437500e+02,7.566015625000000000e+01,2.911156005859375000e+02,0.000000000000000000e+00
1.600000000000000000e+01,1.280000000000000000e+02,5.269935302734375000e+02,6.412192382812500000e+02,9.098176956176757812e-01,5.269935302734375000e+02,6.356625976562500000e+02,9.007520079612731934e-01,5.242152709960937500e+02,6.356625976562500000e+02,8.631667494773864746e-01,5.325501708984375000e+02,6.328843383789062500e+02,7.578250765800476074e-01,5.464417724609375000e+02,6.301060180664062500e+02,5.773959755897521973e-01,5.631116943359375000e+02,6.551108398437500000e+02,8.941150903701782227e-01,5.381068115234375000e+02,6.551108398437500000e+02,8.941752314567565918e-01,5.631116943359375000e+02,7.051205444335937500e+02,9.161299467086791992e-01,5.353284912109375000e+02,6.912289428710937500e+02,8.471167683601379395e-01,5.297718505859375000e+02,6.995639038085937500e+02,9.590752124786376953e-01,5.186586303710937500e+02,6.967855834960937500e+02,7.220330834388732910e-01,5.547767333984375000e+02,7.467952880859375000e+02,9.245002269744873047e-01,5.353284912109375000e+02,7.440169677734375000e+02,8.748964071273803711e-01,5.492200927734375000e+02,8.106965942382812500e+02,9.531654715538024902e-01,5.214369506835937500e+02,8.051399536132812500e+02,9.355413913726806641e-01,5.658900146484375000e+02,8.690411987304687500e+02,8.976911306381225586e-01,5.575550537109375000e+02,8.579279174804687500e+02,8.636839985847473145e-01,5.297718505859375000e+02,6.162144165039062500e+02,9.610021114349365234e-01,5.464417724609375000e+02,6.439975585937500000e+02,9.206723570823669434e-01,5.464417724609375000e+02,7.412386474609375000e+02,9.037505388259887695e-01,5.436634521484375000e+02,8.773761596679687500e+02,6.895686984062194824e-01,5.464417724609375000e+02,8.718195190429687500e+02,8.671284914016723633e-01,5.492200927734375000e+02,8.773761596679687500e+02,6.317931413650512695e-01,5.464417724609375000e+02,8.662628784179687500e+02,9.156678915023803711e-01,5.742249145507812500e+02,8.745978393554687500e+02,8.268470168113708496e-01,5.714465942382812500e+02,8.662628784179687500e+02,7.462889552116394043e-01,5.032478027343750000e+02,6.031563720703125000e+02,8.916619873046875000e+01,2.844995727539062500e+02,0.000000000000000000e+00
1.600000000000000000e+01,1.290000000000000000e+02,5.116604003906250000e+02,6.379918212890625000e+02,9.218356013298034668e-01,5.142983398437500000e+02,6.353538818359375000e+02,9.144120216369628906e-01,5.116604003906250000e+02,6.353538818359375000e+02,8.297899365425109863e-01,5.195741577148437500e+02,6.327159423828125000e+02,8.620156049728393555e-01,5.354016723632812500e+02,6.274401245117187500e+02,6.655102372169494629e-01,5.485912475585937500e+02,6.511813964843750000e+02,8.691021800041198730e-01,5.274879150390625000e+02,6.538192749023437500e+02,7.726646661758422852e-01,5.565050048828125000e+02,6.986638793945312500e+02,7.464771866798400879e-01,5.248499755859375000e+02,6.907501220703125000e+02,7.753143310546875000e-01,5.169362182617187500e+02,6.986638793945312500e+02,8.721860647201538086e-01,5.063845825195312500e+02,6.933880615234375000e+02,8.296365141868591309e-01,5.406774902343750000e+02,7.487843017578125000e+02,8.480553627014160156e-01,5.222120971679687500e+02,7.461463623046875000e+02,8.685552477836608887e-01,5.433154296875000000e+02,8.147322387695312500e+02,9.196943640708923340e-01,5.063845825195312500e+02,8.041805419921875000e+02,9.144806861877441406e-01,5.617808227539062500e+02,8.754042968750000000e+02,9.096788763999938965e-01,5.301258544921875000e+02,8.648526000976562500e+02,9.407437443733215332e-01,5.169362182617187500e+02,6.142505493164062500e+02,9.581813812255859375e-01,5.327637329101562500e+02,6.406296997070312500e+02,9.231519103050231934e-01,5.327637329101562500e+02,7.435084838867187500e+02,9.623543024063110352e-01,5.274879150390625000e+02,8.912318115234375000e+02,5.111861824989318848e-01,5.169362182617187500e+02,8.806801147460937500e+02,5.441735386848449707e-01,5.301258544921875000e+02,8.912318115234375000e+02,4.742178916931152344e-01,5.169362182617187500e+02,8.780422363281250000e+02,5.095540285110473633e-01,5.670566406250000000e+02,8.806801147460937500e+02,6.294443011283874512e-01,5.406774902343750000e+02,8.701284790039062500e+02,7.920318841934204102e-01,4.865751342773437500e+02,5.992144775390625000e+02,9.501513671875000000e+01,2.701226196289062500e+02,0.000000000000000000e+00
1.600000000000000000e+01,1.300000000000000000e+02,4.999218444824218750e+02,6.419212036132812500e+02,9.025907516479492188e-01,5.024867553710937500e+02,6.367913208007812500e+02,9.088594317436218262e-01,4.973569030761718750e+02,6.367913208007812500e+02,8.785401582717895508e-01,5.101815795898437500e+02,6.316614990234375000e+02,8.120170831680297852e-01,5.204412841796875000e+02,6.290965576171875000e+02,4.973251819610595703e-01,5.383958129882812500e+02,6.521809082031250000e+02,9.023731946945190430e-01,5.127465209960937500e+02,6.521809082031250000e+02,7.976078987121582031e-01,5.435256958007812500e+02,6.983496704101562500e+02,7.492187619209289551e-01,5.101815795898437500e+02,6.880899658203125000e+02,7.385355234146118164e-01,5.024867553710937500e+02,7.009146118164062500e+02,9.558857679367065430e-01,4.947919921875000000e+02,6.957847290039062500e+02,8.642193078994750977e-01,5.281361083984375000e+02,7.522132568359375000e+02,8.134452700614929199e-01,5.101815795898437500e+02,7.496483154296875000e+02,8.313653469085693359e-01,5.383958129882812500e+02,8.214663696289062500e+02,9.459440708160400391e-01,4.922270507812500000e+02,8.137716064453125000e+02,9.156588315963745117e-01,5.589152832031250000e+02,8.804597778320312500e+02,8.262122869491577148e-01,5.050516967773437500e+02,8.778948974609375000e+02,8.901211619377136230e-01,5.050516967773437500e+02,6.137069702148437500e+02,9.435071349143981934e-01,5.204412841796875000e+02,6.419212036132812500e+02,9.448319673538208008e-01,5.204412841796875000e+02,7.470833740234375000e+02,9.061174392700195312e-01,4.704251403808593750e+02,8.920020141601562500e+02,3.714996874332427979e-01,4.806848449707031250e+02,8.920020141601562500e+02,3.183724880218505859e-01,4.755549926757812500e+02,8.920020141601562500e+02,3.712123036384582520e-01,4.806848449707031250e+02,8.920020141601562500e+02,3.926227688789367676e-01,5.614801635742187500e+02,8.881546020507812500e+02,4.794514477252960205e-01,5.153114013671875000e+02,8.881546020507812500e+02,4.847049117088317871e-01,4.764727172851562500e+02,6.016517944335937500e+02,9.050207519531250000e+01,2.626489257812500000e+02,0.000000000000000000e+00
1.600000000000000000e+01,1.310000000000000000e+02,4.810088806152343750e+02,6.360081176757812500e+02,9.397637248039245605e-01,4.838114624023437500e+02,6.304029541015625000e+02,9.095499515533447266e-01,4.838114624023437500e+02,6.304029541015625000e+02,8.640796542167663574e-01,4.922192687988281250e+02,6.304029541015625000e+02,8.642124533653259277e-01,5.118374328613281250e+02,6.247977294921875000e+02,6.990520954132080078e-01,5.174426269531250000e+02,6.528237304687500000e+02,8.818086385726928711e-01,5.202452392578125000e+02,6.528237304687500000e+02,7.480134963989257812e-01,5.230477905273437500e+02,7.060730590820312500e+02,8.546262979507446289e-01,5.174426269531250000e+02,7.004678344726562500e+02,7.494136691093444824e-01,4.838114624023437500e+02,7.032704467773437500e+02,9.199427366256713867e-01,4.866140747070312500e+02,6.976652221679687500e+02,7.876405715942382812e-01,5.146400146484375000e+02,7.565197753906250000e+02,8.837950825691223145e-01,5.034296264648437500e+02,7.537171630859375000e+02,8.675100207328796387e-01,5.314555664062500000e+02,8.265846557617187500e+02,8.942776918411254883e-01,4.810088806152343750e+02,8.181768798828125000e+02,9.490929245948791504e-01,5.538763427734375000e+02,8.798339843750000000e+02,9.040424823760986328e-01,4.782062683105468750e+02,8.770313720703125000e+02,8.747105598449707031e-01,4.950218505859375000e+02,6.107847900390625000e+02,9.457808732986450195e-01,5.062322387695312500e+02,6.416133422851562500e+02,9.395190477371215820e-01,5.090348205566406250e+02,7.509145507812500000e+02,8.996701836585998535e-01,4.501803283691406250e+02,8.854391479492187500e+02,2.931384742259979248e-01,4.501803283691406250e+02,8.910443725585937500e+02,2.921825945377349854e-01,4.501803283691406250e+02,8.910443725585937500e+02,2.655404210090637207e-01,4.529829101562500000e+02,8.854391479492187500e+02,2.676205337047576904e-01,5.594815673828125000e+02,8.854391479492187500e+02,3.568749129772186279e-01,4.838114624023437500e+02,8.798339843750000000e+02,3.851732611656188965e-01,4.641992187500000000e+02,5.892047729492187500e+02,9.247381591796875000e+01,2.869858398437500000e+02,0.000000000000000000e+00
1.600000000000000000e+01,1.320000000000000000e+02,4.715886535644531250e+02,6.389963989257812500e+02,9.484872817993164062e-01,4.744690856933593750e+02,6.332355346679687500e+02,9.325658082962036133e-01,4.715886535644531250e+02,6.332355346679687500e+02,8.393404483795166016e-01,4.831104125976562500e+02,6.303551025390625000e+02,8.863751888275146484e-01,5.003930969238281250e+02,6.274746093750000000e+02,7.287701964378356934e-01,5.061539611816406250e+02,6.533986206054687500e+02,8.866053819656372070e-01,5.061539611816406250e+02,6.533986206054687500e+02,6.994288563728332520e-01,5.061539611816406250e+02,7.052466430664062500e+02,9.360377192497253418e-01,5.003930969238281250e+02,7.023661499023437500e+02,8.987801671028137207e-01,4.687081909179687500e+02,7.081270751953125000e+02,9.020166397094726562e-01,4.715886535644531250e+02,7.052466430664062500e+02,8.271850347518920898e-01,5.003930969238281250e+02,7.570946044921875000e+02,8.976240158081054688e-01,4.917517395019531250e+02,7.570946044921875000e+02,8.604005575180053711e-01,5.234366455078125000e+02,8.291057128906250000e+02,8.930099606513977051e-01,4.687081909179687500e+02,8.291057128906250000e+02,9.035003781318664551e-01,5.493605957031250000e+02,8.838341064453125000e+02,8.801854848861694336e-01,4.514255371093750000e+02,8.867145385742187500e+02,7.817646861076354980e-01,4.831104125976562500e+02,6.101919555664062500e+02,9.368272423744201660e-01,4.946322021484375000e+02,6.418768310546875000e+02,9.358643889427185059e-01,4.975126342773437500e+02,7.542141723632812500e+02,8.869267702102661133e-01,5.306377563476562500e+02,9.140787963867187500e+02,2.179705500602722168e-01,4.255015563964843750e+02,8.953558959960937500e+02,2.655789554119110107e-01,5.306377563476562500e+02,9.140787963867187500e+02,1.403222084045410156e-01,4.283819885253906250e+02,8.895950317382812500e+02,2.323090881109237671e-01,5.551215209960937500e+02,8.895950317382812500e+02,3.037518560886383057e-01,4.543059997558593750e+02,8.953558959960937500e+02,3.814167678356170654e-01,4.459207153320312500e+02,5.880125732421875000e+02,1.003034057617187500e+02,2.949573974609375000e+02,0.000000000000000000e+00
1.600000000000000000e+01,1.330000000000000000e+02,4.618851928710937500e+02,6.404856567382812500e+02,8.874135613441467285e-01,4.645412902832031250e+02,6.325173339843750000e+02,8.879647254943847656e-01,4.592290954589843750e+02,6.351734619140625000e+02,9.224049448966979980e-01,4.778217773437500000e+02,6.325173339843750000e+02,7.932432293891906738e-01,4.804778747558593750e+02,6.298612670898437500e+02,4.967456758022308350e-01,4.964144897460937500e+02,6.564222412109375000e+02,8.340819478034973145e-01,4.671973876953125000e+02,6.564222412109375000e+02,6.844944953918457031e-01,4.990705871582031250e+02,7.122003784179687500e+02,8.991532325744628906e-01,4.751656799316406250e+02,7.015759887695312500e+02,5.146529078483581543e-01,4.565729980468750000e+02,7.095442504882812500e+02,9.204668402671813965e-01,4.512607727050781250e+02,7.015759887695312500e+02,6.414735317230224609e-01,4.911022949218750000e+02,7.573540649414062500e+02,8.695487380027770996e-01,4.778217773437500000e+02,7.573540649414062500e+02,8.549998402595520020e-01,5.123510742187500000e+02,8.317248535156250000e+02,9.107600450515747070e-01,4.565729980468750000e+02,8.290687866210937500e+02,8.786866068840026855e-01,5.389121093750000000e+02,8.821907348632812500e+02,8.327003121376037598e-01,4.406363830566406250e+02,8.795346679687500000e+02,7.939233779907226562e-01,4.698534851074218750e+02,6.112685546875000000e+02,9.355689883232116699e-01,4.804778747558593750e+02,6.457978515625000000e+02,9.491052031517028809e-01,4.831339721679687500e+02,7.573540649414062500e+02,9.395831227302551270e-01,5.176632690429687500e+02,9.034395751953125000e+02,3.186273872852325439e-01,4.220437011718750000e+02,8.821907348632812500e+02,3.340551257133483887e-01,5.203193969726562500e+02,9.060956420898437500e+02,2.341279834508895874e-01,4.220437011718750000e+02,8.795346679687500000e+02,3.757326602935791016e-01,5.415681762695312500e+02,8.795346679687500000e+02,3.385266363620758057e-01,4.459485778808593750e+02,8.795346679687500000e+02,5.786589980125427246e-01,4.225705261230468750e+02,6.094092407226562500e+02,1.237830505371093750e+02,2.719846801757812500e+02,0.000000000000000000e+00
1.600000000000000000e+01,1.340000000000000000e+02,4.441413269042968750e+02,6.363232421875000000e+02,9.236090779304504395e-01,4.469330444335937500e+02,6.307397460937500000e+02,9.222835302352905273e-01,4.441413269042968750e+02,6.307397460937500000e+02,8.935725092887878418e-01,4.580999755859375000e+02,6.279480590820312500e+02,8.450542688369750977e-01,4.748503723144531250e+02,6.251563110351562500e+02,6.167858242988586426e-01,4.804338378906250000e+02,6.558653564453125000e+02,8.573483228683471680e-01,4.580999755859375000e+02,6.530736083984375000e+02,7.976836562156677246e-01,4.860173034667968750e+02,7.117000122070312500e+02,8.378737568855285645e-01,4.413495788574218750e+02,6.921578979492187500e+02,5.864218473434448242e-01,4.413495788574218750e+02,7.144917602539062500e+02,1.010717630386352539e+00,4.413495788574218750e+02,7.033248291015625000e+02,4.565305709838867188e-01,4.776421203613281250e+02,7.619512329101562500e+02,9.202851653099060059e-01,4.636834411621093750e+02,7.619512329101562500e+02,8.898495435714721680e-01,4.999759826660156250e+02,8.373280029296875000e+02,8.924782276153564453e-01,4.413495788574218750e+02,8.345362548828125000e+02,8.543359637260437012e-01,5.306850585937500000e+02,8.819957275390625000e+02,5.696235299110412598e-01,4.301826477050781250e+02,8.903709106445312500e+02,5.359876751899719238e-01,4.580999755859375000e+02,6.111976318359375000e+02,9.343243837356567383e-01,4.664751892089843750e+02,6.419066772460937500e+02,9.008585214614868164e-01,4.720586547851562500e+02,7.591594848632812500e+02,9.082426428794860840e-01,3.994736022949218750e+02,9.043295898437500000e+02,2.441228777170181274e-01,5.139346313476562500e+02,9.154965209960937500e+02,3.432778418064117432e-01,3.994736022949218750e+02,9.099130249023437500e+02,2.956938743591308594e-01,5.209139404296875000e+02,9.196840820312500000e+02,2.580315470695495605e-01,4.329743957519531250e+02,8.987460937500000000e+02,3.654489517211914062e-01,5.474354248046875000e+02,8.959544067382812500e+02,4.619868099689483643e-01,4.065264892578125000e+02,6.036599121093750000e+02,1.394395141601562500e+02,2.858735351562500000e+02,0.000000000000000000e+00
1.600000000000000000e+01,1.350000000000000000e+02,4.321787719726562500e+02,6.354519042968750000e+02,9.156905412673950195e-01,4.348452758789062500e+02,6.301176757812500000e+02,8.940384984016418457e-01,4.321789855957031250e+02,6.301254272460937500e+02,8.672132492065429688e-01,4.455179443359375000e+02,6.289317016601562500e+02,8.087540864944458008e-01,4.597611999511718750e+02,6.262564086914062500e+02,6.955698728561401367e-01,4.654263305664062500e+02,6.579956054687500000e+02,8.110274672508239746e-01,4.476841430664062500e+02,6.580946655273437500e+02,6.719950437545776367e-01,4.692240600585937500e+02,7.172430419921875000e+02,8.702254295349121094e-01,4.484807434082031250e+02,7.044754028320312500e+02,6.582658290863037109e-01,4.245343017578125000e+02,7.145554809570312500e+02,9.557829499244689941e-01,4.242171630859375000e+02,7.080537109375000000e+02,7.559682726860046387e-01,4.612196655273437500e+02,7.633154296875000000e+02,8.689781427383422852e-01,4.493705444335937500e+02,7.631484375000000000e+02,8.344950675964355469e-01,4.849326171875000000e+02,8.437986450195312500e+02,9.237549304962158203e-01,4.256494140625000000e+02,8.384856567382812500e+02,9.205217957496643066e-01,5.243689575195312500e+02,8.865491333007812500e+02,5.549128651618957520e-01,4.189637145996093750e+02,8.921080322265625000e+02,6.364066004753112793e-01,4.440347595214843750e+02,6.102668457031250000e+02,9.386562108993530273e-01,4.532319946289062500e+02,6.434395751953125000e+02,9.057890176773071289e-01,4.558883972167968750e+02,7.605178222656250000e+02,8.970830440521240234e-01,3.813002014160156250e+02,9.160108642578125000e+02,2.019211947917938232e-01,4.976103210449218750e+02,9.160108642578125000e+02,1.425288170576095581e-01,3.813002014160156250e+02,9.160108642578125000e+02,2.343118339776992798e-01,4.976103210449218750e+02,9.160108642578125000e+02,1.457177400588989258e-01,4.220087280273437500e+02,9.160108642578125000e+02,2.830382585525512695e-01,5.368649902343750000e+02,9.000181884765625000e+02,1.709792166948318481e-01,3.591579284667968750e+02,5.868532104492187500e+02,1.605946350097656250e+02,2.977539062500000000e+02,0.000000000000000000e+00
1.600000000000000000e+01,1.360000000000000000e+02,4.132302551269531250e+02,6.340336914062500000e+02,9.198129773139953613e-01,4.188661499023437500e+02,6.283978271484375000e+02,9.197091460227966309e-01,4.160482177734375000e+02,6.283978271484375000e+02,8.783386349678039551e-01,4.301379089355468750e+02,6.283978271484375000e+02,8.652104139328002930e-01,4.442276000976562500e+02,6.255798950195312500e+02,7.051172256469726562e-01,4.498634643554687500e+02,6.593951416015625000e+02,8.040001392364501953e-01,4.442276000976562500e+02,6.565772094726562500e+02,6.108781099319458008e-01,4.526813964843750000e+02,7.185718994140625000e+02,8.245676755905151367e-01,4.385917053222656250e+02,7.073001098632812500e+02,8.124243617057800293e-01,4.104123229980468750e+02,7.101180419921875000e+02,9.122400283813476562e-01,4.104123229980468750e+02,7.073001098632812500e+02,6.600554585456848145e-01,4.442276000976562500e+02,7.664768066406250000e+02,8.751249909400939941e-01,4.329558410644531250e+02,7.664768066406250000e+02,8.653566837310791016e-01,4.639531555175781250e+02,8.481970214843750000e+02,9.277781844139099121e-01,4.104123229980468750e+02,8.425611572265625000e+02,9.979757070541381836e-01,5.090401916503906250e+02,8.876481933593750000e+02,7.423982620239257812e-01,4.075943908691406250e+02,9.017378540039062500e+02,8.400291800498962402e-01,4.301379089355468750e+02,6.086722412109375000e+02,9.859949946403503418e-01,4.414096679687500000e+02,6.424875488281250000e+02,9.077883362770080566e-01,4.385917053222656250e+02,7.636588745117187500e+02,8.920898437500000000e-01,4.921325378417968750e+02,9.158275756835937500e+02,2.921963036060333252e-01,3.780060424804687500e+02,9.200544433593750000e+02,3.203055560588836670e-01,5.019953308105468750e+02,9.200544433593750000e+02,3.420267999172210693e-01,3.822329406738281250e+02,9.158275756835937500e+02,2.862299978733062744e-01,5.259478149414062500e+02,8.961019897460937500e+02,4.003684222698211670e-01,4.132302551269531250e+02,9.130096435546875000e+02,4.711114168167114258e-01,3.632624206542968750e+02,6.010638427734375000e+02,1.422048034667968750e+02,2.885568847656250000e+02,0.000000000000000000e+00
1.600000000000000000e+01,1.390000000000000000e+02,3.679020690917968750e+02,6.271470947265625000e+02,9.130659103393554688e-01,3.734831848144531250e+02,6.215659790039062500e+02,9.108861088752746582e-01,3.706926269531250000e+02,6.187753906250000000e+02,8.596106767654418945e-01,3.874359741210937500e+02,6.243565063476562500e+02,8.438434004783630371e-01,4.013887329101562500e+02,6.243565063476562500e+02,5.865672826766967773e-01,4.041792907714843750e+02,6.550526123046875000e+02,8.715721964836120605e-01,3.902265014648437500e+02,6.550526123046875000e+02,7.482187747955322266e-01,3.985981750488281250e+02,7.248165283203125000e+02,8.601360321044921875e-01,3.874359741210937500e+02,7.080731811523437500e+02,7.361372709274291992e-01,3.567398376464843750e+02,7.136542968750000000e+02,9.569922685623168945e-01,3.567398376464843750e+02,6.997015380859375000e+02,8.616167306900024414e-01,3.902265014648437500e+02,7.722559814453125000e+02,9.341773390769958496e-01,3.846454162597656250e+02,7.694654541015625000e+02,8.377234339714050293e-01,3.818548583984375000e+02,8.587632446289062500e+02,9.113749861717224121e-01,3.762737426757812500e+02,8.559727172851562500e+02,8.618600964546203613e-01,4.376659851074218750e+02,9.006216430664062500e+02,4.951916337013244629e-01,3.888312377929687500e+02,9.075980224609375000e+02,2.566595673561096191e-01,3.902265014648437500e+02,6.020320434570312500e+02,9.265412688255310059e-01,3.930170593261718750e+02,6.410998535156250000e+02,9.002867341041564941e-01,3.902265014648437500e+02,7.694654541015625000e+02,9.376029968261718750e-01,4.167368164062500000e+02,9.075980224609375000e+02,1.456491183489561081e-02,3.553445434570312500e+02,9.075980224609375000e+02,4.415204748511314392e-02,3.999934692382812500e+02,9.075980224609375000e+02,5.837634205818176270e-02,3.776690063476562500e+02,9.075980224609375000e+02,4.384138062596321106e-02,4.502234802246093750e+02,9.075980224609375000e+02,2.986305356025695801e-01,4.446423645019531250e+02,9.075980224609375000e+02,1.531863659620285034e-01,3.384436950683593750e+02,5.917069702148437500e+02,1.007751159667968750e+02,2.857530517578125000e+02,0.000000000000000000e+00
1.600000000000000000e+01,1.400000000000000000e+02,3.524914550781250000e+02,6.270923461914062500e+02,9.076306819915771484e-01,3.580491333007812500e+02,6.187558593750000000e+02,8.755671977996826172e-01,3.524914550781250000e+02,6.187558593750000000e+02,8.388321995735168457e-01,3.691644897460937500e+02,6.215346679687500000e+02,8.277841210365295410e-01,3.858375549316406250e+02,6.215346679687500000e+02,6.154505610466003418e-01,3.913952331542968750e+02,6.548807983398437500e+02,8.695846796035766602e-01,3.719433288574218750e+02,6.493230590820312500e+02,7.189635634422302246e-01,3.886163940429687500e+02,7.243518066406250000e+02,9.433570504188537598e-01,3.691644897460937500e+02,6.993422241210937500e+02,5.817370414733886719e-01,3.413760986328125000e+02,7.160152587890625000e+02,9.450318217277526855e-01,3.385972290039062500e+02,6.993422241210937500e+02,8.395900130271911621e-01,3.747221984863281250e+02,7.743709716796875000e+02,9.278643727302551270e-01,3.691644897460937500e+02,7.715921020507812500e+02,8.074334859848022461e-01,3.608279724121093750e+02,8.632938842773437500e+02,8.856598734855651855e-01,3.608279724121093750e+02,8.632938842773437500e+02,8.059180974960327148e-01,4.191836547851562500e+02,8.994188232421875000e+02,5.047560334205627441e-01,4.066788635253906250e+02,9.063659667968750000e+02,2.311325222253799438e-01,3.719433288574218750e+02,5.993039550781250000e+02,9.310363531112670898e-01,3.802798767089843750e+02,6.382077026367187500e+02,8.870498538017272949e-01,3.719433288574218750e+02,7.688132934570312500e+02,9.293125271797180176e-01,4.455826416015625000e+02,9.063659667968750000e+02,5.294220894575119019e-02,3.399866638183593750e+02,9.063659667968750000e+02,3.334127366542816162e-02,4.400249633789062500e+02,9.063659667968750000e+02,7.907117158174514771e-02,3.622174072265625000e+02,9.063659667968750000e+02,7.356558740139007568e-02,4.233519287109375000e+02,9.063659667968750000e+02,3.464222550392150879e-01,4.233519287109375000e+02,9.063659667968750000e+02,1.008684039115905762e-01,3.229873657226562500e+02,5.918010864257812500e+02,1.006907958984375000e+02,2.845533447265625000e+02,0.000000000000000000e+00
1.600000000000000000e+01,1.410000000000000000e+02,3.420504150390625000e+02,6.222392578125000000e+02,9.239466190338134766e-01,3.453133544921875000e+02,6.157134399414062500e+02,9.141307473182678223e-01,3.420504150390625000e+02,6.157134399414062500e+02,8.908596038818359375e-01,3.583650817871093750e+02,6.157134399414062500e+02,8.595474362373352051e-01,3.746797180175781250e+02,6.157134399414062500e+02,8.142632842063903809e-01,3.681538696289062500e+02,6.516056518554687500e+02,7.855875492095947266e-01,3.844685363769531250e+02,6.516056518554687500e+02,7.727604508399963379e-01,3.681538696289062500e+02,7.201271972656250000e+02,7.748299241065979004e-01,3.746797180175781250e+02,7.103384399414062500e+02,6.743021607398986816e-01,3.224728393554687500e+02,7.168642578125000000e+02,8.717041611671447754e-01,3.289986877441406250e+02,7.103384399414062500e+02,8.531743288040161133e-01,3.518392028808593750e+02,7.723341064453125000e+02,8.693496584892272949e-01,3.681538696289062500e+02,7.723341064453125000e+02,7.503867745399475098e-01,3.355245666503906250e+02,8.604332275390625000e+02,9.094004034996032715e-01,3.583650817871093750e+02,8.604332275390625000e+02,9.009419083595275879e-01,3.844685363769531250e+02,9.159030151367187500e+02,7.290004491806030273e-01,3.746797180175781250e+02,9.256918334960937500e+02,6.307721734046936035e-01,3.583650817871093750e+02,5.928729248046875000e+02,9.505551457405090332e-01,3.648909301757812500e+02,6.320280761718750000e+02,8.898631334304809570e-01,3.616280212402343750e+02,7.690711669921875000e+02,8.442045450210571289e-01,3.567336120605468750e+02,9.469008789062500000e+02,4.293210506439208984e-01,3.371560363769531250e+02,9.469008789062500000e+02,3.188748657703399658e-01,3.632594604492187500e+02,9.469008789062500000e+02,4.280295372009277344e-01,3.387875061035156250e+02,9.420064697265625000e+02,3.303005993366241455e-01,4.007831726074218750e+02,9.256918334960937500e+02,4.786103963851928711e-01,3.779426574707031250e+02,9.420064697265625000e+02,3.952282369136810303e-01,3.073012695312500000e+02,5.775371093750000000e+02,9.886468505859375000e+01,3.341241455078125000e+02,0.000000000000000000e+00
1.600000000000000000e+01,1.420000000000000000e+02,3.176380310058593750e+02,6.181184692382812500e+02,8.720299005508422852e-01,3.236222534179687500e+02,6.121342773437500000e+02,8.957172036170959473e-01,3.206301574707031250e+02,6.091421508789062500e+02,8.425398468971252441e-01,3.385828247070312500e+02,6.151264038085937500e+02,8.531408309936523438e-01,3.565354919433593750e+02,6.151264038085937500e+02,6.746345758438110352e-01,3.625197143554687500e+02,6.540238037109375000e+02,7.514619231224060059e-01,3.325986022949218750e+02,6.450474853515625000e+02,5.702853202819824219e-01,3.565354919433593750e+02,7.198502807617187500e+02,9.069559574127197266e-01,3.385828247070312500e+02,7.048897094726562500e+02,4.847662746906280518e-01,3.056695861816406250e+02,7.138660278320312500e+02,9.967530369758605957e-01,3.086617126464843750e+02,7.048897094726562500e+02,8.484920859336853027e-01,3.325986022949218750e+02,7.796925048828125000e+02,8.267545700073242188e-01,3.475591430664062500e+02,7.796925048828125000e+02,8.289735317230224609e-01,3.086617126464843750e+02,8.664637451171875000e+02,9.115277528762817383e-01,3.505512695312500000e+02,8.664637451171875000e+02,9.363187551498413086e-01,3.565354919433593750e+02,9.173295898437500000e+02,5.085074305534362793e-01,3.670078735351562500e+02,9.218177490234375000e+02,4.791521430015563965e-01,3.415749206542968750e+02,5.911895141601562500e+02,9.607427716255187988e-01,3.475591430664062500e+02,6.330790405273437500e+02,9.100002646446228027e-01,3.415749206542968750e+02,7.737082519531250000e+02,8.749873638153076172e-01,3.116538085937500000e+02,9.173295898437500000e+02,1.962278969585895538e-02,3.086617126464843750e+02,9.173295898437500000e+02,5.731762945652008057e-02,3.610236511230468750e+02,9.218177490234375000e+02,5.198346450924873352e-02,3.086617126464843750e+02,9.173295898437500000e+02,3.525590896606445312e-02,3.729920959472656250e+02,9.218177490234375000e+02,3.837781548500061035e-01,3.789763183593750000e+02,9.218177490234375000e+02,1.063531711697578430e-01,2.949737243652343750e+02,5.831108398437500000e+02,9.619451904296875000e+01,3.063921508789062500e+02,0.000000000000000000e+00
1.600000000000000000e+01,1.430000000000000000e+02,3.048246765136718750e+02,6.158856201171875000e+02,8.601338267326354980e-01,3.080156860351562500e+02,6.095036010742187500e+02,9.114963412284851074e-01,3.048246765136718750e+02,6.095036010742187500e+02,8.947237730026245117e-01,3.239706420898437500e+02,6.126946411132812500e+02,8.706930875778198242e-01,3.399255981445312500e+02,6.126946411132812500e+02,4.812385439872741699e-01,3.431165771484375000e+02,6.509865112304687500e+02,7.577681541442871094e-01,3.335436096191406250e+02,6.446045532226562500e+02,5.757981538772583008e-01,3.399255981445312500e+02,7.211883544921875000e+02,8.313070535659790039e-01,3.239706420898437500e+02,7.052333984375000000e+02,7.190060615539550781e-01,2.888697204589843750e+02,7.148063354492187500e+02,8.952484726905822754e-01,2.888697204589843750e+02,7.084243774414062500e+02,8.078088164329528809e-01,3.175886535644531250e+02,7.786261596679687500e+02,8.430132865905761719e-01,3.335436096191406250e+02,7.786261596679687500e+02,7.060615420341491699e-01,2.856787414550781250e+02,8.679739379882812500e+02,9.674853086471557617e-01,3.399255981445312500e+02,8.711649780273437500e+02,7.985988259315490723e-01,3.303526000976562500e+02,9.317937622070312500e+02,7.054800391197204590e-01,3.654535217285156250e+02,9.286027832031250000e+02,7.531682252883911133e-01,3.239706420898437500e+02,5.871666870117187500e+02,9.257771968841552734e-01,3.303526000976562500e+02,6.318405761718750000e+02,9.063144326210021973e-01,3.271616210937500000e+02,7.754351806640625000e+02,8.114293217658996582e-01,3.000382080078125000e+02,9.461532592773437500e+02,2.152119576930999756e-01,3.447120666503906250e+02,9.461532592773437500e+02,1.124885901808738708e-01,3.000382080078125000e+02,9.461532592773437500e+02,3.236365020275115967e-01,3.638580322265625000e+02,9.461532592773437500e+02,1.087872907519340515e-01,3.447120666503906250e+02,9.461532592773437500e+02,4.969865679740905762e-01,3.718355102539062500e+02,9.413667602539062500e+02,3.562166094779968262e-01,2.551059875488281250e+02,5.849329223632812500e+02,1.281562805175781250e+02,3.267576293945312500e+02,0.000000000000000000e+00
1.600000000000000000e+01,1.440000000000000000e+02,2.828450927734375000e+02,6.181627807617187500e+02,8.812521696090698242e-01,2.891951904296875000e+02,6.118126831054687500e+02,8.849672079086303711e-01,2.860201416015625000e+02,6.086376342773437500e+02,8.820458054542541504e-01,3.050703735351562500e+02,6.118126831054687500e+02,9.028826355934143066e-01,3.114204711914062500e+02,6.149877319335937500e+02,4.228944480419158936e-01,3.241206359863281250e+02,6.499132080078125000e+02,7.978205680847167969e-01,3.050703735351562500e+02,6.467381591796875000e+02,6.676480174064636230e-01,3.241206359863281250e+02,7.261141967773437500e+02,8.358834385871887207e-01,2.987203063964843750e+02,7.070639648437500000e+02,6.187400817871093750e-01,2.701449279785156250e+02,7.197640991210937500e+02,9.666331410408020020e-01,2.669698791503906250e+02,7.165890502929687500e+02,4.619991779327392578e-01,3.018953552246093750e+02,7.832649536132812500e+02,7.900320291519165039e-01,3.241206359863281250e+02,7.832649536132812500e+02,7.201172113418579102e-01,2.637948608398437500e+02,8.721660766601562500e+02,9.214739799499511719e-01,3.336457519531250000e+02,8.721660766601562500e+02,8.069401979446411133e-01,2.955452575683593750e+02,9.356669311523437500e+02,7.028255462646484375e-01,3.622211303710937500e+02,9.324918823242187500e+02,6.727726459503173828e-01,3.050703735351562500e+02,5.864123535156250000e+02,9.280743002891540527e-01,3.114204711914062500e+02,6.308629760742187500e+02,8.875743746757507324e-01,3.145955200195312500e+02,7.737398071289062500e+02,7.707444429397583008e-01,2.590322875976562500e+02,9.436044921875000000e+02,1.552110314369201660e-01,3.288831787109375000e+02,9.436044921875000000e+02,1.201351881027221680e-01,2.653823852539062500e+02,9.436044921875000000e+02,2.531881034374237061e-01,3.479334411621093750e+02,9.436044921875000000e+02,1.179990395903587341e-01,3.034828491210937500e+02,9.436044921875000000e+02,4.938642978668212891e-01,3.685711975097656250e+02,9.388419189453125000e+02,3.156026303768157959e-01,2.339706573486328125e+02,5.841898193359375000e+02,1.263242645263671875e+02,3.251242065429687500e+02,0.000000000000000000e+00
1.600000000000000000e+01,1.450000000000000000e+02,2.638536071777343750e+02,6.199707031250000000e+02,9.087917804718017578e-01,2.701942138671875000e+02,6.104598388671875000e+02,9.213914871215820312e-01,2.670239257812500000e+02,6.104598388671875000e+02,8.964510560035705566e-01,2.892160034179687500e+02,6.136301269531250000e+02,9.004789590835571289e-01,2.987268981933593750e+02,6.168004150390625000e+02,4.653312265872955322e-01,3.145783691406250000e+02,6.516737060546875000e+02,8.033733367919921875e-01,2.860457153320312500e+02,6.485034179687500000e+02,7.178514003753662109e-01,3.114080810546875000e+02,7.309311523437500000e+02,9.073346853256225586e-01,2.701942138671875000e+02,7.119093627929687500e+02,6.969285011291503906e-01,2.511724243164062500e+02,7.245905761718750000e+02,9.230599999427795410e-01,2.448318176269531250e+02,7.594638671875000000e+02,8.291362524032592773e-01,2.860457153320312500e+02,7.879965209960937500e+02,8.262410759925842285e-01,3.050675048828125000e+02,7.848262329101562500e+02,7.754551172256469727e-01,2.448318176269531250e+02,8.799351806640625000e+02,9.377998709678649902e-01,3.209189758300781250e+02,8.799351806640625000e+02,8.500694036483764648e-01,2.622684631347656250e+02,9.449262695312500000e+02,5.338680148124694824e-01,3.431110839843750000e+02,9.370005493164062500e+02,7.062872052192687988e-01,2.860457153320312500e+02,5.882677612304687500e+02,9.138313531875610352e-01,2.955565795898437500e+02,6.326519165039062500e+02,9.032596349716186523e-01,2.955565795898437500e+02,7.784856567382812500e+02,8.228490948677062988e-01,3.003120422363281250e+02,9.449262695312500000e+02,1.651967912912368774e-01,3.129932250976562500e+02,9.449262695312500000e+02,1.529057323932647705e-01,2.939714355468750000e+02,9.449262695312500000e+02,1.758367717266082764e-01,3.193338317871093750e+02,9.449262695312500000e+02,1.519182473421096802e-01,2.622684631347656250e+02,9.449262695312500000e+02,2.499123066663742065e-01,3.510368041992187500e+02,9.449262695312500000e+02,3.446025848388671875e-01,2.151814117431640625e+02,5.860485229492187500e+02,1.322176971435546875e+02,3.246386108398437500e+02,0.000000000000000000e+00
1.600000000000000000e+01,1.460000000000000000e+02,2.445417327880859375e+02,6.170043334960937500e+02,9.029966592788696289e-01,2.509174652099609375e+02,6.106286010742187500e+02,9.309915304183959961e-01,2.477295989990234375e+02,6.106286010742187500e+02,8.950201869010925293e-01,2.668567810058593750e+02,6.138164672851562500e+02,8.871527910232543945e-01,2.796082458496093750e+02,6.138164672851562500e+02,4.660898447036743164e-01,2.923596801757812500e+02,6.520708007812500000e+02,7.090131044387817383e-01,2.636689147949218750e+02,6.520708007812500000e+02,5.191475749015808105e-01,2.859839477539062500e+02,7.381431274414062500e+02,8.057016134262084961e-01,2.541053161621093750e+02,7.190159301757812500e+02,6.745588183403015137e-01,2.317902832031250000e+02,7.253916625976562500e+02,9.177777767181396484e-01,2.254145507812500000e+02,7.572703247070312500e+02,7.843552231788635254e-01,2.604810485839843750e+02,7.955246582031250000e+02,8.436254858970642090e-01,2.891718139648437500e+02,7.955246582031250000e+02,8.069092035293579102e-01,2.254145507812500000e+02,8.943484497070312500e+02,9.162809252738952637e-01,3.114868774414062500e+02,8.943484497070312500e+02,8.741462230682373047e-01,2.301963500976562500e+02,9.469481811523437500e+02,1.814411729574203491e-01,3.385837097167968750e+02,9.469481811523437500e+02,3.849418759346008301e-01,2.700446472167968750e+02,5.851256713867187500e+02,9.039001464843750000e-01,2.764203796386718750e+02,6.329436645507812500e+02,9.223753809928894043e-01,2.764203796386718750e+02,7.891489257812500000e+02,8.531720042228698730e-01,2.812021484375000000e+02,9.469481811523437500e+02,2.021184377372264862e-02,3.768380737304687500e+02,9.469481811523437500e+02,5.562170594930648804e-02,2.636689147949218750e+02,9.421663818359375000e+02,2.611085586249828339e-02,3.832138061523437500e+02,9.469481811523437500e+02,3.847481310367584229e-02,2.429477996826171875e+02,9.469481811523437500e+02,5.008083209395408630e-02,3.385837097167968750e+02,9.469481811523437500e+02,7.294782251119613647e-02,1.899822845458984375e+02,5.860820312500000000e+02,1.441854095458984375e+02,3.264373168945312500e+02,0.000000000000000000e+00
1.600000000000000000e+01,1.470000000000000000e+02,2.215508117675781250e+02,6.170522460937500000e+02,9.096375107765197754e-01,2.280308990478515625e+02,6.105721435546875000e+02,9.339905381202697754e-01,2.247908477783203125e+02,6.105721435546875000e+02,8.956865668296813965e-01,2.474711608886718750e+02,6.170522460937500000e+02,8.874425292015075684e-01,2.474711608886718750e+02,6.202922973632812500e+02,5.025357604026794434e-01,2.733915405273437500e+02,6.559327392578125000e+02,6.729139089584350586e-01,2.377510375976562500e+02,6.526927490234375000e+02,5.672076940536499023e-01,2.636713867187500000e+02,7.434140014648437500e+02,8.274986147880554199e-01,2.247908477783203125e+02,7.207336425781250000e+02,5.660811066627502441e-01,2.085906219482421875e+02,7.304537963867187500e+02,8.991035223007202148e-01,1.891503601074218750e+02,7.660942993164062500e+02,5.446491837501525879e-01,2.442311248779296875e+02,8.049748535156250000e+02,7.207394838333129883e-01,2.701514892578125000e+02,8.017348022460937500e+02,6.978240013122558594e-01,2.053505859375000000e+02,9.086562500000000000e+02,7.507594227790832520e-01,2.993118896484375000e+02,9.021762084960937500e+02,8.111830949783325195e-01,1.972504730224609375e+02,9.491568603515625000e+02,2.377356439828872681e-01,3.203721923828125000e+02,9.491568603515625000e+02,3.119176924228668213e-01,2.474711608886718750e+02,5.878918457031250000e+02,8.808795213699340820e-01,2.507112121582031250e+02,6.364924926757812500e+02,8.721398115158081055e-01,2.571913146972656250e+02,7.952546997070312500e+02,8.180994391441345215e-01,2.490911865234375000e+02,9.491568603515625000e+02,1.885468140244483948e-02,3.851730651855468750e+02,9.491568603515625000e+02,5.276588723063468933e-02,1.664700469970703125e+02,9.410567016601562500e+02,2.168736606836318970e-02,3.657328186035156250e+02,9.491568603515625000e+02,3.971631452441215515e-02,1.972504730224609375e+02,9.491568603515625000e+02,7.797461003065109253e-02,3.398124389648437500e+02,9.491568603515625000e+02,6.185087934136390686e-02,1.692272033691406250e+02,5.823837890625000000e+02,1.467677917480468750e+02,3.317805786132812500e+02,0.000000000000000000e+00
1.600000000000000000e+01,1.480000000000000000e+02,2.003110504150390625e+02,6.152717285156250000e+02,9.342355728149414062e-01,2.066882171630859375e+02,6.088945312500000000e+02,9.079062342643737793e-01,2.034996337890625000e+02,6.088945312500000000e+02,9.061458706855773926e-01,2.258197479248046875e+02,6.152717285156250000e+02,8.538972735404968262e-01,2.258197479248046875e+02,6.152717285156250000e+02,4.639061689376831055e-01,2.449512634277343750e+02,6.567233886718750000e+02,7.654064297676086426e-01,2.194425659179687500e+02,6.535347900390625000e+02,5.052170157432556152e-01,2.385740966796875000e+02,7.428151855468750000e+02,8.315802216529846191e-01,2.098768157958984375e+02,7.268722534179687500e+02,7.971202135086059570e-01,1.843681182861328125e+02,7.332494506835937500e+02,9.102060198783874512e-01,1.652365875244140625e+02,7.683239135742187500e+02,8.527175188064575195e-01,2.258197479248046875e+02,8.097755737304687500e+02,8.177471160888671875e-01,2.481398620605468750e+02,8.065869750976562500e+02,8.254644274711608887e-01,1.907452850341796875e+02,9.118103637695312500e+02,8.087208271026611328e-01,2.832143249511718750e+02,9.086217651367187500e+02,7.626399993896484375e-01,1.827738189697265625e+02,9.484790649414062500e+02,1.641518771648406982e-01,3.039401245117187500e+02,9.484790649414062500e+02,3.352004885673522949e-01,2.258197479248046875e+02,5.865744628906250000e+02,9.192168116569519043e-01,2.290083312988281250e+02,6.344032592773437500e+02,8.699086904525756836e-01,2.353855133056640625e+02,8.002097778320312500e+02,8.481158614158630371e-01,1.763966369628906250e+02,9.484790649414062500e+02,3.081430448219180107e-03,3.613347167968750000e+02,9.484790649414062500e+02,6.907449662685394287e-02,1.461050720214843750e+02,9.405076293945312500e+02,1.561959739774465561e-02,3.422031860351562500e+02,9.484790649414062500e+02,4.101904481649398804e-02,2.019053344726562500e+02,9.484790649414062500e+02,4.973304644227027893e-02,3.166944885253906250e+02,9.484790649414062500e+02,1.016667559742927551e-01,1.460172576904296875e+02,5.875310058593750000e+02,1.500391998291015625e+02,3.265113525390625000e+02,0.000000000000000000e+00
1.600000000000000000e+01,1.490000000000000000e+02,1.764190673828125000e+02,6.177551269531250000e+02,9.347645640373229980e-01,1.827924041748046875e+02,6.081951293945312500e+02,9.091747403144836426e-01,1.796057281494140625e+02,6.081951293945312500e+02,8.949926495552062988e-01,1.987257537841796875e+02,6.177551269531250000e+02,8.749981522560119629e-01,2.210324401855468750e+02,6.145684814453125000e+02,4.840758442878723145e-01,2.082857666015625000e+02,6.623685302734375000e+02,6.648544073104858398e-01,2.401524505615234375e+02,6.559951782226562500e+02,7.529671192169189453e-01,2.114724273681640625e+02,7.452219238281250000e+02,8.101369142532348633e-01,2.146591033935546875e+02,7.324752197265625000e+02,4.157504439353942871e-01,1.604857177734375000e+02,7.356619262695312500e+02,8.899011611938476562e-01,1.413656921386718750e+02,7.675286254882812500e+02,8.802786469459533691e-01,1.987257537841796875e+02,8.153286743164062500e+02,8.259609937667846680e-01,2.274057769775390625e+02,8.121419677734375000e+02,8.615397214889526367e-01,1.668590545654296875e+02,9.204887695312500000e+02,8.031085133552551270e-01,2.656458129882812500e+02,9.173020629882812500e+02,7.993629574775695801e-01,1.588923797607421875e+02,9.507621459960937500e+02,1.261180937290191650e-01,2.863591613769531250e+02,9.507621459960937500e+02,2.697845101356506348e-01,2.050990905761718750e+02,5.858884277343750000e+02,9.044257998466491699e-01,2.082857666015625000e+02,6.368751831054687500e+02,8.476737141609191895e-01,2.114724273681640625e+02,8.089553222656250000e+02,8.676350712776184082e-01,3.437192077636718750e+02,9.507621459960937500e+02,1.412846799939870834e-02,3.373458862304687500e+02,9.507621459960937500e+02,7.483872771263122559e-02,3.389392089843750000e+02,9.459821166992187500e+02,1.486202236264944077e-02,3.437192077636718750e+02,9.507621459960937500e+02,4.906363412737846375e-02,1.525190429687500000e+02,9.507621459960937500e+02,3.641677647829055786e-02,2.927325134277343750e+02,9.507621459960937500e+02,8.049197494983673096e-02,1.165821609497070312e+02,5.900310668945312500e+02,1.611004867553710938e+02,3.263150024414062500e+02,0.000000000000000000e+00
1.600000000000000000e+01,1.500000000000000000e+02,1.516074523925781250e+02,6.173074340820312500e+02,9.061514735221862793e-01,1.611310729980468750e+02,6.077837524414062500e+02,9.031273722648620605e-01,1.547819824218750000e+02,6.077837524414062500e+02,8.676300048828125000e-01,1.801783447265625000e+02,6.109583129882812500e+02,8.729864358901977539e-01,1.992256164550781250e+02,6.109583129882812500e+02,5.036684274673461914e-01,1.865274353027343750e+02,6.554019775390625000e+02,6.705901026725769043e-01,2.214474487304687500e+02,6.554019775390625000e+02,7.135860323905944824e-01,1.833529052734375000e+02,7.442892456054687500e+02,6.333324313163757324e-01,1.674801635742187500e+02,7.284165039062500000e+02,4.889591932296752930e-01,1.325601806640625000e+02,7.379401245117187500e+02,8.759426474571228027e-01,1.198619918823242188e+02,7.728601074218750000e+02,4.837715029716491699e-01,1.738292541503906250e+02,8.141292114257812500e+02,8.015741705894470215e-01,2.055747070312500000e+02,8.109546508789062500e+02,8.343542218208312988e-01,1.452583618164062500e+02,9.252382812500000000e+02,7.745359539985656738e-01,2.373201599121093750e+02,9.188892211914062500e+02,7.960377335548400879e-01,1.436710815429687500e+02,9.490473632812500000e+02,1.372220814228057861e-01,2.579547119140625000e+02,9.490473632812500000e+02,2.105366289615631104e-01,1.801783447265625000e+02,5.823873901367187500e+02,9.147502183914184570e-01,1.865274353027343750e+02,6.331801147460937500e+02,9.155393838882446289e-01,1.897019958496093750e+02,8.046055908203125000e+02,8.333316445350646973e-01,3.150965270996093750e+02,9.490473632812500000e+02,3.463575616478919983e-02,3.087474365234375000e+02,9.490473632812500000e+02,7.148387283086776733e-02,3.087474365234375000e+02,9.490473632812500000e+02,3.518056124448776245e-02,3.150965270996093750e+02,9.490473632812500000e+02,5.898463353514671326e-02,1.500201721191406250e+02,9.490473632812500000e+02,5.681499466300010681e-02,2.643038024902343750e+02,9.490473632812500000e+02,3.363085910677909851e-02,8.974329376220703125e+01,5.896888427734375000e+02,1.586483078002929688e+02,3.250734252929687500e+02,0.000000000000000000e+00
1.600000000000000000e+01,1.510000000000000000e+02,1.256198120117187500e+02,6.159895019531250000e+02,9.195911884307861328e-01,1.356227722167968750e+02,6.059865112304687500e+02,8.973952531814575195e-01,1.289541320800781250e+02,6.059865112304687500e+02,9.010425209999084473e-01,1.589630432128906250e+02,6.126551513671875000e+02,9.117470979690551758e-01,1.622973632812500000e+02,6.126551513671875000e+02,5.347459316253662109e-01,1.889719390869140625e+02,6.660043334960937500e+02,7.127326726913452148e-01,1.322884521484375000e+02,6.593356933593750000e+02,7.701041102409362793e-01,1.789689788818359375e+02,7.526967163085937500e+02,6.902865171432495117e-01,1.256198120117187500e+02,7.360250854492187500e+02,7.204369902610778809e-01,1.156168441772460938e+02,7.426937255859375000e+02,8.939615488052368164e-01,9.227658081054687500e+01,7.793712768554687500e+02,7.989953756332397461e-01,1.656316833496093750e+02,8.160488281250000000e+02,6.386201977729797363e-01,1.422914276123046875e+02,8.127145385742187500e+02,4.604514539241790771e-01,1.256198120117187500e+02,9.260814819335937500e+02,7.376236915588378906e-01,2.056435546875000000e+02,9.227471313476562500e+02,7.240932583808898926e-01,1.206183242797851562e+02,9.577575683593750000e+02,2.435309439897537231e-01,2.273166503906250000e+02,9.577575683593750000e+02,1.907531470060348511e-01,1.556287078857421875e+02,5.826462402343750000e+02,9.012933373451232910e-01,1.589630432128906250e+02,6.393297119140625000e+02,8.808079957962036133e-01,1.589630432128906250e+02,8.127145385742187500e+02,8.517001867294311523e-01,1.606302032470703125e+02,9.577575683593750000e+02,6.096351519227027893e-02,2.940031127929687500e+02,9.577575683593750000e+02,4.704558476805686951e-02,1.539615478515625000e+02,9.577575683593750000e+02,6.574489176273345947e-02,8.727510070800781250e+01,9.577575683593750000e+02,2.881290018558502197e-02,1.272869720458984375e+02,9.577575683593750000e+02,6.274364888668060303e-02,2.206480102539062500e+02,9.577575683593750000e+02,2.543377131223678589e-02,7.083321380615234375e+01,5.803121948242187500e+02,1.529193801879882812e+02,3.414346923828125000e+02,0.000000000000000000e+00
1.600000000000000000e+01,1.530000000000000000e+02,7.848948669433593750e+01,6.112950439453125000e+02,9.090220332145690918e-01,8.506153106689453125e+01,6.047230224609375000e+02,9.020890593528747559e-01,8.177550506591796875e+01,6.047230224609375000e+02,6.634167432785034180e-01,9.491959381103515625e+01,6.112950439453125000e+02,8.469423055648803711e-01,1.376378631591796875e+02,6.047230224609375000e+02,8.235336542129516602e-01,9.491959381103515625e+01,6.605853271484375000e+02,8.041433691978454590e-01,1.540679626464843750e+02,6.540133056640625000e+02,7.839283943176269531e-01,1.080636749267578125e+02,7.525939331054687500e+02,6.306309700012207031e-01,1.507819519042968750e+02,7.295917968750000000e+02,4.890762567520141602e-01,5.548733901977539062e+01,7.394498291015625000e+02,9.163056612014770508e-01,8.506153106689453125e+01,7.164476928710937500e+02,5.390166044235229492e-01,9.491959381103515625e+01,8.183143310546875000e+02,7.197940945625305176e-01,1.310658264160156250e+02,8.183143310546875000e+02,7.476776838302612305e-01,9.163356781005859375e+01,9.267530517578125000e+02,7.588533759117126465e-01,1.343518371582031250e+02,9.201810302734375000e+02,7.357380390167236328e-01,9.491959381103515625e+01,9.497551879882812500e+02,4.921778440475463867e-01,1.343518371582031250e+02,9.464691772460937500e+02,4.715350866317749023e-01,1.080636749267578125e+02,5.751488037109375000e+02,9.084395170211791992e-01,1.179217376708984375e+02,6.277251586914062500e+02,8.505817651748657227e-01,1.146357192993164062e+02,8.117423095703125000e+02,8.349893093109130859e-01,6.534540557861328125e+01,9.497551879882812500e+02,1.563176959753036499e-01,1.146357192993164062e+02,9.201810302734375000e+02,6.775219738483428955e-02,6.863142395019531250e+01,9.497551879882812500e+02,2.034198194742202759e-01,1.458529205322265625e+02,9.546842041015625000e+02,1.069712564349174500e-01,9.327658081054687500e+01,9.546842041015625000e+02,2.068018317222595215e-01,1.327088317871093750e+02,9.546842041015625000e+02,1.747207194566726685e-01,3.731090545654296875e+01,5.827067260742187500e+02,1.513635940551757812e+02,3.364884643554687500e+02,0.000000000000000000e+00
1.600000000000000000e+01,1.550000000000000000e+02,2.950677299499511719e+01,5.956597290039062500e+02,7.921887040138244629e-01,3.690423202514648438e+01,5.919609985351562500e+02,8.621593117713928223e-01,2.950677299499511719e+01,5.882622680664062500e+02,5.824437737464904785e-01,4.430168914794921875e+01,5.993584594726562500e+02,8.638626337051391602e-01,8.498770904541015625e+01,5.919609985351562500e+02,7.929170727729797363e-01,4.800041961669921875e+01,6.474419555664062500e+02,7.518173456192016602e-01,8.498770904541015625e+01,6.437432250976562500e+02,6.635613441467285156e-01,5.169915008544921875e+01,7.399101562500000000e+02,4.913920164108276367e-01,9.608390045166015625e+01,7.214165039062500000e+02,2.840134799480438232e-01,1.471185588836669922e+01,7.251152343750000000e+02,4.132737517356872559e-01,1.219750061035156250e+02,6.585381469726562500e+02,4.287224709987640381e-01,5.539787673950195312e+01,8.064873046875000000e+02,6.514937877655029297e-01,6.649406433105468750e+01,8.064873046875000000e+02,5.549739599227905273e-01,4.800041961669921875e+01,9.211478881835937500e+02,6.972501873970031738e-01,5.909660720825195312e+01,9.211478881835937500e+02,6.538781523704528809e-01,4.615105438232421875e+01,9.784782104492187500e+02,4.327497780323028564e-01,5.354851150512695312e+01,9.784782104492187500e+02,4.078005850315093994e-01,5.909660720825195312e+01,5.623711547851562500e+02,9.350528717041015625e-01,6.649406433105468750e+01,6.178521118164062500e+02,8.365960717201232910e-01,5.909660720825195312e+01,7.990898437500000000e+02,7.920660972595214844e-01,9.163762092590332031e+00,9.784782104492187500e+02,1.899694204330444336e-01,9.163762092590332031e+00,9.784782104492187500e+02,1.218013986945152283e-01,1.656122016906738281e+01,9.784782104492187500e+02,2.318519353866577148e-01,9.163762092590332031e+00,9.784782104492187500e+02,2.068139016628265381e-01,4.615105438232421875e+01,9.784782104492187500e+02,2.572171390056610107e-01,4.615105438232421875e+01,9.784782104492187500e+02,1.931147277355194092e-01,1.856803774833679199e+00,5.597820434570312500e+02,1.329732590913772583e+02,3.787498168945312500e+02,0.000000000000000000e+00
1.600000000000000000e+01,1.560000000000000000e+02,8.239954948425292969e+00,5.924867553710937500e+02,5.725538730621337891e-01,1.209570789337158203e+01,5.809194946289062500e+02,6.588085889816284180e-01,1.595145988464355469e+01,5.809194946289062500e+02,4.093486070632934570e-01,1.595145988464355469e+01,5.886309814453125000e+02,7.821789383888244629e-01,6.607624053955078125e+01,5.809194946289062500e+02,8.322165012359619141e-01,2.366296386718750000e+01,6.387557983398437500e+02,7.016907334327697754e-01,8.149925231933593750e+01,6.387557983398437500e+02,7.842631340026855469e-01,1.595145988464355469e+01,7.081593017578125000e+02,4.017596244812011719e-01,8.921075439453125000e+01,7.081593017578125000e+02,7.359982132911682129e-01,1.595145988464355469e+01,6.271885375976562500e+02,4.460559189319610596e-01,5.836473464965820312e+01,7.351495971679687500e+02,2.894704937934875488e-01,1.980721282958984375e+01,8.006973876953125000e+02,6.123502254486083984e-01,5.065322875976562500e+01,7.968416137695312500e+02,5.542680621147155762e-01,1.980721282958984375e+01,9.202257080078125000e+02,6.499144434928894043e-01,3.523022079467773438e+01,9.163699340820312500e+02,7.244886159896850586e-01,2.366296386718750000e+01,9.703504638671875000e+02,5.240138769149780273e-01,3.523022079467773438e+01,9.703504638671875000e+02,6.070680618286132812e-01,3.137446975708007812e+01,5.500734863281250000e+02,9.160113334655761719e-01,4.294172668457031250e+01,6.079097290039062500e+02,8.036076426506042480e-01,3.137446975708007812e+01,7.929858398437500000e+02,7.412277460098266602e-01,1.016783142089843750e+01,9.877013549804687500e+02,1.278172135353088379e-01,2.559084129333496094e+01,9.877013549804687500e+02,6.430433690547943115e-02,-7.183053970336914062e+00,9.780619506835937500e+02,1.243307515978813171e-01,4.101385116577148438e+01,9.877013549804687500e+02,1.173702999949455261e-01,1.980721282958984375e+01,9.819177246093750000e+02,3.306527733802795410e-01,3.137446975708007812e+01,9.819177246093750000e+02,2.385440021753311157e-01,2.149736404418945312e+00,5.512301635742187500e+02,1.085742549896240234e+02,3.948291015625000000e+02,0.000000000000000000e+00
