1.882900000000000000e+04,8.800000000000000000e+01,2.653000000000000000e+03,0.000000000000000000e+00,1.479899291992187500e+03,6.020008544921875000e+02,9.426871538162231445e-01,1.482060302734375000e+03,5.976788330078125000e+02,9.350751638412475586e-01,1.473416381835937500e+03,5.976788330078125000e+02,9.527637958526611328e-01,1.486382324218750000e+03,5.998398437500000000e+02,9.087957739830017090e-01,1.466933349609375000e+03,5.998398437500000000e+02,9.219030737876892090e-01,1.492865356445312500e+03,6.257718505859375000e+02,8.941433429718017578e-01,1.458289306640625000e+03,6.279328613281250000e+02,9.344540834426879883e-01,1.499348266601562500e+03,6.603477783203125000e+02,8.811248540878295898e-01,1.451806396484375000e+03,6.625087890625000000e+02,9.361532926559448242e-01,1.505831298828125000e+03,6.841187744140625000e+02,9.058907032012939453e-01,1.449645385742187500e+03,6.927627563476562500e+02,8.917261958122253418e-01,1.486382324218750000e+03,6.927627563476562500e+02,9.149179458618164062e-01,1.464772338867187500e+03,6.927627563476562500e+02,8.809467554092407227e-01,1.488543334960937500e+03,7.338217163085937500e+02,9.323897957801818848e-01,1.469094360351562500e+03,7.381437377929687500e+02,8.444254994392395020e-01,1.473416381835937500e+03,7.640756835937500000e+02,8.446654677391052246e-01,1.471255371093750000e+03,7.792026977539062500e+02,8.107755780220031738e-01,1.475577270507812500e+03,5.825518798828125000e+02,8.882178664207458496e-01,1.475577270507812500e+03,6.149668579101562500e+02,9.238399267196655273e-01,1.473416381835937500e+03,6.906018066406250000e+02,9.294593334197998047e-01,1.477738281250000000e+03,7.856856689453125000e+02,8.696072101593017578e-01,1.479899291992187500e+03,7.900076904296875000e+02,8.299401998519897461e-01,1.482060302734375000e+03,7.835247192382812500e+02,9.203249216079711914e-01,1.471255371093750000e+03,7.900076904296875000e+02,8.887815475463867188e-01,1.473416381835937500e+03,7.662366943359375000e+02,7.905985713005065918e-01,1.471255371093750000e+03,7.835247192382812500e+02,7.690716385841369629e-01,1.443114868164062500e+03,5.853612060546875000e+02,6.276391601562500000e+01,2.212861938476562500e+02,0.000000000000000000e+00,0.000000000000000000e+00,0.000000000000000000e+00
1.883000000000000000e+04,8.800000000000000000e+01,2.653000000000000000e+03,1.000000000000000000e+00,1.480355346679687500e+03,6.003803710937500000e+02,9.355440139770507812e-01,1.484544921875000000e+03,5.961907958984375000e+02,9.572825431823730469e-01,1.478260498046875000e+03,5.940959472656250000e+02,9.730187654495239258e-01,1.490829345703125000e+03,5.982855834960937500e+02,9.474802613258361816e-01,1.469881347656250000e+03,5.961907958984375000e+02,8.853795528411865234e-01,1.492924194335937500e+03,6.234232177734375000e+02,9.046840667724609375e-01,1.461502075195312500e+03,6.255180053710937500e+02,9.374819397926330566e-01,1.501303344726562500e+03,6.548452758789062500e+02,8.940893411636352539e-01,1.455217651367187500e+03,6.590348510742187500e+02,8.961288332939147949e-01,1.505492919921875000e+03,6.841724853515625000e+02,9.139897823333740234e-01,1.455217651367187500e+03,6.925516967773437500e+02,8.863456845283508301e-01,1.488734497070312500e+03,6.862672729492187500e+02,9.043560624122619629e-01,1.467786499023437500e+03,6.883621215820312500e+02,8.921087980270385742e-01,1.492924194335937500e+03,7.281633300781250000e+02,9.339987635612487793e-01,1.469881347656250000e+03,7.323529663085937500e+02,8.669468760490417480e-01,1.482450195312500000e+03,7.679645996093750000e+02,9.305071830749511719e-01,1.467786499023437500e+03,7.742490234375000000e+02,8.412813544273376465e-01,1.480355346679687500e+03,5.836219482421875000e+02,9.128086566925048828e-01,1.478260498046875000e+03,6.129492187500000000e+02,9.288290739059448242e-01,1.478260498046875000e+03,6.862672729492187500e+02,9.203855991363525391e-01,1.486639770507812500e+03,7.889126586914062500e+02,8.665388226509094238e-01,1.478260498046875000e+03,7.910074462890625000e+02,9.240137338638305664e-01,1.490829345703125000e+03,7.868178100585937500e+02,8.917132616043090820e-01,1.471976074218750000e+03,7.910074462890625000e+02,9.081699252128601074e-01,1.478260498046875000e+03,7.721542358398437500e+02,8.484709262847900391e-01,1.467786499023437500e+03,7.805334472656250000e+02,7.985584139823913574e-01,1.446051852411302661e+03,5.811208740234375227e+02,6.123604127114481344e+01,2.158634887695312727e+02,0.000000000000000000e+00,0.000000000000000000e+00,0.000000000000000000e+00
1.883100000000000000e+04,8.800000000000000000e+01,2.654000000000000000e+03,2.000000000000000000e+00,1.483213012695312500e+03,5.999902343750000000e+02,9.169163107872009277e-01,1.487313964843750000e+03,5.958893432617187500e+02,9.266644716262817383e-01,1.479112060546875000e+03,5.938388671875000000e+02,9.178895950317382812e-01,1.493465332031250000e+03,5.979397583007812500e+02,8.935030102729797363e-01,1.472960693359375000e+03,5.979397583007812500e+02,9.315720200538635254e-01,1.497566284179687500e+03,6.245958251953125000e+02,8.680695295333862305e-01,1.462708374023437500e+03,6.245958251953125000e+02,9.094263315200805664e-01,1.503717651367187500e+03,6.553528442382812500e+02,8.129749894142150879e-01,1.456556884765625000e+03,6.594537353515625000e+02,9.026345014572143555e-01,1.509869018554687500e+03,6.840593261718750000e+02,8.052179813385009766e-01,1.454506469726562500e+03,6.922612304687500000e+02,8.774017691612243652e-01,1.491414794921875000e+03,6.861098022460937500e+02,8.534461259841918945e-01,1.468859741210937500e+03,6.881602783203125000e+02,8.667338490486145020e-01,1.497566284179687500e+03,7.312200927734375000e+02,8.704930543899536133e-01,1.468859741210937500e+03,7.353209838867187500e+02,8.458207249641418457e-01,1.491414794921875000e+03,7.722293701171875000e+02,8.855118751525878906e-01,1.468859741210937500e+03,7.804312744140625000e+02,8.889797329902648926e-01,1.483213012695312500e+03,5.835865478515625000e+02,9.395835399627685547e-01,1.483213012695312500e+03,6.122930297851562500e+02,9.480412006378173828e-01,1.481162475585937500e+03,6.861098022460937500e+02,8.856608867645263672e-01,1.495515747070312500e+03,7.906835937500000000e+02,8.786885738372802734e-01,1.481162475585937500e+03,7.927340698242187500e+02,8.433687090873718262e-01,1.499616699218750000e+03,7.886331176757812500e+02,8.901814818382263184e-01,1.475011108398437500e+03,7.927340698242187500e+02,8.326823115348815918e-01,1.485263427734375000e+03,7.783807983398437500e+02,8.820590376853942871e-01,1.468859741210937500e+03,7.865826416015625000e+02,8.468534350395202637e-01,1.450889969987248605e+03,5.882935143489132770e+02,6.013368988063484721e+01,2.112830397358491155e+02,0.000000000000000000e+00,0.000000000000000000e+00,0.000000000000000000e+00
1.883200000000000000e+04,8.800000000000000000e+01,2.654000000000000000e+03,3.000000000000000000e+00,1.486945678710937500e+03,5.985463867187500000e+02,9.348860383033752441e-01,1.491209350585937500e+03,5.942827148437500000e+02,9.192161560058593750e-01,1.482682006835937500e+03,5.942827148437500000e+02,9.241138100624084473e-01,1.495473022460937500e+03,5.985463867187500000e+02,9.006233215332031250e-01,1.474154663085937500e+03,5.985463867187500000e+02,9.257970452308654785e-01,1.499736694335937500e+03,6.198646240234375000e+02,8.693006038665771484e-01,1.467759277343750000e+03,6.241282958984375000e+02,9.249157905578613281e-01,1.506132080078125000e+03,6.539738769531250000e+02,8.774034976959228516e-01,1.461363769531250000e+03,6.603693847656250000e+02,9.142933487892150879e-01,1.510395751953125000e+03,6.838195190429687500e+02,9.168503284454345703e-01,1.461363769531250000e+03,6.944786376953125000e+02,8.917130231857299805e-01,1.495473022460937500e+03,6.880831298828125000e+02,8.904998302459716797e-01,1.474154663085937500e+03,6.902149658203125000e+02,8.288100957870483398e-01,1.501868530273437500e+03,7.328515625000000000e+02,9.087478518486022949e-01,1.472022827148437500e+03,7.349833984375000000e+02,8.989270329475402832e-01,1.497604858398437500e+03,7.776199340820312500e+02,8.967130184173583984e-01,1.469891113281250000e+03,7.797517700195312500e+02,8.849599361419677734e-01,1.484813842773437500e+03,5.836235961914062500e+02,9.133339524269104004e-01,1.484813842773437500e+03,6.113373413085937500e+02,9.219803810119628906e-01,1.484813842773437500e+03,6.880831298828125000e+02,8.922278881072998047e-01,1.508263916015625000e+03,7.882791137695312500e+02,8.685345053672790527e-01,1.478418334960937500e+03,7.925427246093750000e+02,9.124646186828613281e-01,1.510395751953125000e+03,7.861472778320312500e+02,9.249435067176818848e-01,1.472022827148437500e+03,7.925427246093750000e+02,9.403912425041198730e-01,1.493341186523437500e+03,7.840154418945312500e+02,9.188039898872375488e-01,1.467759277343750000e+03,7.840154418945312500e+02,8.699747323989868164e-01,1.455953034635188942e+03,5.875054955415159839e+02,6.199970608038620412e+01,2.163693343266568263e+02,0.000000000000000000e+00,0.000000000000000000e+00,0.000000000000000000e+00
1.883300000000000000e+04,8.800000000000000000e+01,2.654000000000000000e+03,4.000000000000000000e+00,1.488888183593750000e+03,5.990239868164062500e+02,9.179676175117492676e-01,1.493137573242187500e+03,5.947747192382812500e+02,9.391745924949645996e-01,1.484638916015625000e+03,5.947747192382812500e+02,9.200149178504943848e-01,1.497386840820312500e+03,5.990239868164062500e+02,9.130643606185913086e-01,1.478265014648437500e+03,5.990239868164062500e+02,9.092320799827575684e-01,1.505885375976562500e+03,6.245197143554687500e+02,9.183197021484375000e-01,1.469766479492187500e+03,6.266444091796875000e+02,9.288395643234252930e-01,1.510134643554687500e+03,6.542647705078125000e+02,7.943061590194702148e-01,1.463392456054687500e+03,6.627633056640625000e+02,9.326891303062438965e-01,1.512259277343750000e+03,6.840097656250000000e+02,8.915324211120605469e-01,1.461267822265625000e+03,6.946329956054687500e+02,9.091082215309143066e-01,1.499511474609375000e+03,6.882590332031250000e+02,8.832131624221801758e-01,1.476140380859375000e+03,6.903837280273437500e+02,8.997782468795776367e-01,1.505885375976562500e+03,7.328765869140625000e+02,9.091841578483581543e-01,1.474015747070312500e+03,7.350012207031250000e+02,9.118586778640747070e-01,1.505885375976562500e+03,7.796187744140625000e+02,8.913947343826293945e-01,1.471891113281250000e+03,7.796187744140625000e+02,8.972726464271545410e-01,1.486763549804687500e+03,5.841514892578125000e+02,9.469805955886840820e-01,1.488888183593750000e+03,6.138965454101562500e+02,9.619791507720947266e-01,1.488888183593750000e+03,6.882590332031250000e+02,8.946708440780639648e-01,1.518633300781250000e+03,7.881173095703125000e+02,8.542983531951904297e-01,1.480389648437500000e+03,7.923666381835937500e+02,9.163452386856079102e-01,1.520757934570312500e+03,7.859926757812500000e+02,8.763403296470642090e-01,1.474015747070312500e+03,7.923666381835937500e+02,9.412442445755004883e-01,1.503760742187500000e+03,7.881173095703125000e+02,8.825981616973876953e-01,1.467641845703125000e+03,7.859926757812500000e+02,8.965435624122619629e-01,1.460142823781246761e+03,5.874968137139771898e+02,6.310253296623250208e+01,2.174542821683501188e+02,0.000000000000000000e+00,0.000000000000000000e+00,0.000000000000000000e+00
1.883400000000000000e+04,8.800000000000000000e+01,2.654000000000000000e+03,5.000000000000000000e+00,1.493169433593750000e+03,6.011715087890625000e+02,9.444905519485473633e-01,1.497442993164062500e+03,5.968978271484375000e+02,9.459323883056640625e-01,1.488895751953125000e+03,5.968978271484375000e+02,9.430606365203857422e-01,1.501716674804687500e+03,6.011715087890625000e+02,8.877489566802978516e-01,1.482485351562500000e+03,6.011715087890625000e+02,8.992006182670593262e-01,1.508127075195312500e+03,6.225396118164062500e+02,8.994003534317016602e-01,1.471801269531250000e+03,6.289500732421875000e+02,9.337626695632934570e-01,1.512400756835937500e+03,6.567286987304687500e+02,9.302824139595031738e-01,1.467527587890625000e+03,6.631390991210937500e+02,9.076904058456420898e-01,1.516674316406250000e+03,6.845072631835937500e+02,9.076151847839355469e-01,1.465390747070312500e+03,6.951913452148437500e+02,9.183344244956970215e-01,1.503853515625000000e+03,6.887808837890625000e+02,8.679453134536743164e-01,1.480348510742187500e+03,6.909177246093750000e+02,8.649338483810424805e-01,1.510263916015625000e+03,7.315172119140625000e+02,8.864260315895080566e-01,1.473937988281250000e+03,7.357908325195312500e+02,9.412378668785095215e-01,1.514537597656250000e+03,7.785271606445312500e+02,8.982436656951904297e-01,1.471801269531250000e+03,7.763903198242187500e+02,9.144623279571533203e-01,1.491032592773437500e+03,5.840769653320312500e+02,9.133414030075073242e-01,1.491032592773437500e+03,6.161292114257812500e+02,9.484853744506835938e-01,1.491032592773437500e+03,6.887808837890625000e+02,8.846331238746643066e-01,1.527358398437500000e+03,7.849376220703125000e+02,8.727355003356933594e-01,1.480348510742187500e+03,7.913480224609375000e+02,9.107914566993713379e-01,1.527358398437500000e+03,7.849376220703125000e+02,8.817715048789978027e-01,1.473937988281250000e+03,7.934848632812500000e+02,9.565707445144653320e-01,1.510263916015625000e+03,7.870744018554687500e+02,8.889167904853820801e-01,1.469664428710937500e+03,7.828007812500000000e+02,8.907413482666015625e-01,1.462272511065572189e+03,5.873584191123093206e+02,6.472401021242126262e+01,2.186733607664323245e+02,0.000000000000000000e+00,0.000000000000000000e+00,0.000000000000000000e+00
1.883500000000000000e+04,8.800000000000000000e+01,2.652000000000000000e+03,1.100000000000000000e+01,1.514812011718750000e+03,5.985324096679687500e+02,9.481104612350463867e-01,1.516995117187500000e+03,5.941662597656250000e+02,9.520430564880371094e-01,1.508262695312500000e+03,5.941662597656250000e+02,9.683185219764709473e-01,1.521361328125000000e+03,5.985324096679687500e+02,9.497503638267517090e-01,1.501713378906250000e+03,5.985324096679687500e+02,9.399316906929016113e-01,1.530093750000000000e+03,6.247296142578125000e+02,8.788867592811584473e-01,1.492980957031250000e+03,6.269127197265625000e+02,9.078683853149414062e-01,1.532276733398437500e+03,6.596592407226562500e+02,9.334079027175903320e-01,1.484248535156250000e+03,6.618423461914062500e+02,9.153394699096679688e-01,1.532276733398437500e+03,6.902226562500000000e+02,8.962457180023193359e-01,1.482065429687500000e+03,6.945888671875000000e+02,8.781411051750183105e-01,1.521361328125000000e+03,6.924057617187500000e+02,9.093968868255615234e-01,1.497347167968750000e+03,6.924057617187500000e+02,9.183171987533569336e-01,1.525727539062500000e+03,7.382508544921875000e+02,8.926367759704589844e-01,1.488614746093750000e+03,7.360677490234375000e+02,8.110005259513854980e-01,1.521361328125000000e+03,7.840959472656250000e+02,9.679313302040100098e-01,1.477699340820312500e+03,7.709973754882812500e+02,8.768225312232971191e-01,1.510445800781250000e+03,5.832507324218750000e+02,9.022685885429382324e-01,1.512628906250000000e+03,6.159972534179687500e+02,9.619558453559875488e-01,1.508262695312500000e+03,6.902226562500000000e+02,9.326407313346862793e-01,1.527910644531250000e+03,7.971945800781250000e+02,8.901069164276123047e-01,1.484248535156250000e+03,7.906452636718750000e+02,9.540669918060302734e-01,1.532276733398437500e+03,7.971945800781250000e+02,9.181052446365356445e-01,1.477699340820312500e+03,7.906452636718750000e+02,9.783148169517517090e-01,1.516995117187500000e+03,7.928283691406250000e+02,8.963473439216613770e-01,1.475516235351562500e+03,7.731804809570312500e+02,7.948418259620666504e-01,1.469802191298643947e+03,5.798653641139657111e+02,6.945837490305780193e+01,2.182469507754336746e+02,0.000000000000000000e+00,0.000000000000000000e+00,0.000000000000000000e+00
1.883600000000000000e+04,8.800000000000000000e+01,2.656000000000000000e+03,1.200000000000000000e+01,1.518068237304687500e+03,5.969692382812500000e+02,9.589899182319641113e-01,1.520493041992187500e+03,5.921194458007812500e+02,9.481148719787597656e-01,1.513218383789062500e+03,5.945443725585937500e+02,9.555503726005554199e-01,1.525342773437500000e+03,5.969692382812500000e+02,8.911402821540832520e-01,1.503518920898437500e+03,5.993941040039062500e+02,9.287897348403930664e-01,1.532617431640625000e+03,6.236428833007812500e+02,8.773952722549438477e-01,1.493819458007812500e+03,6.260677490234375000e+02,8.764466047286987305e-01,1.535042358398437500e+03,6.575911254882812500e+02,9.115543365478515625e-01,1.486544799804687500e+03,6.624408569335937500e+02,8.575373291969299316e-01,1.535042358398437500e+03,6.866896362304687500e+02,8.763356208801269531e-01,1.486544799804687500e+03,6.939642333984375000e+02,8.773280382156372070e-01,1.522917968750000000e+03,6.939642333984375000e+02,8.908981680870056152e-01,1.501094116210937500e+03,6.939642333984375000e+02,9.212977290153503418e-01,1.527767700195312500e+03,7.400369262695312500e+02,9.114289879798889160e-01,1.496244262695312500e+03,7.376119995117187500e+02,8.328983783721923828e-01,1.522917968750000000e+03,7.861095581054687500e+02,9.267687201499938965e-01,1.481695068359375000e+03,7.715603027343750000e+02,9.400256872177124023e-01,1.513218383789062500e+03,5.824199829101562500e+02,9.151459932327270508e-01,1.515643310546875000e+03,6.139433593750000000e+02,9.598333239555358887e-01,1.513218383789062500e+03,6.915393676757812500e+02,8.958091139793395996e-01,1.527767700195312500e+03,7.982339477539062500e+02,8.436514139175415039e-01,1.488969726562500000e+03,7.909592895507812500e+02,9.520977735519409180e-01,1.532617431640625000e+03,7.982339477539062500e+02,9.746070504188537598e-01,1.481695068359375000e+03,7.909592895507812500e+02,9.636580944061279297e-01,1.518068237304687500e+03,7.933841552734375000e+02,8.926547765731811523e-01,1.481695068359375000e+03,7.715603027343750000e+02,9.119859337806701660e-01,1.469843706801518010e+03,5.737920121448765940e+02,7.458423542393074968e+01,2.383220868414500728e+02,0.000000000000000000e+00,0.000000000000000000e+00,0.000000000000000000e+00
1.883700000000000000e+04,8.800000000000000000e+01,2.656000000000000000e+03,1.300000000000000000e+01,1.519246948242187500e+03,5.967938842773437500e+02,9.327732920646667480e-01,1.524001220703125000e+03,5.920395507812500000e+02,9.547652006149291992e-01,1.514492675781250000e+03,5.920395507812500000e+02,9.528949856758117676e-01,1.528755493164062500e+03,5.944166870117187500e+02,9.283226728439331055e-01,1.507361206054687500e+03,5.944166870117187500e+02,9.565247893333435059e-01,1.535886962890625000e+03,6.229424438476562500e+02,8.769604563713073730e-01,1.497852661132812500e+03,6.253196411132812500e+02,9.074754714965820312e-01,1.538264160156250000e+03,6.585996704101562500e+02,9.688734412193298340e-01,1.493098388671875000e+03,6.633539428710937500e+02,9.613353610038757324e-01,1.540641235351562500e+03,6.918796997070312500e+02,9.170415997505187988e-01,1.488344116210937500e+03,6.918796997070312500e+02,9.008017182350158691e-01,1.528755493164062500e+03,6.942568359375000000e+02,9.552651047706604004e-01,1.504984130859375000e+03,6.918796997070312500e+02,9.394919276237487793e-01,1.528755493164062500e+03,7.417998046875000000e+02,9.148526191711425781e-01,1.500229736328125000e+03,7.370454711914062500e+02,8.454946279525756836e-01,1.521624145507812500e+03,7.845884399414062500e+02,9.240311980247497559e-01,1.488344116210937500e+03,7.727026977539062500e+02,8.841564059257507324e-01,1.519246948242187500e+03,5.777766723632812500e+02,9.108645915985107422e-01,1.516869873046875000e+03,6.134338989257812500e+02,9.387969374656677246e-01,1.516869873046875000e+03,6.918796997070312500e+02,9.246672987937927246e-01,1.526378417968750000e+03,7.988513183593750000e+02,8.846631050109863281e-01,1.493098388671875000e+03,7.917198486328125000e+02,9.150754213333129883e-01,1.531132690429687500e+03,7.964741821289062500e+02,9.546635746955871582e-01,1.485966918945312500e+03,7.893427124023437500e+02,9.514826536178588867e-01,1.519246948242187500e+03,7.917198486328125000e+02,9.044268727302551270e-01,1.488344116210937500e+03,7.727026977539062500e+02,8.971281051635742188e-01,1.471490407277607119e+03,5.732233535797809054e+02,7.495742359078644768e+01,2.428299638743932292e+02,0.000000000000000000e+00,0.000000000000000000e+00,0.000000000000000000e+00
1.883800000000000000e+04,8.800000000000000000e+01,2.657000000000000000e+03,1.400000000000000000e+01,1.521674316406250000e+03,5.956817626953125000e+02,9.583752751350402832e-01,1.526048339843750000e+03,5.913078002929687500e+02,9.703848361968994141e-01,1.517300415039062500e+03,5.913078002929687500e+02,9.746121168136596680e-01,1.530422241210937500e+03,5.934948120117187500e+02,9.407789111137390137e-01,1.510739501953125000e+03,5.934948120117187500e+02,9.219077229499816895e-01,1.539170166015625000e+03,6.197385253906250000e+02,8.955770730972290039e-01,1.497617553710937500e+03,6.219254760742187500e+02,9.513120055198669434e-01,1.541357177734375000e+03,6.591040649414062500e+02,9.540588855743408203e-01,1.491056640625000000e+03,6.591040649414062500e+02,9.331466555595397949e-01,1.545731079101562500e+03,6.919087524414062500e+02,9.035614728927612305e-01,1.491056640625000000e+03,6.919087524414062500e+02,9.296547770500183105e-01,1.530422241210937500e+03,6.919087524414062500e+02,9.045546650886535645e-01,1.504178466796875000e+03,6.919087524414062500e+02,9.698979258537292480e-01,1.528235229492187500e+03,7.400222167968750000e+02,9.533862471580505371e-01,1.506365478515625000e+03,7.378352050781250000e+02,8.639765381813049316e-01,1.521674316406250000e+03,7.837617187500000000e+02,9.548838734626770020e-01,1.495430664062500000e+03,7.772008056640625000e+02,9.078165888786315918e-01,1.521674316406250000e+03,5.781859741210937500e+02,9.198645353317260742e-01,1.519487304687500000e+03,6.088036499023437500e+02,9.541109204292297363e-01,1.517300415039062500e+03,6.919087524414062500e+02,9.555985331535339355e-01,1.528235229492187500e+03,7.990705566406250000e+02,8.642614483833312988e-01,1.499804565429687500e+03,7.946965942382812500e+02,9.153058528900146484e-01,1.532609252929687500e+03,7.968836059570312500e+02,9.174137115478515625e-01,1.493243652343750000e+03,7.946965942382812500e+02,8.934440016746520996e-01,1.517300415039062500e+03,7.925096435546875000e+02,8.588114976882934570e-01,1.493243652343750000e+03,7.772008056640625000e+02,8.641986846923828125e-01,1.482658285926695726e+03,5.735425138850357598e+02,7.223033475930901659e+01,2.318828539962270270e+02,0.000000000000000000e+00,0.000000000000000000e+00,0.000000000000000000e+00
1.883900000000000000e+04,8.800000000000000000e+01,2.657000000000000000e+03,1.500000000000000000e+01,1.525964965820312500e+03,5.937585449218750000e+02,9.513168334960937500e-01,1.530941650390625000e+03,5.887818603515625000e+02,9.443354010581970215e-01,1.520988281250000000e+03,5.887818603515625000e+02,9.740362167358398438e-01,1.533429931640625000e+03,5.937585449218750000e+02,9.308564066886901855e-01,1.513523193359375000e+03,5.912702026367187500e+02,9.313988089561462402e-01,1.540894897460937500e+03,6.211301879882812500e+02,8.887193202972412109e-01,1.503569946289062500e+03,6.211301879882812500e+02,9.730852842330932617e-01,1.543383300781250000e+03,6.559669189453125000e+02,9.130873084068298340e-01,1.496104858398437500e+03,6.584552001953125000e+02,9.686728715896606445e-01,1.550848266601562500e+03,6.908035888671875000e+02,9.156985878944396973e-01,1.493616577148437500e+03,6.883152465820312500e+02,8.794299960136413574e-01,1.530941650390625000e+03,6.908035888671875000e+02,9.385944604873657227e-01,1.508546630859375000e+03,6.908035888671875000e+02,9.314135909080505371e-01,1.528453247070312500e+03,7.380819091796875000e+02,9.003142714500427246e-01,1.508546630859375000e+03,7.405702514648437500e+02,8.298263549804687500e-01,1.520988281250000000e+03,7.828719482421875000e+02,9.495227336883544922e-01,1.503569946289062500e+03,7.754069824218750000e+02,8.845694661140441895e-01,1.525964965820312500e+03,5.763402099609375000e+02,9.152700304985046387e-01,1.523476562500000000e+03,6.086885375976562500e+02,9.664365053176879883e-01,1.520988281250000000e+03,6.908035888671875000e+02,9.171714186668395996e-01,1.528453247070312500e+03,8.002902832031250000e+02,8.239627480506896973e-01,1.508546630859375000e+03,7.978019409179687500e+02,9.414698481559753418e-01,1.533429931640625000e+03,7.978019409179687500e+02,8.874443769454956055e-01,1.498593261718750000e+03,7.953136596679687500e+02,9.192841053009033203e-01,1.518499877929687500e+03,7.903369750976562500e+02,8.897050619125366211e-01,1.501081542968750000e+03,7.778952636718750000e+02,8.475697040557861328e-01,1.483506327866925403e+03,5.705338559283197810e+02,7.729027247697081293e+01,2.478193817999871271e+02,0.000000000000000000e+00,0.000000000000000000e+00,0.000000000000000000e+00
1.884000000000000000e+04,8.800000000000000000e+01,2.659000000000000000e+03,1.600000000000000000e+01,1.529875854492187500e+03,5.919645385742187500e+02,9.453403353691101074e-01,1.532445678710937500e+03,5.868249511718750000e+02,9.456186890602111816e-01,1.524736328125000000e+03,5.868249511718750000e+02,9.567916989326477051e-01,1.537585205078125000e+03,5.919645385742187500e+02,9.377937316894531250e-01,1.517026977539062500e+03,5.919645385742187500e+02,9.449794888496398926e-01,1.542724731445312500e+03,6.202320556640625000e+02,9.097873568534851074e-01,1.504178100585937500e+03,6.228018188476562500e+02,9.497440457344055176e-01,1.545294555664062500e+03,6.562089233398437500e+02,8.952712416648864746e-01,1.499038574218750000e+03,6.587786865234375000e+02,9.665331244468688965e-01,1.553003784179687500e+03,6.870462646484375000e+02,9.160666465759277344e-01,1.496468750000000000e+03,6.896160278320312500e+02,9.249933362007141113e-01,1.532445678710937500e+03,6.870462646484375000e+02,9.148356914520263672e-01,1.511887451171875000e+03,6.870462646484375000e+02,9.110808968544006348e-01,1.527306030273437500e+03,7.358720092773437500e+02,9.405657052993774414e-01,1.519596801757812500e+03,7.307324218750000000e+02,8.223205804824829102e-01,1.519596801757812500e+03,7.821279296875000000e+02,9.084231257438659668e-01,1.514457153320312500e+03,7.744186401367187500e+02,7.297722697257995605e-01,1.527306030273437500e+03,5.739760742187500000e+02,9.209094047546386719e-01,1.524736328125000000e+03,6.073831787109375000e+02,9.415905475616455078e-01,1.522166503906250000e+03,6.870462646484375000e+02,9.552891850471496582e-01,1.527306030273437500e+03,7.975466308593750000e+02,8.687483668327331543e-01,1.517026977539062500e+03,7.949768066406250000e+02,6.601022481918334961e-01,1.532445678710937500e+03,7.975466308593750000e+02,9.279357790946960449e-01,1.509317626953125000e+03,7.924070434570312500e+02,7.094488739967346191e-01,1.511887451171875000e+03,7.872675170898437500e+02,8.779971599578857422e-01,1.509317626953125000e+03,7.795581665039062500e+02,7.323031425476074219e-01,1.484209854717970757e+03,5.677927696231095069e+02,7.987307023089397262e+01,2.589231033484049931e+02,0.000000000000000000e+00,0.000000000000000000e+00,0.000000000000000000e+00
1.884100000000000000e+04,8.800000000000000000e+01,2.648000000000000000e+03,1.700000000000000000e+01,1.532863037109375000e+03,5.929036254882812500e+02,9.488974809646606445e-01,1.535269409179687500e+03,5.880908813476562500e+02,9.585703611373901367e-01,1.528050292968750000e+03,5.880908813476562500e+02,9.590185284614562988e-01,1.540082153320312500e+03,5.929036254882812500e+02,9.240372776985168457e-01,1.518424926757812500e+03,5.904972534179687500e+02,9.293347001075744629e-01,1.544894897460937500e+03,6.193735961914062500e+02,9.048833250999450684e-01,1.506393066406250000e+03,6.193735961914062500e+02,9.382141828536987305e-01,1.552113891601562500e+03,6.554689941406250000e+02,9.243948459625244141e-01,1.501580444335937500e+03,6.554689941406250000e+02,9.160701632499694824e-01,1.559333007812500000e+03,6.867516479492187500e+02,8.794007301330566406e-01,1.496767700195312500e+03,6.891580200195312500e+02,8.805230855941772461e-01,1.537675781250000000e+03,6.843452758789062500e+02,8.916120529174804688e-01,1.513612182617187500e+03,6.867516479492187500e+02,8.595195412635803223e-01,1.530456665039062500e+03,7.372852172851562500e+02,8.073120713233947754e-01,1.520831298828125000e+03,7.324724731445312500e+02,7.493547201156616211e-01,1.520831298828125000e+03,7.830060424804687500e+02,9.221096634864807129e-01,1.520831298828125000e+03,7.733805541992187500e+02,7.044402956962585449e-01,1.530456665039062500e+03,5.760590820312500000e+02,9.501727223396301270e-01,1.528050292968750000e+03,6.073417968750000000e+02,9.384030699729919434e-01,1.525644042968750000e+03,6.843452758789062500e+02,9.358147382736206055e-01,1.528050292968750000e+03,7.998505249023437500e+02,8.530592918395996094e-01,1.525644042968750000e+03,7.830060424804687500e+02,4.099783003330230713e-01,1.532863037109375000e+03,7.974441528320312500e+02,9.090999364852905273e-01,1.518424926757812500e+03,7.854123535156250000e+02,3.550430834293365479e-01,1.516018554687500000e+03,7.926314697265625000e+02,9.507933259010314941e-01,1.518424926757812500e+03,7.805996704101562500e+02,4.655220508575439453e-01,1.487989120074620814e+03,5.637545237426797939e+02,7.801192243676541693e+01,2.524694759303276896e+02,0.000000000000000000e+00,0.000000000000000000e+00,0.000000000000000000e+00
1.884200000000000000e+04,8.800000000000000000e+01,2.651000000000000000e+03,1.800000000000000000e+01,1.535265014648437500e+03,5.930137939453125000e+02,9.327415227890014648e-01,1.537550781250000000e+03,5.884421997070312500e+02,9.336444139480590820e-01,1.530693481445312500e+03,5.884421997070312500e+02,9.375120401382446289e-01,1.542122436523437500e+03,5.907280273437500000e+02,9.256317019462585449e-01,1.523836059570312500e+03,5.907280273437500000e+02,9.322253465652465820e-01,1.548979736328125000e+03,6.204432983398437500e+02,8.912497162818908691e-01,1.510121337890625000e+03,6.204432983398437500e+02,9.572636485099792480e-01,1.555837158203125000e+03,6.570159912109375000e+02,9.138101339340209961e-01,1.503263916015625000e+03,6.593017578125000000e+02,9.273394346237182617e-01,1.562694580078125000e+03,6.890170898437500000e+02,9.151613712310791016e-01,1.500978149414062500e+03,6.913028564453125000e+02,9.092243313789367676e-01,1.539836547851562500e+03,6.867312622070312500e+02,8.567774891853332520e-01,1.516978637695312500e+03,6.867312622070312500e+02,8.299448490142822266e-01,1.530693481445312500e+03,7.370186767578125000e+02,8.296940922737121582e-01,1.521550292968750000e+03,7.347329101562500000e+02,7.706391215324401855e-01,1.523836059570312500e+03,7.827345581054687500e+02,8.374422788619995117e-01,1.526121826171875000e+03,7.781629638671875000e+02,6.544266343116760254e-01,1.532979248046875000e+03,5.747274780273437500e+02,9.429755806922912598e-01,1.530693481445312500e+03,6.067285766601562500e+02,9.537812471389770508e-01,1.528407592773437500e+03,6.867312622070312500e+02,9.239146709442138672e-01,1.532979248046875000e+03,8.033066406250000000e+02,8.228082060813903809e-01,1.535265014648437500e+03,7.964492797851562500e+02,4.768950045108795166e-01,1.537550781250000000e+03,7.987351074218750000e+02,9.480777382850646973e-01,1.528407592773437500e+03,7.941635131835937500e+02,4.835596978664398193e-01,1.519264526367187500e+03,7.918776855468750000e+02,8.712659478187561035e-01,1.519264526367187500e+03,7.850203247070312500e+02,4.634068608283996582e-01,1.492218383873909033e+03,5.662938197361457924e+02,7.503036207545255820e+01,2.415409867547703016e+02,0.000000000000000000e+00,0.000000000000000000e+00,0.000000000000000000e+00
1.884300000000000000e+04,8.800000000000000000e+01,2.653000000000000000e+03,1.900000000000000000e+01,1.538067993164062500e+03,5.939851074218750000e+02,9.565312862396240234e-01,1.540418701171875000e+03,5.892838134765625000e+02,9.627110958099365234e-01,1.533366699218750000e+03,5.892838134765625000e+02,9.576933383941650391e-01,1.545119873046875000e+03,5.916344604492187500e+02,9.405122995376586914e-01,1.526314819335937500e+03,5.916344604492187500e+02,9.116228222846984863e-01,1.552171875000000000e+03,6.198421630859375000e+02,9.274398088455200195e-01,1.512210937500000000e+03,6.221927490234375000e+02,9.795030355453491211e-01,1.559223754882812500e+03,6.551017456054687500e+02,9.218374490737915039e-01,1.505159057617187500e+03,6.574523925781250000e+02,9.269508123397827148e-01,1.566275634765625000e+03,6.856600341796875000e+02,9.239363670349121094e-01,1.505159057617187500e+03,6.927119750976562500e+02,9.355604052543640137e-01,1.542769287109375000e+03,6.856600341796875000e+02,8.882190585136413574e-01,1.521613525390625000e+03,6.856600341796875000e+02,8.828086853027343750e-01,1.533366699218750000e+03,7.350234375000000000e+02,8.907837271690368652e-01,1.528665405273437500e+03,7.326728515625000000e+02,8.560175895690917969e-01,1.523964111328125000e+03,7.796856079101562500e+02,9.674423336982727051e-01,1.535717407226562500e+03,7.820362548828125000e+02,8.147565722465515137e-01,1.535717407226562500e+03,5.751799926757812500e+02,9.109580516815185547e-01,1.533366699218750000e+03,6.080889282226562500e+02,9.284480810165405273e-01,1.531016113281250000e+03,6.856600341796875000e+02,9.478611946105957031e-01,1.516912231445312500e+03,7.961400756835937500e+02,8.807178139686584473e-01,1.547470581054687500e+03,7.984907226562500000e+02,8.438155651092529297e-01,1.523964111328125000e+03,7.961400756835937500e+02,8.604969382286071777e-01,1.540418701171875000e+03,8.008413696289062500e+02,8.552946448326110840e-01,1.521613525390625000e+03,7.867375488281250000e+02,8.877111077308654785e-01,1.535717407226562500e+03,7.890881958007812500e+02,8.337703943252563477e-01,1.494759065824711570e+03,5.722258490233690509e+02,7.526278784077589989e+01,2.416224888982957282e+02,0.000000000000000000e+00,0.000000000000000000e+00,0.000000000000000000e+00
1.884400000000000000e+04,8.800000000000000000e+01,2.657000000000000000e+03,2.000000000000000000e+01,1.541413452148437500e+03,5.955802612304687500e+02,9.526906013488769531e-01,1.543739013671875000e+03,5.909288940429687500e+02,9.610638618469238281e-01,1.536762084960937500e+03,5.909288940429687500e+02,9.555496573448181152e-01,1.548390380859375000e+03,5.932545776367187500e+02,9.260671138763427734e-01,1.527459472656250000e+03,5.932545776367187500e+02,9.200510382652282715e-01,1.553041748046875000e+03,6.188369140625000000e+02,9.110367894172668457e-01,1.515831054687500000e+03,6.211625366210937500e+02,9.708719253540039062e-01,1.562344360351562500e+03,6.513962402343750000e+02,8.943575620651245117e-01,1.508854125976562500e+03,6.606989135742187500e+02,8.999701738357543945e-01,1.569321411132812500e+03,6.816298828125000000e+02,9.001926183700561523e-01,1.506528442382812500e+03,6.955838623046875000e+02,9.002544283866882324e-01,1.543739013671875000e+03,6.862811889648437500e+02,8.674786090850830078e-01,1.522808105468750000e+03,6.862811889648437500e+02,8.929651379585266113e-01,1.534436401367187500e+03,7.351201782226562500e+02,8.609573841094970703e-01,1.532110717773437500e+03,7.351201782226562500e+02,8.569539785385131836e-01,1.522808105468750000e+03,7.816334838867187500e+02,9.535900354385375977e-01,1.546064697265625000e+03,7.816334838867187500e+02,8.875039815902709961e-01,1.539087768554687500e+03,5.769749145507812500e+02,9.006574153900146484e-01,1.536762084960937500e+03,6.095342407226562500e+02,9.341951608657836914e-01,1.534436401367187500e+03,6.862811889648437500e+02,9.296001195907592773e-01,1.525133789062500000e+03,7.979131469726562500e+02,8.692341446876525879e-01,1.557693115234375000e+03,7.955875244140625000e+02,8.700420260429382324e-01,1.529785034179687500e+03,7.955875244140625000e+02,8.748583793640136719e-01,1.553041748046875000e+03,7.979131469726562500e+02,8.733959794044494629e-01,1.518156738281250000e+03,7.886104736328125000e+02,8.787478208541870117e-01,1.546064697265625000e+03,7.909361572265625000e+02,7.437282800674438477e-01,1.497953592245213486e+03,5.756176220054960595e+02,7.515636131937048958e+01,2.399175960150133733e+02,0.000000000000000000e+00,0.000000000000000000e+00,0.000000000000000000e+00
1.884500000000000000e+04,8.800000000000000000e+01,2.657000000000000000e+03,2.100000000000000000e+01,1.543214355468750000e+03,5.962210083007812500e+02,9.114097952842712402e-01,1.547949951171875000e+03,5.914854125976562500e+02,9.498560428619384766e-01,1.538478759765625000e+03,5.914854125976562500e+02,9.259760975837707520e-01,1.552685546875000000e+03,5.962210083007812500e+02,9.343742132186889648e-01,1.531375488281250000e+03,5.938532104492187500e+02,9.184123873710632324e-01,1.557421142578125000e+03,6.222667236328125000e+02,9.458553194999694824e-01,1.519536499023437500e+03,6.222667236328125000e+02,9.228484034538269043e-01,1.564524536132812500e+03,6.506802368164062500e+02,9.159655570983886719e-01,1.512433105468750000e+03,6.601513671875000000e+02,9.229798913002014160e-01,1.573995727539062500e+03,6.790937500000000000e+02,9.094715118408203125e-01,1.510065307617187500e+03,6.933004760742187500e+02,8.774170279502868652e-01,1.547949951171875000e+03,6.861970825195312500e+02,8.789396286010742188e-01,1.524272094726562500e+03,6.861970825195312500e+02,8.868401050567626953e-01,1.536111083984375000e+03,7.359207763671875000e+02,8.607928156852722168e-01,1.536111083984375000e+03,7.359207763671875000e+02,8.969691395759582520e-01,1.521904296875000000e+03,7.832766113281250000e+02,9.517311453819274902e-01,1.552685546875000000e+03,7.832766113281250000e+02,9.397157430648803711e-01,1.543214355468750000e+03,5.796464233398437500e+02,9.325231313705444336e-01,1.540846557617187500e+03,6.104277343750000000e+02,9.603750705718994141e-01,1.536111083984375000e+03,6.861970825195312500e+02,9.366242885589599609e-01,1.529007690429687500e+03,7.998511352539062500e+02,9.065166115760803223e-01,1.564524536132812500e+03,7.951156005859375000e+02,8.654051423072814941e-01,1.533743286132812500e+03,7.974833374023437500e+02,9.044122099876403809e-01,1.559788940429687500e+03,7.974833374023437500e+02,8.543811440467834473e-01,1.519536499023437500e+03,7.903800048828125000e+02,8.982474207878112793e-01,1.555053344726562500e+03,7.903800048828125000e+02,8.175220489501953125e-01,1.499429138423909080e+03,5.755700459069221324e+02,7.658816573745002643e+01,2.420540695168997445e+02,0.000000000000000000e+00,0.000000000000000000e+00,0.000000000000000000e+00
1.884600000000000000e+04,8.800000000000000000e+01,2.665000000000000000e+03,2.200000000000000000e+01,1.548172607421875000e+03,5.960552978515625000e+02,9.283710718154907227e-01,1.550508789062500000e+03,5.913830566406250000e+02,9.546781778335571289e-01,1.541164306640625000e+03,5.913830566406250000e+02,9.283760786056518555e-01,1.555181030273437500e+03,5.960552978515625000e+02,9.503224492073059082e-01,1.534155883789062500e+03,5.960552978515625000e+02,9.456200003623962402e-01,1.559853271484375000e+03,6.240887451171875000e+02,9.342165589332580566e-01,1.522475341796875000e+03,6.264248657226562500e+02,9.154609441757202148e-01,1.566861572265625000e+03,6.497861328125000000e+02,9.350544214248657227e-01,1.513130859375000000e+03,6.614667358398437500e+02,9.094980955123901367e-01,1.576206176757812500e+03,6.754834594726562500e+02,9.457015991210937500e-01,1.508458496093750000e+03,6.941724243164062500e+02,8.618053197860717773e-01,1.548172607421875000e+03,6.918363037109375000e+02,8.486943244934082031e-01,1.524811401367187500e+03,6.918363037109375000e+02,8.250808715820312500e-01,1.536492065429687500e+03,7.385587768554687500e+02,8.647598624229431152e-01,1.541164306640625000e+03,7.362226562500000000e+02,8.940813541412353516e-01,1.522475341796875000e+03,7.852812500000000000e+02,9.584512710571289062e-01,1.557517089843750000e+03,7.852812500000000000e+02,9.122706055641174316e-01,1.543500366210937500e+03,5.797023925781250000e+02,9.184224605560302734e-01,1.543500366210937500e+03,6.124081420898437500e+02,9.417259693145751953e-01,1.536492065429687500e+03,6.895001831054687500e+02,8.708299994468688965e-01,1.529483642578125000e+03,8.016340942382812500e+02,8.826683163642883301e-01,1.569197753906250000e+03,7.969618530273437500e+02,8.590630292892456055e-01,1.534155883789062500e+03,7.969618530273437500e+02,8.702857494354248047e-01,1.564525512695312500e+03,7.992979736328125000e+02,8.566377162933349609e-01,1.520139160156250000e+03,7.922896118164062500e+02,8.907852768898010254e-01,1.559853271484375000e+03,7.946257324218750000e+02,8.095086216926574707e-01,1.501787515511437732e+03,5.771651718063963017e+02,7.686960413846190932e+01,2.406799384238395305e+02,0.000000000000000000e+00,0.000000000000000000e+00,0.000000000000000000e+00
1.884700000000000000e+04,8.800000000000000000e+01,2.659000000000000000e+03,2.300000000000000000e+01,1.549321655273437500e+03,5.959578247070312500e+02,9.472757577896118164e-01,1.554095092773437500e+03,5.935710449218750000e+02,9.654963016510009766e-01,1.544548095703125000e+03,5.935710449218750000e+02,9.581404924392700195e-01,1.556481811523437500e+03,5.959578247070312500e+02,9.686455130577087402e-01,1.537387817382812500e+03,5.959578247070312500e+02,9.360796809196472168e-01,1.563642089843750000e+03,6.245988159179687500e+02,9.029488563537597656e-01,1.523067382812500000e+03,6.245988159179687500e+02,9.562607407569885254e-01,1.568415649414062500e+03,6.508530883789062500e+02,8.897170424461364746e-01,1.515907104492187500e+03,6.627868652343750000e+02,8.718804121017456055e-01,1.577962646484375000e+03,6.723338623046875000e+02,9.343368411064147949e-01,1.511133544921875000e+03,6.962014160156250000e+02,8.931686282157897949e-01,1.551708374023437500e+03,6.890411376953125000e+02,8.582409620285034180e-01,1.530227661132812500e+03,6.914279174804687500e+02,8.509380817413330078e-01,1.537387817382812500e+03,7.391629028320312500e+02,7.991414666175842285e-01,1.546934814453125000e+03,7.367761840820312500e+02,8.839721083641052246e-01,1.523067382812500000e+03,7.821244506835937500e+02,9.648402333259582520e-01,1.558868652343750000e+03,7.892847290039062500e+02,8.801819086074829102e-01,1.546934814453125000e+03,5.792505493164062500e+02,9.372053146362304688e-01,1.546934814453125000e+03,6.126651000976562500e+02,9.697223901748657227e-01,1.539774658203125000e+03,6.890411376953125000e+02,8.714476227760314941e-01,1.527840820312500000e+03,7.988317260742187500e+02,8.544136285781860352e-01,1.573189086914062500e+03,7.988317260742187500e+02,8.878192305564880371e-01,1.532614379882812500e+03,7.964449462890625000e+02,9.024780392646789551e-01,1.568415649414062500e+03,8.012185058593750000e+02,9.260520339012145996e-01,1.518293823242187500e+03,7.892847290039062500e+02,8.858012557029724121e-01,1.561255371093750000e+03,7.964449462890625000e+02,7.796754837036132812e-01,1.503988264333900361e+03,5.758809935782393268e+02,7.856529466141637386e+01,2.435201691272874314e+02,0.000000000000000000e+00,0.000000000000000000e+00,0.000000000000000000e+00
1.884800000000000000e+04,8.800000000000000000e+01,2.666000000000000000e+03,2.400000000000000000e+01,1.551396728515625000e+03,5.948764038085937500e+02,9.451297521591186523e-01,1.556284790039062500e+03,5.899883422851562500e+02,9.399278163909912109e-01,1.546508666992187500e+03,5.899883422851562500e+02,9.538614153861999512e-01,1.561172851562500000e+03,5.948764038085937500e+02,9.513403773307800293e-01,1.539176635742187500e+03,5.924323730468750000e+02,9.374754428863525391e-01,1.566060913085937500e+03,6.242047729492187500e+02,9.214329719543457031e-01,1.526956420898437500e+03,6.242047729492187500e+02,9.147247672080993652e-01,1.570948974609375000e+03,6.510890502929687500e+02,8.867248296737670898e-01,1.519624389648437500e+03,6.633092041015625000e+02,8.918929100036621094e-01,1.578281005859375000e+03,6.706412963867187500e+02,9.000648260116577148e-01,1.514736328125000000e+03,6.975255737304687500e+02,8.841335177421569824e-01,1.553840820312500000e+03,6.926375732421875000e+02,8.617316484451293945e-01,1.529400512695312500e+03,6.950816040039062500e+02,8.321642279624938965e-01,1.544064697265625000e+03,7.415181274414062500e+02,7.210177183151245117e-01,1.544064697265625000e+03,7.390740966796875000e+02,7.064352035522460938e-01,1.524512451171875000e+03,7.806225585937500000e+02,8.036251664161682129e-01,1.563616943359375000e+03,7.903986816406250000e+02,7.324003577232360840e-01,1.551396728515625000e+03,5.777682495117187500e+02,9.294968843460083008e-01,1.548952758789062500e+03,6.119846191406250000e+02,9.590806365013122559e-01,1.541620605468750000e+03,6.926375732421875000e+02,8.820225000381469727e-01,1.531844482421875000e+03,7.977307739257812500e+02,7.514528036117553711e-01,1.573392944335937500e+03,8.050628662109375000e+02,8.940329551696777344e-01,1.534288574218750000e+03,7.952867431640625000e+02,7.254695892333984375e-01,1.568505004882812500e+03,8.050628662109375000e+02,8.662586808204650879e-01,1.522068359375000000e+03,7.855106201171875000e+02,8.241659998893737793e-01,1.561172851562500000e+03,7.952867431640625000e+02,7.672340273857116699e-01,1.503952144515773398e+03,5.727542266771728237e+02,8.006790582752910268e+01,2.484026177849920032e+02,0.000000000000000000e+00,0.000000000000000000e+00,0.000000000000000000e+00
1.884900000000000000e+04,8.800000000000000000e+01,2.658000000000000000e+03,2.500000000000000000e+01,1.554980590820312500e+03,5.934570922851562500e+02,9.479393362998962402e-01,1.559586425781250000e+03,5.911541748046875000e+02,9.502122402191162109e-01,1.550374877929687500e+03,5.888513183593750000e+02,9.634939432144165039e-01,1.564192138671875000e+03,5.934570922851562500e+02,9.429023861885070801e-01,1.543466186523437500e+03,5.911541748046875000e+02,9.449974298477172852e-01,1.566495117187500000e+03,6.210917358398437500e+02,8.786833286285400391e-01,1.529648925781250000e+03,6.233945922851562500e+02,9.099763631820678711e-01,1.573403686523437500e+03,6.487263793945312500e+02,8.689717650413513184e-01,1.522740234375000000e+03,6.602407836914062500e+02,8.258923888206481934e-01,1.582615234375000000e+03,6.694523315429687500e+02,8.880705237388610840e-01,1.518134399414062500e+03,6.970869750976562500e+02,8.726099729537963867e-01,1.557283569335937500e+03,6.878754272460937500e+02,8.068657517433166504e-01,1.531951782226562500e+03,6.878754272460937500e+02,8.243026733398437500e-01,1.550374877929687500e+03,7.385389404296875000e+02,7.833614945411682129e-01,1.541163330078125000e+03,7.362360839843750000e+02,5.174993872642517090e-01,1.527345947265625000e+03,7.799909057617187500e+02,5.958485603332519531e-01,1.561889282226562500e+03,7.892024536132812500e+02,6.447002887725830078e-01,1.554980590820312500e+03,5.773368530273437500e+02,9.523101449012756348e-01,1.550374877929687500e+03,6.095772705078125000e+02,9.445927143096923828e-01,1.543466186523437500e+03,6.878754272460937500e+02,8.610571622848510742e-01,1.529648925781250000e+03,7.984140014648437500e+02,6.286172270774841309e-01,1.573403686523437500e+03,8.076255493164062500e+02,6.146750450134277344e-01,1.534254638671875000e+03,7.961111450195312500e+02,6.086183786392211914e-01,1.566495117187500000e+03,8.053226928710937500e+02,5.777458548545837402e-01,1.527345947265625000e+03,7.822938232421875000e+02,6.778097748756408691e-01,1.561889282226562500e+03,7.915053710937500000e+02,6.729863882064819336e-01,1.507639846307903326e+03,5.760531562295191179e+02,7.837424552398465494e+01,2.407668127427240279e+02,0.000000000000000000e+00,0.000000000000000000e+00,0.000000000000000000e+00
1.885000000000000000e+04,8.800000000000000000e+01,2.659000000000000000e+03,2.600000000000000000e+01,1.559495361328125000e+03,5.917615356445312500e+02,9.346354007720947266e-01,1.561876098632812500e+03,5.870001831054687500e+02,9.106186628341674805e-01,1.554734008789062500e+03,5.870001831054687500e+02,9.354692697525024414e-01,1.566637451171875000e+03,5.917615356445312500e+02,9.005718827247619629e-01,1.545211303710937500e+03,5.917615356445312500e+02,9.421234726905822754e-01,1.569018066406250000e+03,6.203296508789062500e+02,8.939806222915649414e-01,1.533307983398437500e+03,6.203296508789062500e+02,8.897246122360229492e-01,1.576160156250000000e+03,6.488978271484375000e+02,9.037508368492126465e-01,1.521404541015625000e+03,6.584205322265625000e+02,8.684452772140502930e-01,1.583302246093750000e+03,6.703239135742187500e+02,9.198628664016723633e-01,1.519023803710937500e+03,6.941306762695312500e+02,8.718532323837280273e-01,1.559495361328125000e+03,6.869886474609375000e+02,8.362483382225036621e-01,1.535688598632812500e+03,6.869886474609375000e+02,8.805357217788696289e-01,1.549972656250000000e+03,7.346022338867187500e+02,6.942262053489685059e-01,1.549972656250000000e+03,7.346022338867187500e+02,7.317156195640563965e-01,1.530927246093750000e+03,7.774544677734375000e+02,8.426341414451599121e-01,1.561876098632812500e+03,7.893578491210937500e+02,8.124104142189025879e-01,1.557114746093750000e+03,5.750967407226562500e+02,9.403398633003234863e-01,1.552353393554687500e+03,6.084262695312500000e+02,9.603202342987060547e-01,1.547592041015625000e+03,6.846079711914062500e+02,8.935238122940063477e-01,1.530927246093750000e+03,7.988805541992187500e+02,8.708209395408630371e-01,1.571398803710937500e+03,8.060225830078125000e+02,8.155631422996520996e-01,1.535688598632812500e+03,7.964998779296875000e+02,8.492311239242553711e-01,1.566637451171875000e+03,8.060225830078125000e+02,8.204161524772644043e-01,1.533307983398437500e+03,7.822158203125000000e+02,8.892220854759216309e-01,1.561876098632812500e+03,7.941192016601562500e+02,8.176864981651306152e-01,1.509215533419707754e+03,5.742988148799105375e+02,7.962073842209656505e+01,2.430085368565664794e+02,0.000000000000000000e+00,0.000000000000000000e+00,0.000000000000000000e+00
1.885100000000000000e+04,8.800000000000000000e+01,2.658000000000000000e+03,2.700000000000000000e+01,1.560965454101562500e+03,5.905119628906250000e+02,9.349259138107299805e-01,1.563385009765625000e+03,5.856727294921875000e+02,9.069375991821289062e-01,1.556126220703125000e+03,5.856727294921875000e+02,9.326961040496826172e-01,1.568224243164062500e+03,5.905119628906250000e+02,9.151322841644287109e-01,1.546447875976562500e+03,5.880923461914062500e+02,9.350192546844482422e-01,1.573063354492187500e+03,6.171275024414062500e+02,9.051822423934936523e-01,1.534349853515625000e+03,6.195471191406250000e+02,9.024084806442260742e-01,1.580322143554687500e+03,6.485822753906250000e+02,9.436775445938110352e-01,1.524671508789062500e+03,6.582606201171875000e+02,8.671868443489074707e-01,1.587580932617187500e+03,6.727781982421875000e+02,9.017123579978942871e-01,1.519832275390625000e+03,6.945545654296875000e+02,9.169529080390930176e-01,1.563385009765625000e+03,6.872957763671875000e+02,8.991925716400146484e-01,1.539189086914062500e+03,6.872957763671875000e+02,8.727778792381286621e-01,1.560965454101562500e+03,7.381072998046875000e+02,8.751747012138366699e-01,1.553706665039062500e+03,7.381072998046875000e+02,7.710744142532348633e-01,1.539189086914062500e+03,7.719816894531250000e+02,8.188474178314208984e-01,1.563385009765625000e+03,7.913384399414062500e+02,8.509572148323059082e-01,1.558545776367187500e+03,5.735747680664062500e+02,9.238209724426269531e-01,1.556126220703125000e+03,6.050295410156250000e+02,9.373134374618530273e-01,1.551286987304687500e+03,6.872957763671875000e+02,9.205335378646850586e-01,1.534349853515625000e+03,7.961776123046875000e+02,9.743483662605285645e-01,1.570643798828125000e+03,8.058560180664062500e+02,9.093059897422790527e-01,1.539189086914062500e+03,7.961776123046875000e+02,9.505535960197448730e-01,1.565804565429687500e+03,8.058560180664062500e+02,8.539147973060607910e-01,1.536769409179687500e+03,7.768208618164062500e+02,8.909398317337036133e-01,1.563385009765625000e+03,7.961776123046875000e+02,7.996131777763366699e-01,1.511465024246884241e+03,5.662584321315561056e+02,8.148941069030911422e+01,2.464403843978045643e+02,0.000000000000000000e+00,0.000000000000000000e+00,0.000000000000000000e+00
1.885200000000000000e+04,8.800000000000000000e+01,2.659000000000000000e+03,2.800000000000000000e+01,1.563529907226562500e+03,5.877586669921875000e+02,9.522480964660644531e-01,1.566094482421875000e+03,5.826293334960937500e+02,9.551755785942077637e-01,1.558400512695312500e+03,5.826293334960937500e+02,9.557272195816040039e-01,1.571223876953125000e+03,5.851940307617187500e+02,9.056793451309204102e-01,1.550706420898437500e+03,5.877586669921875000e+02,9.238191246986389160e-01,1.576353271484375000e+03,6.134054565429687500e+02,9.083796143531799316e-01,1.537883056640625000e+03,6.185348510742187500e+02,8.982197046279907227e-01,1.584047241210937500e+03,6.493109741210937500e+02,9.338833093643188477e-01,1.532753662109375000e+03,6.570050048828125000e+02,9.349652528762817383e-01,1.589176635742187500e+03,6.800871582031250000e+02,9.209457039833068848e-01,1.525059692382812500e+03,6.954752197265625000e+02,9.401301741600036621e-01,1.568659179687500000e+03,6.852164916992187500e+02,8.912444114685058594e-01,1.545577148437500000e+03,6.852164916992187500e+02,8.819749951362609863e-01,1.568659179687500000e+03,7.390747680664062500e+02,7.771703004837036133e-01,1.558400512695312500e+03,7.390747680664062500e+02,7.693088650703430176e-01,1.550706420898437500e+03,7.647215576171875000e+02,7.851176857948303223e-01,1.563529907226562500e+03,7.878036499023437500e+02,7.611113190650939941e-01,1.558400512695312500e+03,5.698059082031250000e+02,9.302794933319091797e-01,1.558400512695312500e+03,6.057114257812500000e+02,9.346746802330017090e-01,1.555835815429687500e+03,6.852164916992187500e+02,9.255255460739135742e-01,1.545577148437500000e+03,7.929330444335937500e+02,9.756826758384704590e-01,1.571223876953125000e+03,8.057564086914062500e+02,8.370075225830078125e-01,1.548141845703125000e+03,7.929330444335937500e+02,8.921495676040649414e-01,1.566094482421875000e+03,8.057564086914062500e+02,8.646243810653686523e-01,1.548141845703125000e+03,7.647215576171875000e+02,7.439766526222229004e-01,1.560965209960937500e+03,7.929330444335937500e+02,7.171130776405334473e-01,1.513726713492787894e+03,5.586255914310452226e+02,8.525697121284747482e+01,2.574528940225624183e+02,0.000000000000000000e+00,0.000000000000000000e+00,0.000000000000000000e+00
1.885300000000000000e+04,8.800000000000000000e+01,2.668000000000000000e+03,2.900000000000000000e+01,1.567130493164062500e+03,5.858756713867187500e+02,9.675759077072143555e-01,1.569909301757812500e+03,5.830969238281250000e+02,9.536290168762207031e-01,1.561573120117187500e+03,5.830969238281250000e+02,9.640417098999023438e-01,1.572687988281250000e+03,5.858756713867187500e+02,9.091421961784362793e-01,1.550458129882812500e+03,5.858756713867187500e+02,9.207759499549865723e-01,1.578245483398437500e+03,6.164417114257812500e+02,9.048685431480407715e-01,1.539343261718750000e+03,6.164417114257812500e+02,9.334167242050170898e-01,1.586581665039062500e+03,6.525651855468750000e+02,9.209556579589843750e-01,1.533785766601562500e+03,6.581226806640625000e+02,9.272156357765197754e-01,1.592139160156250000e+03,6.859099731445312500e+02,8.959717750549316406e-01,1.531007080078125000e+03,6.942461547851562500e+02,8.981462121009826660e-01,1.569909301757812500e+03,6.859099731445312500e+02,9.295287132263183594e-01,1.547679443359375000e+03,6.886886596679687500e+02,8.956819772720336914e-01,1.575466674804687500e+03,7.387058105468750000e+02,8.469830155372619629e-01,1.558794311523437500e+03,7.387058105468750000e+02,8.014742136001586914e-01,1.556015625000000000e+03,7.664931030273437500e+02,8.510786890983581543e-01,1.558794311523437500e+03,7.887229614257812500e+02,8.258738517761230469e-01,1.561573120117187500e+03,5.692033081054687500e+02,8.984952569007873535e-01,1.561573120117187500e+03,6.025480346679687500e+02,9.480419158935546875e-01,1.558794311523437500e+03,6.859099731445312500e+02,9.511997699737548828e-01,1.558794311523437500e+03,7.887229614257812500e+02,6.671755313873291016e-01,1.572687988281250000e+03,8.053953247070312500e+02,8.929494023323059082e-01,1.564351806640625000e+03,7.859442138671875000e+02,6.874707341194152832e-01,1.567130493164062500e+03,8.081740722656250000e+02,8.520753979682922363e-01,1.550458129882812500e+03,7.692718505859375000e+02,6.889275908470153809e-01,1.558794311523437500e+03,7.942803955078125000e+02,7.545937895774841309e-01,1.514408366564611015e+03,5.491964526300261014e+02,9.085896985124190905e+01,2.757656086768532759e+02,0.000000000000000000e+00,0.000000000000000000e+00,0.000000000000000000e+00
1.885400000000000000e+04,8.800000000000000000e+01,2.668000000000000000e+03,3.000000000000000000e+01,1.568821044921875000e+03,5.865394287109375000e+02,9.547025561332702637e-01,1.571541137695312500e+03,5.810990600585937500e+02,9.579982161521911621e-01,1.563380615234375000e+03,5.810990600585937500e+02,9.716963768005371094e-01,1.576981567382812500e+03,5.838192138671875000e+02,9.388301968574523926e-01,1.555219970703125000e+03,5.838192138671875000e+02,9.212828874588012695e-01,1.582421997070312500e+03,6.164615478515625000e+02,9.299868941307067871e-01,1.541619018554687500e+03,6.164615478515625000e+02,9.426435828208923340e-01,1.590582519531250000e+03,6.545443115234375000e+02,9.503531455993652344e-01,1.536178710937500000e+03,6.572645263671875000e+02,9.618284106254577637e-01,1.596022949218750000e+03,6.871866455078125000e+02,9.642806053161621094e-01,1.533458496093750000e+03,6.926270141601562500e+02,9.038444161415100098e-01,1.576981567382812500e+03,6.899068603515625000e+02,9.041653275489807129e-01,1.549779663085937500e+03,6.899068603515625000e+02,9.307176470756530762e-01,1.576981567382812500e+03,7.415905151367187500e+02,9.505028128623962402e-01,1.557940185546875000e+03,7.415905151367187500e+02,9.031771421432495117e-01,1.557940185546875000e+03,7.715126953125000000e+02,9.350271224975585938e-01,1.560660400390625000e+03,7.905540161132812500e+02,8.489602804183959961e-01,1.563380615234375000e+03,5.674980468750000000e+02,9.322694540023803711e-01,1.563380615234375000e+03,6.028605957031250000e+02,9.585648775100708008e-01,1.563380615234375000e+03,6.871866455078125000e+02,9.277262091636657715e-01,1.563380615234375000e+03,7.987145996093750000e+02,6.389124393463134766e-01,1.574261352539062500e+03,8.068751831054687500e+02,9.062998890876770020e-01,1.571541137695312500e+03,7.987145996093750000e+02,6.920797228813171387e-01,1.566100830078125000e+03,8.095953979492187500e+02,8.881691098213195801e-01,1.549779663085937500e+03,7.742328491210937500e+02,7.693213820457458496e-01,1.560660400390625000e+03,7.959943847656250000e+02,8.376536965370178223e-01,1.516637103755797398e+03,5.465767403517678531e+02,9.129777817206581858e+01,2.789482515909697895e+02,0.000000000000000000e+00,0.000000000000000000e+00,0.000000000000000000e+00
1.885500000000000000e+04,8.800000000000000000e+01,2.668000000000000000e+03,3.100000000000000000e+01,1.571343139648437500e+03,5.828675537109375000e+02,9.085319042205810547e-01,1.574005004882812500e+03,5.775438842773437500e+02,9.399172067642211914e-01,1.566019531250000000e+03,5.775438842773437500e+02,9.089002609252929688e-01,1.579328613281250000e+03,5.828675537109375000e+02,9.484285712242126465e-01,1.555372192382812500e+03,5.828675537109375000e+02,9.554393887519836426e-01,1.587314086914062500e+03,6.148095092773437500e+02,8.962305784225463867e-01,1.544724853515625000e+03,6.174713134765625000e+02,9.395083785057067871e-01,1.592637695312500000e+03,6.520750732421875000e+02,9.440438747406005859e-01,1.536739379882812500e+03,6.573987426757812500e+02,9.263746738433837891e-01,1.597961425781250000e+03,6.893406372070312500e+02,9.142479300498962402e-01,1.534077514648437500e+03,6.920024414062500000e+02,9.095005393028259277e-01,1.579328613281250000e+03,6.866788330078125000e+02,9.064553976058959961e-01,1.552710327148437500e+03,6.893406372070312500e+02,9.118543863296508789e-01,1.581990478515625000e+03,7.372535400390625000e+02,9.474640488624572754e-01,1.560695800781250000e+03,7.372535400390625000e+02,8.585686087608337402e-01,1.568681274414062500e+03,7.771809082031250000e+02,9.512190818786621094e-01,1.563357666015625000e+03,7.825045776367187500e+02,8.431503772735595703e-01,1.566019531250000000e+03,5.642347412109375000e+02,9.401366710662841797e-01,1.566019531250000000e+03,6.015003662109375000e+02,9.557749032974243164e-01,1.566019531250000000e+03,6.866788330078125000e+02,9.433234333992004395e-01,1.571343139648437500e+03,8.011373901367187500e+02,7.878310680389404297e-01,1.574005004882812500e+03,8.037991943359375000e+02,8.702191114425659180e-01,1.576666748046875000e+03,7.984755249023437500e+02,8.403331041336059570e-01,1.566019531250000000e+03,8.064610595703125000e+02,8.880602717399597168e-01,1.566019531250000000e+03,7.798427734375000000e+02,8.197121620178222656e-01,1.563357666015625000e+03,7.878282470703125000e+02,7.693237662315368652e-01,1.518128530731624778e+03,5.472704311440079437e+02,9.000953474583502611e+01,2.761767955636084935e+02,0.000000000000000000e+00,0.000000000000000000e+00,0.000000000000000000e+00
1.885600000000000000e+04,8.800000000000000000e+01,2.668000000000000000e+03,3.200000000000000000e+01,1.571500610351562500e+03,5.850388183593750000e+02,9.371895194053649902e-01,1.576435791015625000e+03,5.801036376953125000e+02,9.712389707565307617e-01,1.566565429687500000e+03,5.801036376953125000e+02,9.512320160865783691e-01,1.578903442382812500e+03,5.825712280273437500e+02,9.748849272727966309e-01,1.559162719726562500e+03,5.825712280273437500e+02,9.264580607414245605e-01,1.586306152343750000e+03,6.146498413085937500e+02,9.169459342956542969e-01,1.546824829101562500e+03,6.146498413085937500e+02,9.455612897872924805e-01,1.593708862304687500e+03,6.516636352539062500e+02,9.262912273406982422e-01,1.539421997070312500e+03,6.565988159179687500e+02,8.942046761512756348e-01,1.601111694335937500e+03,6.886773681640625000e+02,9.294939637184143066e-01,1.536954467773437500e+03,6.936125488281250000e+02,9.067835211753845215e-01,1.581370971679687500e+03,6.886773681640625000e+02,8.880497813224792480e-01,1.556695068359375000e+03,6.886773681640625000e+02,8.595021367073059082e-01,1.586306152343750000e+03,7.404967041015625000e+02,9.046531319618225098e-01,1.561630249023437500e+03,7.404967041015625000e+02,8.602072000503540039e-01,1.578903442382812500e+03,7.824456176757812500e+02,9.122577905654907227e-01,1.561630249023437500e+03,7.849132080078125000e+02,9.052687287330627441e-01,1.569033081054687500e+03,5.652981567382812500e+02,9.153220653533935547e-01,1.569033081054687500e+03,5.998442993164062500e+02,9.637123942375183105e-01,1.569033081054687500e+03,6.862098388671875000e+02,9.469722509384155273e-01,1.583838623046875000e+03,8.071214599609375000e+02,8.847116231918334961e-01,1.571500610351562500e+03,8.071214599609375000e+02,8.518556356430053711e-01,1.586306152343750000e+03,8.021863403320312500e+02,8.852980136871337891e-01,1.564097900390625000e+03,8.071214599609375000e+02,9.343454241752624512e-01,1.573968261718750000e+03,7.873807983398437500e+02,8.707877993583679199e-01,1.561630249023437500e+03,7.898483886718750000e+02,8.195452094078063965e-01,1.525663533175558086e+03,5.555182573223627287e+02,8.611757311599239983e+01,2.619374716035296160e+02,0.000000000000000000e+00,0.000000000000000000e+00,0.000000000000000000e+00
1.885700000000000000e+04,8.800000000000000000e+01,2.668000000000000000e+03,3.300000000000000000e+01,1.575011352539062500e+03,5.842447509765625000e+02,9.349481463432312012e-01,1.577494750976562500e+03,5.792778320312500000e+02,9.472904205322265625e-01,1.570044433593750000e+03,5.767943725585937500e+02,9.656485915184020996e-01,1.582461669921875000e+03,5.842447509765625000e+02,9.619122147560119629e-01,1.560110595703125000e+03,5.817612915039062500e+02,9.488776326179504395e-01,1.589912109375000000e+03,6.140462646484375000e+02,9.100412726402282715e-01,1.547693237304687500e+03,6.140462646484375000e+02,9.323543906211853027e-01,1.597362426757812500e+03,6.512980957031250000e+02,9.104384183883666992e-01,1.542726318359375000e+03,6.537815551757812500e+02,9.104518294334411621e-01,1.602329345703125000e+03,6.885499267578125000e+02,9.256210327148437500e-01,1.537759521484375000e+03,6.910333862304687500e+02,8.553131222724914551e-01,1.584945190429687500e+03,6.860665283203125000e+02,9.047151803970336914e-01,1.557627075195312500e+03,6.885499267578125000e+02,9.039579629898071289e-01,1.589912109375000000e+03,7.382191162109375000e+02,9.276316761970520020e-01,1.562593994140625000e+03,7.407025756835937500e+02,8.648078441619873047e-01,1.584945190429687500e+03,7.878882446289062500e+02,8.869082927703857422e-01,1.562593994140625000e+03,7.903717041015625000e+02,9.161031842231750488e-01,1.572527832031250000e+03,5.643771362304687500e+02,9.206321239471435547e-01,1.570044433593750000e+03,6.016289672851562500e+02,9.557517766952514648e-01,1.570044433593750000e+03,6.860665283203125000e+02,9.450126886367797852e-01,1.589912109375000000e+03,8.102393188476562500e+02,8.898127079010009766e-01,1.575011352539062500e+03,8.077558593750000000e+02,8.842827081680297852e-01,1.594879028320312500e+03,8.077558593750000000e+02,8.972148299217224121e-01,1.567560913085937500e+03,8.077558593750000000e+02,8.927389979362487793e-01,1.582461669921875000e+03,7.953386230468750000e+02,7.922793030738830566e-01,1.562593994140625000e+03,7.953386230468750000e+02,8.552778959274291992e-01,1.528888139442969532e+03,5.581939882291715094e+02,8.506043725137897127e+01,2.573491845485405065e+02,0.000000000000000000e+00,0.000000000000000000e+00,0.000000000000000000e+00
1.885800000000000000e+04,8.800000000000000000e+01,2.670000000000000000e+03,3.400000000000000000e+01,1.576312866210937500e+03,5.819772949218750000e+02,9.562308788299560547e-01,1.581317626953125000e+03,5.794748535156250000e+02,9.525831937789916992e-01,1.571307983398437500e+03,5.769724731445312500e+02,9.857544898986816406e-01,1.586322387695312500e+03,5.819772949218750000e+02,9.355911612510681152e-01,1.563800781250000000e+03,5.819772949218750000e+02,9.474179148674011230e-01,1.591327270507812500e+03,6.120061645507812500e+02,9.507375955581665039e-01,1.551288696289062500e+03,6.170109863281250000e+02,9.487758278846740723e-01,1.598834472656250000e+03,6.495422363281250000e+02,8.889970779418945312e-01,1.541279174804687500e+03,6.570494384765625000e+02,8.946183919906616211e-01,1.603839233398437500e+03,6.845759277343750000e+02,9.325778484344482422e-01,1.541279174804687500e+03,6.920831298828125000e+02,8.982031345367431641e-01,1.588824829101562500e+03,6.895807495117187500e+02,9.247716665267944336e-01,1.558796020507812500e+03,6.895807495117187500e+02,8.618406653404235840e-01,1.593829711914062500e+03,7.396288452148437500e+02,8.861739635467529297e-01,1.561298339843750000e+03,7.421312255859375000e+02,9.021301865577697754e-01,1.593829711914062500e+03,7.946817626953125000e+02,9.089905023574829102e-01,1.563800781250000000e+03,7.921793823242187500e+02,9.131332635879516602e-01,1.573810424804687500e+03,5.644604492187500000e+02,9.208794236183166504e-01,1.573810424804687500e+03,5.994941406250000000e+02,9.736999869346618652e-01,1.573810424804687500e+03,6.870783081054687500e+02,9.366259574890136719e-01,1.601336914062500000e+03,8.096962280273437500e+02,8.421027660369873047e-01,1.573810424804687500e+03,8.096962280273437500e+02,8.936483263969421387e-01,1.606341674804687500e+03,8.071937866210937500e+02,8.942550420761108398e-01,1.566303222656250000e+03,8.096962280273437500e+02,8.748944401741027832e-01,1.588824829101562500e+03,8.021889648437500000e+02,8.289611339569091797e-01,1.563800781250000000e+03,7.971842041015625000e+02,8.748587369918823242e-01,1.530612630773381625e+03,5.592477257345385624e+02,8.509646150235062123e+01,2.569093595153067326e+02,0.000000000000000000e+00,0.000000000000000000e+00,0.000000000000000000e+00
1.885900000000000000e+04,8.800000000000000000e+01,2.671000000000000000e+03,3.500000000000000000e+01,1.579930664062500000e+03,5.843735351562500000e+02,9.324774742126464844e-01,1.582431762695312500e+03,5.793712158203125000e+02,9.375834465026855469e-01,1.574928344726562500e+03,5.793712158203125000e+02,9.539785385131835938e-01,1.587434082031250000e+03,5.843735351562500000e+02,9.495552182197570801e-01,1.564923828125000000e+03,5.818723754882812500e+02,9.420034289360046387e-01,1.594937500000000000e+03,6.143872680664062500e+02,9.026115536689758301e-01,1.552418090820312500e+03,6.168884277343750000e+02,9.538757801055908203e-01,1.602440917968750000e+03,6.544055786132812500e+02,9.671193361282348633e-01,1.542413452148437500e+03,6.594078369140625000e+02,9.022027850151062012e-01,1.607443237304687500e+03,6.894215698242187500e+02,9.086787104606628418e-01,1.542413452148437500e+03,6.969250488281250000e+02,9.283646941184997559e-01,1.589935302734375000e+03,6.919227294921875000e+02,9.287843108177185059e-01,1.562422607421875000e+03,6.944238891601562500e+02,8.961935043334960938e-01,1.597438720703125000e+03,7.444467773437500000e+02,9.067587256431579590e-01,1.562422607421875000e+03,7.469479370117187500e+02,9.287045001983642578e-01,1.599939819335937500e+03,7.969708251953125000e+02,9.215875267982482910e-01,1.564923828125000000e+03,7.919685058593750000e+02,8.791123032569885254e-01,1.577429565429687500e+03,5.668655395507812500e+02,9.167112112045288086e-01,1.574928344726562500e+03,6.018815307617187500e+02,9.829618334770202637e-01,1.577429565429687500e+03,6.919227294921875000e+02,9.647361636161804199e-01,1.609944458007812500e+03,8.069754028320312500e+02,8.278392553329467773e-01,1.572427246093750000e+03,8.094765014648437500e+02,8.730766773223876953e-01,1.612445556640625000e+03,8.044742431640625000e+02,8.489474058151245117e-01,1.564923828125000000e+03,8.094765014648437500e+02,9.051194787025451660e-01,1.597438720703125000e+03,8.069754028320312500e+02,8.227010965347290039e-01,1.562422607421875000e+03,7.969708251953125000e+02,8.958591818809509277e-01,1.533270490313979053e+03,5.596053026664758363e+02,8.567056969218378981e+01,2.566313240470508390e+02,0.000000000000000000e+00,0.000000000000000000e+00,0.000000000000000000e+00
1.886000000000000000e+04,8.800000000000000000e+01,2.668000000000000000e+03,3.600000000000000000e+01,1.581541137695312500e+03,5.854593505859375000e+02,9.332288503646850586e-01,1.586431396484375000e+03,5.805690917968750000e+02,9.671036005020141602e-01,1.576650878906250000e+03,5.805690917968750000e+02,9.336295127868652344e-01,1.591321655273437500e+03,5.854593505859375000e+02,9.501902461051940918e-01,1.566870361328125000e+03,5.854593505859375000e+02,8.869910836219787598e-01,1.598657104492187500e+03,6.148009033203125000e+02,9.088667631149291992e-01,1.554644775390625000e+03,6.172460327148437500e+02,9.501833915710449219e-01,1.603547363281250000e+03,6.539229125976562500e+02,9.022402763366699219e-01,1.549754516601562500e+03,6.612583007812500000e+02,9.138666391372680664e-01,1.608437622070312500e+03,6.930449829101562500e+02,8.998934030532836914e-01,1.544864257812500000e+03,6.979351806640625000e+02,9.120641350746154785e-01,1.593766845703125000e+03,6.930449829101562500e+02,9.039314985275268555e-01,1.564425292968750000e+03,6.930449829101562500e+02,9.054362773895263672e-01,1.598657104492187500e+03,7.443926391601562500e+02,8.719632029533386230e-01,1.564425292968750000e+03,7.443926391601562500e+02,8.858563303947448730e-01,1.605992431640625000e+03,7.957402954101562500e+02,9.000061154365539551e-01,1.564425292968750000e+03,7.908500366210937500e+02,9.022335410118103027e-01,1.579096069335937500e+03,5.683435058593750000e+02,9.460109472274780273e-01,1.579096069335937500e+03,6.025752563476562500e+02,9.402481913566589355e-01,1.579096069335937500e+03,6.905998535156250000e+02,9.260135293006896973e-01,1.618218017578125000e+03,8.030756835937500000e+02,7.994089722633361816e-01,1.574205810546875000e+03,8.079659423828125000e+02,9.253965020179748535e-01,1.620663208007812500e+03,8.006305541992187500e+02,8.591049313545227051e-01,1.566870361328125000e+03,8.104110717773437500e+02,9.020584225654602051e-01,1.603547363281250000e+03,8.055208129882812500e+02,8.522457480430603027e-01,1.564425292968750000e+03,7.981854248046875000e+02,8.665497303009033203e-01,1.536739480550107601e+03,5.656928510991389203e+02,8.621359328315656967e+01,2.527054525277670791e+02,0.000000000000000000e+00,0.000000000000000000e+00,0.000000000000000000e+00
1.886100000000000000e+04,8.800000000000000000e+01,2.672000000000000000e+03,3.700000000000000000e+01,1.585367553710937500e+03,5.869976196289062500e+02,9.392844438552856445e-01,1.587787719726562500e+03,5.821572265625000000e+02,9.437494874000549316e-01,1.580527221679687500e+03,5.821572265625000000e+02,9.266697764396667480e-01,1.592628173828125000e+03,5.869976196289062500e+02,9.244428873062133789e-01,1.570846435546875000e+03,5.845774536132812500e+02,9.135197401046752930e-01,1.599888671875000000e+03,6.160398559570312500e+02,9.572240710258483887e-01,1.558745605468750000e+03,6.184600219726562500e+02,9.366254806518554688e-01,1.604729003906250000e+03,6.547627563476562500e+02,9.044985175132751465e-01,1.549064819335937500e+03,6.620233154296875000e+02,9.067080020904541016e-01,1.611989624023437500e+03,6.886453247070312500e+02,9.126980900764465332e-01,1.549064819335937500e+03,6.983260498046875000e+02,9.211131930351257324e-01,1.595048339843750000e+03,6.959058837890625000e+02,9.287657737731933594e-01,1.566006103515625000e+03,6.959058837890625000e+02,8.806810975074768066e-01,1.602308837890625000e+03,7.467297363281250000e+02,8.859151005744934082e-01,1.563585937500000000e+03,7.467297363281250000e+02,8.953385949134826660e-01,1.607149291992187500e+03,7.975535888671875000e+02,8.799046874046325684e-01,1.563585937500000000e+03,7.902930908203125000e+02,9.209506511688232422e-01,1.582947387695312500e+03,5.676361694335937500e+02,9.415081739425659180e-01,1.580527221679687500e+03,6.039389038085937500e+02,9.611279964447021484e-01,1.580527221679687500e+03,6.934857177734375000e+02,9.430876970291137695e-01,1.619250122070312500e+03,8.023939819335937500e+02,8.209475278854370117e-01,1.575686889648437500e+03,8.072343750000000000e+02,9.087156057357788086e-01,1.621670288085937500e+03,7.999738159179687500e+02,8.561227321624755859e-01,1.566006103515625000e+03,8.096545410156250000e+02,9.254040718078613281e-01,1.604729003906250000e+03,8.072343750000000000e+02,8.481544852256774902e-01,1.563585937500000000e+03,7.951334228515625000e+02,8.623252511024475098e-01,1.538831210277271111e+03,5.691532366574439266e+02,8.650208032405112135e+01,2.494941101566172392e+02,0.000000000000000000e+00,0.000000000000000000e+00,0.000000000000000000e+00
1.886200000000000000e+04,8.800000000000000000e+01,2.672000000000000000e+03,3.800000000000000000e+01,1.587172729492187500e+03,5.870576171875000000e+02,9.519540071487426758e-01,1.592027221679687500e+03,5.822031860351562500e+02,9.704375267028808594e-01,1.582318359375000000e+03,5.822031860351562500e+02,9.551404714584350586e-01,1.594454345703125000e+03,5.870576171875000000e+02,9.567098021507263184e-01,1.575036743164062500e+03,5.846304321289062500e+02,9.219854474067687988e-01,1.604163208007812500e+03,6.161841430664062500e+02,9.102089405059814453e-01,1.560473388671875000e+03,6.186113281250000000e+02,9.600343108177185059e-01,1.609017700195312500e+03,6.550195312500000000e+02,8.345363140106201172e-01,1.553191772460937500e+03,6.598739013671875000e+02,9.025613069534301758e-01,1.613872070312500000e+03,6.890004272460937500e+02,8.872130513191223145e-01,1.550764648437500000e+03,6.987092895507812500e+02,8.795645833015441895e-01,1.599308837890625000e+03,6.938548583984375000e+02,8.922415971755981445e-01,1.570182250976562500e+03,6.938548583984375000e+02,8.850606083869934082e-01,1.604163208007812500e+03,7.472534790039062500e+02,9.125472903251647949e-01,1.565327880859375000e+03,7.448262939453125000e+02,9.072719216346740723e-01,1.609017700195312500e+03,7.982249145507812500e+02,8.929828405380249023e-01,1.565327880859375000e+03,7.909432983398437500e+02,8.997060656547546387e-01,1.584745605468750000e+03,5.676399536132812500e+02,9.507455229759216309e-01,1.584745605468750000e+03,6.040480957031250000e+02,9.334787726402282715e-01,1.584745605468750000e+03,6.914276733398437500e+02,8.973158001899719238e-01,1.616299316406250000e+03,8.079337768554687500e+02,7.720379233360290527e-01,1.575036743164062500e+03,8.079337768554687500e+02,9.098167419433593750e-01,1.621153686523437500e+03,8.055065307617187500e+02,8.439618349075317383e-01,1.565327880859375000e+03,8.079337768554687500e+02,9.401095509529113770e-01,1.606590454101562500e+03,8.055065307617187500e+02,8.221656680107116699e-01,1.565327880859375000e+03,7.933704833984375000e+02,8.438778519630432129e-01,1.538112662529304544e+03,5.704445293242067692e+02,8.853518791307919855e+01,2.487708865585112790e+02,0.000000000000000000e+00,0.000000000000000000e+00,0.000000000000000000e+00
1.886300000000000000e+04,8.800000000000000000e+01,2.670000000000000000e+03,3.900000000000000000e+01,1.590895019531250000e+03,5.856316528320312500e+02,9.471231698989868164e-01,1.595824340820312500e+03,5.831669921875000000e+02,9.314229488372802734e-01,1.585965698242187500e+03,5.807023315429687500e+02,9.495963454246520996e-01,1.598288940429687500e+03,5.856316528320312500e+02,9.359346032142639160e-01,1.576107055664062500e+03,5.856316528320312500e+02,9.335851073265075684e-01,1.605682861328125000e+03,6.152075195312500000e+02,9.438397288322448730e-01,1.566248413085937500e+03,6.201368408203125000e+02,9.286671280860900879e-01,1.608147583007812500e+03,6.546420288085937500e+02,8.626356124877929688e-01,1.558854492187500000e+03,6.620360107421875000e+02,9.013533592224121094e-01,1.615541503906250000e+03,6.916118774414062500e+02,9.049706459045410156e-01,1.553925170898437500e+03,6.990057983398437500e+02,9.282630681991577148e-01,1.600753662109375000e+03,6.940765380859375000e+02,8.901903033256530762e-01,1.571177734375000000e+03,6.940765380859375000e+02,8.874045014381408691e-01,1.605682861328125000e+03,7.482989501953125000e+02,8.976003527641296387e-01,1.566248413085937500e+03,7.458342895507812500e+02,8.739720582962036133e-01,1.610612182617187500e+03,8.000567016601562500e+02,8.810762166976928711e-01,1.566248413085937500e+03,7.901980590820312500e+02,8.798690438270568848e-01,1.588430297851562500e+03,5.683790893554687500e+02,9.189159274101257324e-01,1.585965698242187500e+03,6.053489379882812500e+02,9.502658843994140625e-01,1.585965698242187500e+03,6.940765380859375000e+02,9.239511489868164062e-01,1.615541503906250000e+03,8.148446044921875000e+02,8.677356839179992676e-01,1.573642333984375000e+03,8.074506835937500000e+02,9.063242077827453613e-01,1.620470825195312500e+03,8.123800048828125000e+02,9.153870940208435059e-01,1.566248413085937500e+03,8.074506835937500000e+02,9.443265795707702637e-01,1.605682861328125000e+03,8.074506835937500000e+02,8.087891936302185059e-01,1.566248413085937500e+03,7.951273803710937500e+02,8.706056475639343262e-01,1.540225243174130810e+03,5.697892233004944273e+02,9.242267191288351569e+01,2.510592680756219579e+02,0.000000000000000000e+00,0.000000000000000000e+00,0.000000000000000000e+00
1.886400000000000000e+04,8.800000000000000000e+01,2.657000000000000000e+03,4.000000000000000000e+01,1.594403442382812500e+03,5.852988281250000000e+02,9.312370419502258301e-01,1.596871093750000000e+03,5.828312988281250000e+02,9.347611665725708008e-01,1.589468383789062500e+03,5.803637084960937500e+02,9.375253319740295410e-01,1.601806152343750000e+03,5.852988281250000000e+02,9.438747763633728027e-01,1.579598144531250000e+03,5.852988281250000000e+02,9.450338482856750488e-01,1.609208862304687500e+03,6.149096679687500000e+02,9.266398549079895020e-01,1.567260253906250000e+03,6.198447875976562500e+02,9.100961685180664062e-01,1.611676513671875000e+03,6.543907470703125000e+02,8.811240196228027344e-01,1.562325073242187500e+03,6.617934570312500000e+02,9.073956012725830078e-01,1.616611572265625000e+03,6.914042358398437500e+02,9.272876977920532227e-01,1.554922363281250000e+03,6.988069458007812500e+02,9.344138503074645996e-01,1.601806152343750000e+03,6.938718261718750000e+02,8.807530999183654785e-01,1.574662963867187500e+03,6.938718261718750000e+02,8.838451504707336426e-01,1.606741333007812500e+03,7.481582641601562500e+02,8.913341164588928223e-01,1.569727783203125000e+03,7.481582641601562500e+02,8.580167293548583984e-01,1.609208862304687500e+03,8.024447631835937500e+02,9.173719882965087891e-01,1.567260253906250000e+03,7.876393432617187500e+02,8.865602612495422363e-01,1.591935913085937500e+03,5.680258789062500000e+02,9.195736050605773926e-01,1.589468383789062500e+03,6.025718383789062500e+02,9.508946537971496582e-01,1.589468383789062500e+03,6.914042358398437500e+02,9.218952655792236328e-01,1.614144042968750000e+03,8.172501831054687500e+02,8.521676063537597656e-01,1.574662963867187500e+03,8.073798828125000000e+02,9.425989389419555664e-01,1.619079223632812500e+03,8.147825927734375000e+02,8.996751308441162109e-01,1.567260253906250000e+03,8.098474731445312500e+02,9.267702102661132812e-01,1.606741333007812500e+03,8.073798828125000000e+02,8.372589945793151855e-01,1.567260253906250000e+03,7.925745239257812500e+02,8.641191720962524414e-01,1.542698122087441106e+03,5.692892546608235307e+02,9.496183378301429912e+01,2.521210282415732991e+02,0.000000000000000000e+00,0.000000000000000000e+00,0.000000000000000000e+00
1.886500000000000000e+04,8.800000000000000000e+01,2.673000000000000000e+03,4.100000000000000000e+01,1.596500122070312500e+03,5.839074707031250000e+02,9.198718070983886719e-01,1.601608642578125000e+03,5.813532104492187500e+02,9.245656728744506836e-01,1.591391601562500000e+03,5.813532104492187500e+02,9.291331171989440918e-01,1.606717163085937500e+03,5.839074707031250000e+02,9.162291884422302246e-01,1.583728759765625000e+03,5.839074707031250000e+02,9.289066791534423828e-01,1.614379882812500000e+03,6.145585937500000000e+02,8.882028460502624512e-01,1.568403198242187500e+03,6.171128540039062500e+02,9.313657283782958984e-01,1.619488403320312500e+03,6.528724365234375000e+02,8.872468471527099609e-01,1.563294799804687500e+03,6.605352172851562500e+02,9.222427606582641602e-01,1.622042724609375000e+03,6.886320800781250000e+02,8.699290752410888672e-01,1.558186279296875000e+03,6.988490600585937500e+02,8.858769536018371582e-01,1.606717163085937500e+03,6.937406005859375000e+02,9.090955257415771484e-01,1.576066040039062500e+03,6.937406005859375000e+02,9.066789746284484863e-01,1.609271362304687500e+03,7.499342651367187500e+02,9.002794027328491211e-01,1.573511718750000000e+03,7.473800048828125000e+02,8.960363268852233887e-01,1.609271362304687500e+03,8.035736694335937500e+02,9.297816753387451172e-01,1.568403198242187500e+03,7.908023681640625000e+02,8.656040430068969727e-01,1.593945800781250000e+03,5.660277099609375000e+02,9.435315132141113281e-01,1.593945800781250000e+03,6.017872924804687500e+02,9.767247438430786133e-01,1.591391601562500000e+03,6.911863403320312500e+02,9.297795295715332031e-01,1.614379882812500000e+03,8.163449707031250000e+02,8.823920488357543945e-01,1.576066040039062500e+03,8.086821899414062500e+02,9.125431776046752930e-01,1.619488403320312500e+03,8.163449707031250000e+02,8.918346166610717773e-01,1.568403198242187500e+03,8.086821899414062500e+02,9.160310626029968262e-01,1.606717163085937500e+03,8.112364501953125000e+02,8.874027132987976074e-01,1.565848999023437500e+03,7.959108886718750000e+02,8.223761916160583496e-01,1.546675377930489958e+03,5.660901174857413025e+02,9.897368557841309666e+01,2.583876521434733604e+02,0.000000000000000000e+00,0.000000000000000000e+00,0.000000000000000000e+00
1.886600000000000000e+04,8.800000000000000000e+01,2.657000000000000000e+03,4.200000000000000000e+01,1.599572631835937500e+03,5.841583251953125000e+02,9.576330184936523438e-01,1.602165527343750000e+03,5.789723510742187500e+02,9.690105319023132324e-01,1.594386596679687500e+03,5.789723510742187500e+02,9.754811525344848633e-01,1.607351562500000000e+03,5.841583251953125000e+02,9.320831894874572754e-01,1.586607543945312500e+03,5.841583251953125000e+02,9.000360369682312012e-01,1.615130615234375000e+03,6.152743530273437500e+02,8.953225612640380859e-01,1.573642578125000000e+03,6.178673706054687500e+02,9.844874143600463867e-01,1.622909545898437500e+03,6.541693725585937500e+02,9.188593626022338867e-01,1.565863647460937500e+03,6.593553466796875000e+02,9.051008820533752441e-01,1.622909545898437500e+03,6.904713134765625000e+02,9.289528131484985352e-01,1.560677612304687500e+03,6.982503662109375000e+02,9.078791737556457520e-01,1.609944580078125000e+03,6.930643310546875000e+02,9.189869761466979980e-01,1.581421630859375000e+03,6.930643310546875000e+02,9.073377251625061035e-01,1.612537597656250000e+03,7.501103515625000000e+02,9.016624689102172852e-01,1.578828613281250000e+03,7.475173339843750000e+02,8.875992894172668457e-01,1.609944580078125000e+03,8.045633544921875000e+02,9.319525361061096191e-01,1.568456542968750000e+03,7.838193359375000000e+02,8.693491816520690918e-01,1.596979614257812500e+03,5.634143676757812500e+02,9.323165416717529297e-01,1.596979614257812500e+03,6.023093261718750000e+02,9.691978693008422852e-01,1.594386596679687500e+03,6.904713134765625000e+02,9.076415300369262695e-01,1.615130615234375000e+03,8.175283203125000000e+02,8.971588611602783203e-01,1.576235595703125000e+03,8.071563110351562500e+02,8.994534015655517578e-01,1.620316528320312500e+03,8.149353027343750000e+02,9.324756264686584473e-01,1.568456542968750000e+03,8.071563110351562500e+02,9.411095976829528809e-01,1.607351562500000000e+03,8.097493286132812500e+02,8.685259222984313965e-01,1.568456542968750000e+03,7.838193359375000000e+02,8.419693708419799805e-01,1.544683067549775160e+03,5.631497546274179058e+02,1.011407322965201274e+02,2.633320820932023025e+02,0.000000000000000000e+00,0.000000000000000000e+00,0.000000000000000000e+00
1.886700000000000000e+04,8.800000000000000000e+01,2.657000000000000000e+03,4.300000000000000000e+01,1.601148437500000000e+03,5.821021118164062500e+02,9.525356292724609375e-01,1.606394042968750000e+03,5.794793701171875000e+02,9.567127227783203125e-01,1.595902954101562500e+03,5.768565673828125000e+02,9.677197933197021484e-01,1.611639526367187500e+03,5.821021118164062500e+02,9.231116771697998047e-01,1.588034667968750000e+03,5.821021118164062500e+02,9.421859979629516602e-01,1.616885009765625000e+03,6.135752563476562500e+02,9.083852171897888184e-01,1.574920898437500000e+03,6.161979980468750000e+02,9.621214270591735840e-01,1.624753417968750000e+03,6.555394287109375000e+02,9.252311587333679199e-01,1.567052612304687500e+03,6.607849731445312500e+02,9.443276524543762207e-01,1.627376098632812500e+03,6.922581176757812500e+02,8.998652696609497070e-01,1.561807128906250000e+03,6.975036621093750000e+02,9.340918660163879395e-01,1.611639526367187500e+03,6.948808593750000000e+02,9.086699485778808594e-01,1.582789184570312500e+03,6.948808593750000000e+02,8.825398087501525879e-01,1.611639526367187500e+03,7.499588623046875000e+02,9.374739527702331543e-01,1.585411865234375000e+03,7.447133789062500000e+02,8.843181729316711426e-01,1.609016845703125000e+03,8.050368652343750000e+02,9.269812107086181641e-01,1.572298095703125000e+03,7.788092651367187500e+02,9.186912775039672852e-01,1.601148437500000000e+03,5.637427978515625000e+02,9.437851905822753906e-01,1.598525756835937500e+03,6.004614257812500000e+02,9.601637721061706543e-01,1.598525756835937500e+03,6.922581176757812500e+02,9.639518857002258301e-01,1.614262329101562500e+03,8.181506958007812500e+02,9.207675457000732422e-01,1.577543701171875000e+03,8.076596679687500000e+02,8.906688094139099121e-01,1.619507812500000000e+03,8.155279541015625000e+02,8.957960605621337891e-01,1.572298095703125000e+03,8.050368652343750000e+02,9.194756150245666504e-01,1.606394042968750000e+03,8.102824096679687500e+02,8.582983613014221191e-01,1.572298095703125000e+03,7.788092651367187500e+02,9.019236564636230469e-01,1.546394855960444374e+03,5.570840033579670489e+02,1.021833559957049147e+02,2.671862348202176918e+02,0.000000000000000000e+00,0.000000000000000000e+00,0.000000000000000000e+00
1.886800000000000000e+04,8.800000000000000000e+01,2.657000000000000000e+03,4.400000000000000000e+01,1.603365844726562500e+03,5.811458740234375000e+02,9.442561268806457520e-01,1.608613403320312500e+03,5.758983154296875000e+02,9.587608575820922852e-01,1.598118286132812500e+03,5.758983154296875000e+02,9.472489356994628906e-01,1.613861083984375000e+03,5.811458740234375000e+02,9.357256293296813965e-01,1.590246948242187500e+03,5.811458740234375000e+02,9.391373395919799805e-01,1.621732421875000000e+03,6.126313476562500000e+02,9.138934016227722168e-01,1.577127929687500000e+03,6.152551269531250000e+02,9.529943466186523438e-01,1.626979980468750000e+03,6.572357788085937500e+02,9.280628561973571777e-01,1.566632812500000000e+03,6.598595581054687500e+02,9.268223047256469727e-01,1.629603759765625000e+03,6.939688110351562500e+02,8.957784175872802734e-01,1.564009033203125000e+03,6.965926513671875000e+02,9.450110793113708496e-01,1.613861083984375000e+03,6.939688110351562500e+02,9.186326861381530762e-01,1.587623168945312500e+03,6.939688110351562500e+02,9.193014502525329590e-01,1.613861083984375000e+03,7.490684204101562500e+02,9.049516916275024414e-01,1.590246948242187500e+03,7.464446411132812500e+02,8.907797932624816895e-01,1.608613403320312500e+03,8.015441894531250000e+02,8.848743438720703125e-01,1.577127929687500000e+03,7.779301147460937500e+02,8.981897234916687012e-01,1.603365844726562500e+03,5.627793579101562500e+02,9.357529282569885254e-01,1.600742065429687500e+03,5.995123901367187500e+02,9.715819358825683594e-01,1.600742065429687500e+03,6.913450317382812500e+02,9.291102290153503418e-01,1.613861083984375000e+03,8.172869262695312500e+02,9.396186470985412598e-01,1.582375610351562500e+03,8.041679687500000000e+02,9.353315830230712891e-01,1.619108642578125000e+03,8.172869262695312500e+02,9.025319218635559082e-01,1.574504150390625000e+03,8.041679687500000000e+02,9.370582699775695801e-01,1.605989624023437500e+03,8.094155883789062500e+02,8.367978334426879883e-01,1.574504150390625000e+03,7.753063354492187500e+02,8.829645514488220215e-01,1.546706805730572796e+03,5.541406072968584340e+02,1.025371044702139898e+02,2.686858825279909979e+02,0.000000000000000000e+00,0.000000000000000000e+00,0.000000000000000000e+00
1.886900000000000000e+04,8.800000000000000000e+01,2.670000000000000000e+03,4.500000000000000000e+01,1.604820068359375000e+03,5.792203369140625000e+02,9.557356834411621094e-01,1.610174926757812500e+03,5.738655395507812500e+02,9.617470502853393555e-01,1.599465209960937500e+03,5.738655395507812500e+02,9.692398309707641602e-01,1.615529663085937500e+03,5.792203369140625000e+02,9.085275530815124512e-01,1.591432983398437500e+03,5.792203369140625000e+02,9.481823444366455078e-01,1.623561889648437500e+03,6.113492431640625000e+02,9.101204276084899902e-01,1.578046020507812500e+03,6.140266723632812500e+02,9.700045585632324219e-01,1.628916748046875000e+03,6.568651733398437500e+02,8.996700644493103027e-01,1.567336303710937500e+03,6.595426025390625000e+02,9.304918050765991211e-01,1.634271606445312500e+03,6.970263061523437500e+02,9.021074771881103516e-01,1.567336303710937500e+03,6.970263061523437500e+02,9.056045413017272949e-01,1.615529663085937500e+03,6.943489379882812500e+02,8.939657807350158691e-01,1.588755615234375000e+03,6.943489379882812500e+02,9.056901931762695312e-01,1.615529663085937500e+03,7.478970947265625000e+02,9.173897504806518555e-01,1.594110473632812500e+03,7.425422973632812500e+02,8.840578198432922363e-01,1.610174926757812500e+03,8.014452514648437500e+02,8.952663540840148926e-01,1.580723388671875000e+03,7.773485717773437500e+02,8.734889626502990723e-01,1.602142700195312500e+03,5.604784545898437500e+02,9.469847083091735840e-01,1.602142700195312500e+03,5.979622192382812500e+02,9.501856565475463867e-01,1.602142700195312500e+03,6.916715087890625000e+02,9.420368671417236328e-01,1.615529663085937500e+03,8.175097045898437500e+02,8.591804504394531250e-01,1.586078247070312500e+03,8.068001098632812500e+02,9.204775094985961914e-01,1.620884521484375000e+03,8.148323364257812500e+02,8.899317979812622070e-01,1.580723388671875000e+03,8.041226806640625000e+02,9.607396721839904785e-01,1.607497436523437500e+03,8.094774780273437500e+02,8.338166475296020508e-01,1.578046020507812500e+03,7.773485717773437500e+02,8.910570144653320312e-01,1.548992248331368501e+03,5.514108545334140672e+02,1.033714914403101375e+02,2.727990356710686228e+02,0.000000000000000000e+00,0.000000000000000000e+00,0.000000000000000000e+00
1.887000000000000000e+04,8.800000000000000000e+01,2.670000000000000000e+03,4.600000000000000000e+01,1.607312622070312500e+03,5.777231445312500000e+02,9.334381818771362305e-01,1.612620117187500000e+03,5.724156494140625000e+02,9.496154785156250000e-01,1.602005126953125000e+03,5.724156494140625000e+02,9.540032148361206055e-01,1.617927734375000000e+03,5.777231445312500000e+02,9.348307251930236816e-01,1.594043823242187500e+03,5.777231445312500000e+02,9.539094567298889160e-01,1.625889038085937500e+03,6.122221069335937500e+02,8.777824640274047852e-01,1.580775024414062500e+03,6.122221069335937500e+02,9.502390623092651367e-01,1.633850341796875000e+03,6.546823730468750000e+02,9.425922036170959473e-01,1.570159912109375000e+03,6.546823730468750000e+02,9.366116523742675781e-01,1.639157836914062500e+03,6.944888305664062500e+02,9.328554868698120117e-01,1.567506103515625000e+03,6.944888305664062500e+02,9.434507489204406738e-01,1.617927734375000000e+03,6.891813354492187500e+02,8.883422613143920898e-01,1.591390014648437500e+03,6.891813354492187500e+02,8.847879171371459961e-01,1.615273925781250000e+03,7.449104003906250000e+02,9.064535498619079590e-01,1.596697631835937500e+03,7.422565917968750000e+02,8.908672332763671875e-01,1.612620117187500000e+03,8.006394653320312500e+02,8.670980930328369141e-01,1.588736328125000000e+03,7.820631103515625000e+02,8.557934165000915527e-01,1.607312622070312500e+03,5.591467895507812500e+02,9.527728557586669922e-01,1.604658813476562500e+03,5.962994995117187500e+02,9.505064487457275391e-01,1.604658813476562500e+03,6.891813354492187500e+02,9.200405478477478027e-01,1.615273925781250000e+03,8.165620727539062500e+02,8.536405563354492188e-01,1.591390014648437500e+03,8.086007690429687500e+02,9.824889898300170898e-01,1.620581420898437500e+03,8.165620727539062500e+02,8.932067155838012695e-01,1.586082519531250000e+03,8.059469604492187500e+02,9.371406435966491699e-01,1.607312622070312500e+03,8.086007690429687500e+02,7.762237787246704102e-01,1.586082519531250000e+03,7.794093627929687500e+02,8.886117935180664062e-01,1.550219293588773780e+03,5.513313901175138199e+02,1.026454881240795203e+02,2.727311983707114678e+02,0.000000000000000000e+00,0.000000000000000000e+00,0.000000000000000000e+00
1.887100000000000000e+04,8.800000000000000000e+01,2.659000000000000000e+03,4.700000000000000000e+01,1.610776123046875000e+03,5.782952270507812500e+02,9.504584074020385742e-01,1.613450195312500000e+03,5.729470825195312500e+02,9.364296197891235352e-01,1.605427978515625000e+03,5.729470825195312500e+02,9.634302258491516113e-01,1.618798461914062500e+03,5.782952270507812500e+02,9.284721612930297852e-01,1.594731689453125000e+03,5.756211547851562500e+02,9.313948750495910645e-01,1.624146606445312500e+03,6.103842773437500000e+02,8.995643258094787598e-01,1.584035278320312500e+03,6.103842773437500000e+02,9.387190341949462891e-01,1.634842895507812500e+03,6.558437500000000000e+02,9.032574892044067383e-01,1.570664794921875000e+03,6.558437500000000000e+02,9.250487089157104492e-01,1.642865234375000000e+03,6.959550781250000000e+02,9.111784100532531738e-01,1.567990722656250000e+03,6.906069335937500000e+02,9.057468771934509277e-01,1.618798461914062500e+03,6.906069335937500000e+02,8.566827774047851562e-01,1.592057495117187500e+03,6.906069335937500000e+02,8.804052472114562988e-01,1.616124389648437500e+03,7.467627563476562500e+02,8.738226294517517090e-01,1.597405761718750000e+03,7.440886840820312500e+02,8.949623107910156250e-01,1.610776123046875000e+03,8.002445068359375000e+02,8.803576827049255371e-01,1.592057495117187500e+03,7.841999511718750000e+02,8.901619911193847656e-01,1.608102050781250000e+03,5.595765991210937500e+02,8.941905498504638672e-01,1.605427978515625000e+03,5.970138549804687500e+02,9.112811088562011719e-01,1.605427978515625000e+03,6.879328002929687500e+02,9.194097518920898438e-01,1.613450195312500000e+03,8.189631347656250000e+02,8.755885362625122070e-01,1.594731689453125000e+03,8.109408569335937500e+02,9.787635207176208496e-01,1.618798461914062500e+03,8.162890014648437500e+02,9.219936728477478027e-01,1.586709350585937500e+03,8.082667846679687500e+02,9.465579390525817871e-01,1.608102050781250000e+03,8.082667846679687500e+02,8.483144044876098633e-01,1.592057495117187500e+03,7.815258789062500000e+02,8.351245522499084473e-01,1.552713028533496299e+03,5.551076337415179296e+02,1.025993023016631014e+02,2.739984111557635060e+02,0.000000000000000000e+00,0.000000000000000000e+00,0.000000000000000000e+00
1.887200000000000000e+04,8.800000000000000000e+01,2.658000000000000000e+03,4.800000000000000000e+01,1.611485351562500000e+03,5.782734375000000000e+02,9.536993503570556641e-01,1.616685668945312500e+03,5.730731811523437500e+02,9.630838632583618164e-01,1.606285156250000000e+03,5.704730834960937500e+02,9.783383607864379883e-01,1.619285766601562500e+03,5.756732788085937500e+02,9.423375725746154785e-01,1.598484863281250000e+03,5.756732788085937500e+02,9.319655299186706543e-01,1.627086059570312500e+03,6.094747924804687500e+02,9.029896855354309082e-01,1.585484252929687500e+03,6.094747924804687500e+02,9.591885209083557129e-01,1.640086669921875000e+03,6.510765991210937500e+02,9.247684478759765625e-01,1.575083862304687500e+03,6.536766967773437500e+02,9.309523105621337891e-01,1.645286865234375000e+03,6.900782470703125000e+02,9.401392340660095215e-01,1.569883544921875000e+03,6.926784057617187500e+02,9.124851822853088379e-01,1.619285766601562500e+03,6.874781494140625000e+02,8.777109384536743164e-01,1.595884765625000000e+03,6.874781494140625000e+02,8.768040537834167480e-01,1.614085449218750000e+03,7.446806640625000000e+02,8.658462166786193848e-01,1.603685058593750000e+03,7.394804077148437500e+02,8.470823764801025391e-01,1.608885253906250000e+03,8.018831176757812500e+02,8.802018761634826660e-01,1.598484863281250000e+03,7.940827636718750000e+02,7.744074463844299316e-01,1.608885253906250000e+03,5.574725341796875000e+02,9.520545005798339844e-01,1.606285156250000000e+03,5.938740844726562500e+02,9.270578026771545410e-01,1.606285156250000000e+03,6.874781494140625000e+02,9.021450877189636230e-01,1.614085449218750000e+03,8.174838256835937500e+02,8.572081923484802246e-01,1.603685058593750000e+03,8.122835693359375000e+02,7.968056201934814453e-01,1.619285766601562500e+03,8.174838256835937500e+02,9.203792810440063477e-01,1.595884765625000000e+03,8.122835693359375000e+02,8.472496867179870605e-01,1.603685058593750000e+03,8.096834716796875000e+02,8.076103329658508301e-01,1.593284545898437500e+03,7.992830200195312500e+02,6.530379056930541992e-01,1.554985773439957484e+03,5.535314297286298597e+02,1.009382841402725717e+02,2.694561706439268391e+02,0.000000000000000000e+00,0.000000000000000000e+00,0.000000000000000000e+00
1.887300000000000000e+04,8.800000000000000000e+01,2.668000000000000000e+03,4.900000000000000000e+01,1.613925781250000000e+03,5.783876342773437500e+02,9.638293981552124023e-01,1.616511230468750000e+03,5.732166748046875000e+02,9.658716917037963867e-01,1.608754882812500000e+03,5.706312255859375000e+02,9.918531775474548340e-01,1.621682128906250000e+03,5.758021240234375000e+02,9.429172873497009277e-01,1.598413085937500000e+03,5.758021240234375000e+02,9.340338110923767090e-01,1.629438476562500000e+03,6.119985351562500000e+02,9.061622619628906250e-01,1.585485839843750000e+03,6.119985351562500000e+02,9.555754065513610840e-01,1.642365844726562500e+03,6.533657836914062500e+02,9.424971342086791992e-01,1.575143920898437500e+03,6.559512329101562500e+02,9.346499443054199219e-01,1.647536743164062500e+03,6.895621337890625000e+02,9.478468894958496094e-01,1.572558471679687500e+03,6.947330322265625000e+02,9.273106455802917480e-01,1.619096679687500000e+03,6.869766845703125000e+02,8.562898039817810059e-01,1.595827636718750000e+03,6.895621337890625000e+02,8.489360809326171875e-01,1.613925781250000000e+03,7.412712402343750000e+02,8.656249642372131348e-01,1.606169433593750000e+03,7.386857910156250000e+02,8.388710021972656250e-01,1.606169433593750000e+03,8.033221435546875000e+02,9.008239507675170898e-01,1.606169433593750000e+03,7.955657958984375000e+02,6.446072459220886230e-01,1.611340332031250000e+03,5.577039794921875000e+02,9.580332636833190918e-01,1.608754882812500000e+03,5.964857788085937500e+02,9.550053477287292480e-01,1.608754882812500000e+03,6.869766845703125000e+02,9.101923704147338867e-01,1.613925781250000000e+03,8.188348388671875000e+02,8.080347180366516113e-01,1.613925781250000000e+03,8.136639404296875000e+02,4.611600339412689209e-01,1.619096679687500000e+03,8.162493896484375000e+02,8.958913087844848633e-01,1.603583984375000000e+03,8.136639404296875000e+02,5.335392355918884277e-01,1.603583984375000000e+03,8.136639404296875000e+02,8.062609434127807617e-01,1.600998535156250000e+03,8.084930419921875000e+02,4.531255662441253662e-01,1.557501568678429749e+03,5.531272248914228840e+02,1.000813337825100007e+02,2.666566889123230339e+02,0.000000000000000000e+00,0.000000000000000000e+00,0.000000000000000000e+00
1.887400000000000000e+04,8.800000000000000000e+01,2.658000000000000000e+03,5.000000000000000000e+01,1.615434692382812500e+03,5.768076782226562500e+02,9.676721096038818359e-01,1.618029663085937500e+03,5.742127685546875000e+02,9.713511466979980469e-01,1.610244995117187500e+03,5.716178588867187500e+02,9.890692234039306641e-01,1.623219360351562500e+03,5.768076782226562500e+02,9.556439518928527832e-01,1.599865356445312500e+03,5.768076782226562500e+02,9.231974482536315918e-01,1.631004150390625000e+03,6.105412597656250000e+02,9.204126596450805664e-01,1.586890869140625000e+03,6.105412597656250000e+02,9.707919359207153320e-01,1.643978515625000000e+03,6.520595092773437500e+02,9.224538207054138184e-01,1.579106201171875000e+03,6.546544189453125000e+02,9.267032146453857422e-01,1.651763183593750000e+03,6.883880004882812500e+02,9.425975084304809570e-01,1.573916503906250000e+03,6.961726684570312500e+02,9.228412508964538574e-01,1.620624511718750000e+03,6.857931518554687500e+02,8.897408843040466309e-01,1.594675659179687500e+03,6.857931518554687500e+02,8.357276916503906250e-01,1.615434692382812500e+03,7.428807373046875000e+02,8.659864068031311035e-01,1.607650024414062500e+03,7.402858886718750000e+02,8.720083832740783691e-01,1.607650024414062500e+03,8.025632934570312500e+02,9.610325098037719727e-01,1.610244995117187500e+03,7.999683837890625000e+02,8.789129257202148438e-01,1.612839843750000000e+03,5.586434326171875000e+02,9.662136435508728027e-01,1.610244995117187500e+03,5.949719238281250000e+02,9.511858820915222168e-01,1.607650024414062500e+03,6.831982421875000000e+02,8.729239702224731445e-01,1.612839843750000000e+03,8.233223876953125000e+02,7.736803293228149414e-01,1.618029663085937500e+03,8.181326293945312500e+02,6.979718208312988281e-01,1.618029663085937500e+03,8.207274780273437500e+02,8.609431385993957520e-01,1.607650024414062500e+03,8.181326293945312500e+02,6.908599734306335449e-01,1.607650024414062500e+03,8.103479614257812500e+02,8.125869631767272949e-01,1.607650024414062500e+03,8.077530517578125000e+02,6.913969516754150391e-01,1.559180716517154906e+03,5.536153975032869994e+02,1.000885967687554512e+02,2.662123994456061382e+02,0.000000000000000000e+00,0.000000000000000000e+00,0.000000000000000000e+00
1.887500000000000000e+04,8.800000000000000000e+01,2.674000000000000000e+03,5.100000000000000000e+01,1.617001220703125000e+03,5.773408203125000000e+02,9.632182121276855469e-01,1.619572265625000000e+03,5.721986694335937500e+02,9.668503999710083008e-01,1.611859008789062500e+03,5.721986694335937500e+02,9.855450987815856934e-01,1.624714477539062500e+03,5.773408203125000000e+02,9.472956061363220215e-01,1.601574707031250000e+03,5.773408203125000000e+02,9.288464784622192383e-01,1.632427734375000000e+03,6.107650146484375000e+02,9.046658873558044434e-01,1.588719238281250000e+03,6.107650146484375000e+02,9.571571946144104004e-01,1.645283203125000000e+03,6.519024658203125000e+02,9.356364011764526367e-01,1.581005981445312500e+03,6.570446166992187500e+02,9.297821521759033203e-01,1.652996459960937500e+03,6.878977050781250000e+02,9.441394805908203125e-01,1.575863769531250000e+03,6.981820678710937500e+02,9.469857811927795410e-01,1.622143432617187500e+03,6.853266601562500000e+02,8.847354054450988770e-01,1.596432495117187500e+03,6.853266601562500000e+02,8.447601199150085449e-01,1.617001220703125000e+03,7.418906250000000000e+02,8.757269978523254395e-01,1.609287963867187500e+03,7.393195190429687500e+02,8.534509539604187012e-01,1.611859008789062500e+03,8.010256958007812500e+02,9.005483984947204590e-01,1.611859008789062500e+03,7.958835449218750000e+02,7.540911436080932617e-01,1.614430175781250000e+03,5.593432006835937500e+02,9.533535242080688477e-01,1.611859008789062500e+03,5.979095458984375000e+02,9.222660064697265625e-01,1.609287963867187500e+03,6.853266601562500000e+02,8.776422142982482910e-01,1.614430175781250000e+03,8.241655273437500000e+02,8.162943124771118164e-01,1.619572265625000000e+03,8.190233764648437500e+02,4.706351161003112793e-01,1.622143432617187500e+03,8.215944213867187500e+02,8.585271835327148438e-01,1.611859008789062500e+03,8.215944213867187500e+02,4.576462209224700928e-01,1.609287963867187500e+03,8.087390136718750000e+02,7.925687432289123535e-01,1.609287963867187500e+03,8.010256958007812500e+02,5.417211055755615234e-01,1.561026375806037095e+03,5.543129201403633033e+02,9.964931426580869811e+01,2.644163205518229915e+02,0.000000000000000000e+00,0.000000000000000000e+00,0.000000000000000000e+00
1.887600000000000000e+04,8.800000000000000000e+01,2.647000000000000000e+03,5.200000000000000000e+01,1.619301635742187500e+03,5.790753173828125000e+02,9.384558200836181641e-01,1.621837890625000000e+03,5.740028076171875000e+02,9.404274225234985352e-01,1.614229125976562500e+03,5.740028076171875000e+02,9.442433118820190430e-01,1.626910400390625000e+03,5.790753173828125000e+02,9.252277612686157227e-01,1.604084228515625000e+03,5.790753173828125000e+02,9.269818663597106934e-01,1.634519165039062500e+03,6.145827636718750000e+02,9.116632342338562012e-01,1.588866699218750000e+03,6.120465087890625000e+02,9.561197161674499512e-01,1.647200317382812500e+03,6.526264038085937500e+02,9.327732920646667480e-01,1.581257934570312500e+03,6.576989135742187500e+02,9.236949682235717773e-01,1.654809082031250000e+03,6.855975952148437500e+02,9.352070093154907227e-01,1.576185546875000000e+03,6.982788085937500000e+02,9.383522868156433105e-01,1.624374145507812500e+03,6.881338500976562500e+02,8.647825121879577637e-01,1.599011718750000000e+03,6.881338500976562500e+02,8.657784461975097656e-01,1.616765380859375000e+03,7.439312133789062500e+02,8.734073042869567871e-01,1.609156738281250000e+03,7.413949584960937500e+02,8.758397698402404785e-01,1.611692871093750000e+03,7.997286376953125000e+02,8.052819967269897461e-01,1.614229125976562500e+03,7.997286376953125000e+02,7.517985701560974121e-01,1.616765380859375000e+03,5.587853393554687500e+02,9.537928700447082520e-01,1.614229125976562500e+03,5.993652954101562500e+02,9.427707195281982422e-01,1.611692871093750000e+03,6.855975952148437500e+02,8.925253152847290039e-01,1.616765380859375000e+03,8.225548095703125000e+02,7.347542643547058105e-01,1.624374145507812500e+03,8.225548095703125000e+02,7.093241810798645020e-01,1.621837890625000000e+03,8.200185546875000000e+02,7.893021702766418457e-01,1.614229125976562500e+03,8.225548095703125000e+02,7.721484899520874023e-01,1.609156738281250000e+03,8.073373413085937500e+02,6.967253088951110840e-01,1.611692871093750000e+03,8.073373413085937500e+02,7.208381891250610352e-01,1.561923342932612741e+03,5.559490857121871841e+02,9.871313965550780267e+01,2.613585724409236946e+02,0.000000000000000000e+00,0.000000000000000000e+00,0.000000000000000000e+00
1.887700000000000000e+04,8.800000000000000000e+01,2.647000000000000000e+03,5.300000000000000000e+01,1.620265502929687500e+03,5.820778198242187500e+02,9.456796050071716309e-01,1.622781250000000000e+03,5.745303955078125000e+02,9.240748286247253418e-01,1.615233886718750000e+03,5.770462036132812500e+02,9.552115201950073242e-01,1.627812866210937500e+03,5.795620117187500000e+02,9.053623080253601074e-01,1.605170654296875000e+03,5.795620117187500000e+02,9.367914795875549316e-01,1.637876098632812500e+03,6.147832031250000000e+02,9.057144522666931152e-01,1.592591674804687500e+03,6.147832031250000000e+02,9.586039185523986816e-01,1.647939331054687500e+03,6.500043945312500000e+02,9.322015643119812012e-01,1.582528442382812500e+03,6.600676269531250000e+02,9.109656214714050293e-01,1.655486694335937500e+03,6.827098388671875000e+02,9.562883377075195312e-01,1.577496948242187500e+03,7.003204345703125000e+02,8.785001635551452637e-01,1.625297119140625000e+03,6.877413940429687500e+02,8.721508383750915527e-01,1.600139160156250000e+03,6.902572021484375000e+02,8.646647334098815918e-01,1.617749755859375000e+03,7.456048583984375000e+02,8.599348664283752441e-01,1.610202270507812500e+03,7.456048583984375000e+02,8.950702548027038574e-01,1.612718139648437500e+03,7.984366455078125000e+02,8.673856258392333984e-01,1.615233886718750000e+03,8.034682617187500000e+02,7.959725260734558105e-01,1.617749755859375000e+03,5.594356079101562500e+02,9.511766433715820312e-01,1.615233886718750000e+03,5.996884155273437500e+02,9.478942155838012695e-01,1.612718139648437500e+03,6.877413940429687500e+02,8.978376984596252441e-01,1.612718139648437500e+03,8.210788574218750000e+02,7.121846675872802734e-01,1.625297119140625000e+03,8.261104736328125000e+02,7.688506841659545898e-01,1.620265502929687500e+03,8.185630493164062500e+02,7.538084387779235840e-01,1.617749755859375000e+03,8.235946655273437500e+02,8.212255835533142090e-01,1.607686523437500000e+03,8.034682617187500000e+02,7.510184645652770996e-01,1.615233886718750000e+03,8.110156250000000000e+02,7.191555500030517578e-01,1.563183967487989094e+03,5.570238875280039110e+02,9.771975769595610473e+01,2.588106910173968345e+02,0.000000000000000000e+00,0.000000000000000000e+00,0.000000000000000000e+00
1.887800000000000000e+04,8.800000000000000000e+01,2.676000000000000000e+03,5.400000000000000000e+01,1.621269897460937500e+03,5.821395874023437500e+02,9.471372365951538086e-01,1.627151245117187500e+03,5.762582397460937500e+02,9.605348110198974609e-01,1.615388549804687500e+03,5.762582397460937500e+02,9.271168112754821777e-01,1.630091918945312500e+03,5.791989135742187500e+02,9.275910854339599609e-01,1.606566528320312500e+03,5.791989135742187500e+02,9.300449490547180176e-01,1.638913940429687500e+03,6.144870605468750000e+02,9.084842801094055176e-01,1.591863159179687500e+03,6.144870605468750000e+02,9.134786725044250488e-01,1.647735961914062500e+03,6.497751464843750000e+02,9.343566894531250000e-01,1.583041137695312500e+03,6.585971679687500000e+02,9.257161617279052734e-01,1.653617309570312500e+03,6.821226196289062500e+02,9.625505208969116211e-01,1.580100463867187500e+03,6.997666625976562500e+02,9.062293171882629395e-01,1.627151245117187500e+03,6.880039672851562500e+02,8.873751759529113770e-01,1.600685180664062500e+03,6.880039672851562500e+02,8.544854521751403809e-01,1.621269897460937500e+03,7.438768310546875000e+02,8.659778833389282227e-01,1.609507202148437500e+03,7.409361572265625000e+02,8.712857961654663086e-01,1.612447875976562500e+03,7.909276123046875000e+02,7.228195667266845703e-01,1.615388549804687500e+03,7.968089599609375000e+02,7.703787684440612793e-01,1.618329223632812500e+03,5.615548706054687500e+02,9.602072238922119141e-01,1.618329223632812500e+03,5.997836914062500000e+02,9.346325397491455078e-01,1.615388549804687500e+03,6.880039672851562500e+02,9.088157415390014648e-01,1.615388549804687500e+03,8.232750854492187500e+02,6.701299548149108887e-01,1.624210571289062500e+03,8.232750854492187500e+02,8.454862833023071289e-01,1.627151245117187500e+03,8.203344116210937500e+02,7.114903330802917480e-01,1.615388549804687500e+03,8.232750854492187500e+02,8.095415234565734863e-01,1.609507202148437500e+03,7.968089599609375000e+02,7.095744013786315918e-01,1.612447875976562500e+03,8.056310424804687500e+02,7.474189400672912598e-01,1.564252138202675951e+03,5.488659561099822213e+02,1.070990165823636744e+02,2.868036177867492142e+02,0.000000000000000000e+00,0.000000000000000000e+00,0.000000000000000000e+00
1.887900000000000000e+04,8.800000000000000000e+01,2.676000000000000000e+03,5.500000000000000000e+01,1.621233032226562500e+03,5.806978149414062500e+02,9.115565419197082520e-01,1.627104248046875000e+03,5.777622070312500000e+02,9.281527996063232422e-01,1.618297485351562500e+03,5.748266601562500000e+02,9.054800271987915039e-01,1.632975463867187500e+03,5.806978149414062500e+02,9.393659234046936035e-01,1.609490722656250000e+03,5.806978149414062500e+02,9.422054886817932129e-01,1.638846557617187500e+03,6.159249267578125000e+02,9.052889943122863770e-01,1.594812744140625000e+03,6.159249267578125000e+02,9.353398084640502930e-01,1.647653320312500000e+03,6.482163696289062500e+02,9.166412353515625000e-01,1.586005981445312500e+03,6.599587402343750000e+02,9.167472124099731445e-01,1.653524536132812500e+03,6.805078735351562500e+02,9.165383577346801758e-01,1.580134765625000000e+03,7.010570068359375000e+02,9.026523232460021973e-01,1.627104248046875000e+03,6.893146362304687500e+02,8.658677339553833008e-01,1.600683959960937500e+03,6.893146362304687500e+02,8.699300885200500488e-01,1.621233032226562500e+03,7.450908813476562500e+02,8.406555056571960449e-01,1.612426269531250000e+03,7.450908813476562500e+02,8.866668343544006348e-01,1.612426269531250000e+03,7.949959106445312500e+02,7.796676754951477051e-01,1.615361816406250000e+03,8.038026733398437500e+02,8.034774065017700195e-01,1.621233032226562500e+03,5.601486816406250000e+02,9.566681981086730957e-01,1.618297485351562500e+03,6.012469482421875000e+02,9.351327419281005859e-01,1.615361816406250000e+03,6.893146362304687500e+02,8.972759842872619629e-01,1.615361816406250000e+03,8.243518066406250000e+02,6.569744348526000977e-01,1.627104248046875000e+03,8.302229614257812500e+02,8.399473428726196289e-01,1.627104248046875000e+03,8.214161987304687500e+02,7.128269076347351074e-01,1.618297485351562500e+03,8.302229614257812500e+02,9.062958359718322754e-01,1.606555053710937500e+03,8.008670654296875000e+02,7.863671183586120605e-01,1.615361816406250000e+03,8.096738281250000000e+02,8.447066545486450195e-01,1.565068949879487263e+03,5.469051559806994192e+02,1.095956944175634362e+02,2.966015860511179199e+02,0.000000000000000000e+00,0.000000000000000000e+00,0.000000000000000000e+00
1.888000000000000000e+04,8.800000000000000000e+01,2.647000000000000000e+03,5.600000000000000000e+01,1.624394653320312500e+03,5.796076660156250000e+02,9.098963141441345215e-01,1.627354736328125000e+03,5.766476440429687500e+02,9.157212972640991211e-01,1.618474609375000000e+03,5.736875610351562500e+02,9.191185235977172852e-01,1.633274780273437500e+03,5.796076660156250000e+02,9.124981760978698730e-01,1.609594482421875000e+03,5.796076660156250000e+02,9.400270581245422363e-01,1.639194946289062500e+03,6.151282348632812500e+02,8.887461423873901367e-01,1.597754272460937500e+03,6.121682128906250000e+02,9.280396699905395508e-01,1.648075073242187500e+03,6.476887817382812500e+02,8.979345560073852539e-01,1.585914062500000000e+03,6.565689086914062500e+02,8.960784673690795898e-01,1.653995117187500000e+03,6.802492675781250000e+02,9.229985475540161133e-01,1.582953979492187500e+03,7.009696044921875000e+02,8.447486162185668945e-01,1.630314697265625000e+03,6.861693725585937500e+02,8.536185026168823242e-01,1.603674316406250000e+03,6.861693725585937500e+02,8.571404218673706055e-01,1.624394653320312500e+03,7.453703002929687500e+02,8.387844562530517578e-01,1.612554443359375000e+03,7.424102783203125000e+02,8.735238909721374512e-01,1.612554443359375000e+03,7.927310791015625000e+02,7.189918756484985352e-01,1.615514526367187500e+03,8.045712890625000000e+02,8.053361177444458008e-01,1.621434570312500000e+03,5.588873291015625000e+02,9.289852380752563477e-01,1.618474609375000000e+03,5.973679809570312500e+02,9.241702556610107422e-01,1.615514526367187500e+03,6.861693725585937500e+02,9.048193693161010742e-01,1.612554443359375000e+03,8.164114379882812500e+02,5.959653258323669434e-01,1.627354736328125000e+03,8.312116699218750000e+02,8.435509800910949707e-01,1.627354736328125000e+03,8.193715209960937500e+02,6.037976741790771484e-01,1.618474609375000000e+03,8.312116699218750000e+02,8.886041045188903809e-01,1.609594482421875000e+03,7.986511840820312500e+02,7.055817842483520508e-01,1.615514526367187500e+03,8.104913940429687500e+02,8.445007205009460449e-01,1.565264338606973752e+03,5.452743108429497170e+02,1.109047717223841119e+02,3.020402547295337854e+02,0.000000000000000000e+00,0.000000000000000000e+00,0.000000000000000000e+00
1.888100000000000000e+04,8.800000000000000000e+01,2.647000000000000000e+03,5.700000000000000000e+01,1.624205688476562500e+03,5.787285156250000000e+02,9.205974340438842773e-01,1.627201293945312500e+03,5.757327880859375000e+02,9.142842292785644531e-01,1.618214355468750000e+03,5.727371215820312500e+02,9.319967627525329590e-01,1.633192749023437500e+03,5.787285156250000000e+02,9.220982193946838379e-01,1.609227294921875000e+03,5.757327880859375000e+02,9.491444826126098633e-01,1.642179687500000000e+03,6.116809082031250000e+02,8.785371780395507812e-01,1.597244628906250000e+03,6.116809082031250000e+02,9.267324209213256836e-01,1.651166748046875000e+03,6.476289672851562500e+02,9.035811424255371094e-01,1.588257568359375000e+03,6.566160278320312500e+02,9.210184812545776367e-01,1.654162353515625000e+03,6.805814208984375000e+02,9.241877794265747070e-01,1.585261962890625000e+03,6.985554809570312500e+02,8.878791928291320801e-01,1.630197021484375000e+03,6.865727539062500000e+02,8.781985044479370117e-01,1.603235961914062500e+03,6.865727539062500000e+02,8.633176684379577637e-01,1.624205688476562500e+03,7.434905395507812500e+02,8.182745575904846191e-01,1.612223022460937500e+03,7.434905395507812500e+02,8.311471939086914062e-01,1.612223022460937500e+03,7.854299926757812500e+02,7.361573576927185059e-01,1.618214355468750000e+03,8.034040527343750000e+02,7.788285017013549805e-01,1.621209960937500000e+03,5.577587890625000000e+02,9.359682202339172363e-01,1.621209960937500000e+03,5.967025146484375000e+02,9.402061700820922852e-01,1.618214355468750000e+03,6.865727539062500000e+02,9.333500862121582031e-01,1.606231567382812500e+03,8.034040527343750000e+02,5.752658247947692871e-01,1.630197021484375000e+03,8.333607788085937500e+02,8.616806268692016602e-01,1.615218627929687500e+03,8.034040527343750000e+02,5.234316587448120117e-01,1.618214355468750000e+03,8.333607788085937500e+02,9.067959785461425781e-01,1.606231567382812500e+03,7.884256591796875000e+02,6.526151299476623535e-01,1.618214355468750000e+03,8.093953857421875000e+02,7.558113336563110352e-01,1.564966154742424578e+03,5.438388499015227353e+02,1.116810465829660188e+02,3.063966811499930145e+02,0.000000000000000000e+00,0.000000000000000000e+00,0.000000000000000000e+00
1.888200000000000000e+04,8.800000000000000000e+01,2.647000000000000000e+03,5.800000000000000000e+01,1.622202026367187500e+03,5.794343261718750000e+02,9.438924193382263184e-01,1.625121704101562500e+03,5.735949096679687500e+02,9.550169706344604492e-01,1.616362670898437500e+03,5.735949096679687500e+02,9.349377155303955078e-01,1.633880859375000000e+03,5.765146484375000000e+02,9.377338290214538574e-01,1.610523193359375000e+03,5.765146484375000000e+02,9.527438282966613770e-01,1.645559692382812500e+03,6.115512084960937500e+02,9.029018282890319824e-01,1.598844360351562500e+03,6.115512084960937500e+02,9.607813954353332520e-01,1.651399169921875000e+03,6.465877685546875000e+02,9.164687395095825195e-01,1.590085205078125000e+03,6.553469238281250000e+02,9.353902935981750488e-01,1.654318847656250000e+03,6.816243286132812500e+02,9.436399340629577637e-01,1.584245727539062500e+03,6.991425781250000000e+02,9.183004498481750488e-01,1.633880859375000000e+03,6.874637451171875000e+02,8.923025727272033691e-01,1.607603515625000000e+03,6.903834838867187500e+02,8.646610975265502930e-01,1.630961181640625000e+03,7.487777099609375000e+02,7.850945591926574707e-01,1.616362670898437500e+03,7.487777099609375000e+02,8.119391798973083496e-01,1.613442871093750000e+03,7.779748535156250000e+02,7.520791292190551758e-01,1.619282348632812500e+03,8.071719970703125000e+02,8.603687882423400879e-01,1.622202026367187500e+03,5.560766601562500000e+02,9.448620080947875977e-01,1.622202026367187500e+03,5.969526367187500000e+02,9.410536289215087891e-01,1.619282348632812500e+03,6.874637451171875000e+02,9.479315280914306641e-01,1.601764038085937500e+03,7.984128417968750000e+02,6.861557960510253906e-01,1.630961181640625000e+03,8.334494018554687500e+02,9.036261439323425293e-01,1.616362670898437500e+03,7.984128417968750000e+02,5.855946540832519531e-01,1.619282348632812500e+03,8.334494018554687500e+02,9.462808966636657715e-01,1.607603515625000000e+03,7.750551147460937500e+02,6.595481038093566895e-01,1.619282348632812500e+03,8.130114135742187500e+02,8.719596862792968750e-01,1.566577055515997927e+03,5.462466353540930868e+02,1.097161073864303944e+02,3.029168716020822103e+02,0.000000000000000000e+00,0.000000000000000000e+00,0.000000000000000000e+00
1.888300000000000000e+04,8.800000000000000000e+01,2.647000000000000000e+03,5.900000000000000000e+01,1.619331909179687500e+03,5.788020019531250000e+02,9.638152718544006348e-01,1.625326171875000000e+03,5.728078002929687500e+02,9.747531414031982422e-01,1.616334716796875000e+03,5.728078002929687500e+02,9.605690836906433105e-01,1.634317504882812500e+03,5.758049316406250000e+02,9.118574261665344238e-01,1.610340576171875000e+03,5.758049316406250000e+02,9.392668604850769043e-01,1.643308837890625000e+03,6.117703247070312500e+02,8.791633844375610352e-01,1.598352050781250000e+03,6.087731933593750000e+02,9.390903711318969727e-01,1.652300170898437500e+03,6.507327880859375000e+02,9.302375316619873047e-01,1.589360717773437500e+03,6.537299194335937500e+02,9.287834167480468750e-01,1.655297241210937500e+03,6.837011108398437500e+02,9.414256215095520020e-01,1.586363647460937500e+03,6.986866455078125000e+02,9.098353385925292969e-01,1.634317504882812500e+03,6.896953125000000000e+02,9.001228213310241699e-01,1.607343383789062500e+03,6.896953125000000000e+02,8.757463693618774414e-01,1.631320312500000000e+03,7.496376342773437500e+02,8.082770705223083496e-01,1.616334716796875000e+03,7.496376342773437500e+02,7.970297932624816895e-01,1.616334716796875000e+03,7.796088256835937500e+02,8.729367852210998535e-01,1.622328979492187500e+03,8.125770874023437500e+02,8.471550941467285156e-01,1.622328979492187500e+03,5.548250732421875000e+02,9.580075740814208984e-01,1.622328979492187500e+03,5.937875976562500000e+02,9.450521469116210938e-01,1.619331909179687500e+03,6.866981811523437500e+02,9.271261096000671387e-01,1.613337646484375000e+03,7.975914916992187500e+02,5.743764042854309082e-01,1.631320312500000000e+03,8.365540161132812500e+02,9.535283446311950684e-01,1.622328979492187500e+03,7.975914916992187500e+02,5.576777458190917969e-01,1.619331909179687500e+03,8.335568847656250000e+02,9.796940684318542480e-01,1.613337646484375000e+03,7.796088256835937500e+02,7.552065849304199219e-01,1.622328979492187500e+03,8.155742187500000000e+02,8.259391784667968750e-01,1.566735850036151987e+03,5.443160382117737299e+02,1.098376879396269032e+02,3.065884864113540971e+02,0.000000000000000000e+00,0.000000000000000000e+00,0.000000000000000000e+00
1.888400000000000000e+04,8.800000000000000000e+01,2.647000000000000000e+03,6.000000000000000000e+01,1.619265502929687500e+03,5.739351196289062500e+02,9.628136754035949707e-01,1.625354370117187500e+03,5.708906860351562500e+02,9.751585721969604492e-01,1.616221069335937500e+03,5.708906860351562500e+02,9.623645544052124023e-01,1.634487548828125000e+03,5.739351196289062500e+02,8.919607996940612793e-01,1.610132324218750000e+03,5.739351196289062500e+02,9.393462538719177246e-01,1.646665283203125000e+03,6.104680786132812500e+02,8.913228511810302734e-01,1.597954589843750000e+03,6.104680786132812500e+02,9.389655590057373047e-01,1.655798461914062500e+03,6.530899047851562500e+02,9.065487384796142578e-01,1.591865722656250000e+03,6.561343383789062500e+02,9.309057593345642090e-01,1.655798461914062500e+03,6.896229248046875000e+02,9.304620027542114258e-01,1.588821411132812500e+03,6.987561645507812500e+02,9.064469933509826660e-01,1.634487548828125000e+03,6.926672973632812500e+02,8.575524687767028809e-01,1.607087890625000000e+03,6.957117309570312500e+02,8.531544804573059082e-01,1.634487548828125000e+03,7.535556640625000000e+02,8.234667181968688965e-01,1.616221069335937500e+03,7.566000366210937500e+02,7.365093827247619629e-01,1.619265502929687500e+03,7.809553833007812500e+02,8.501015901565551758e-01,1.622309936523437500e+03,8.174883422851562500e+02,8.457822799682617188e-01,1.622309936523437500e+03,5.526242065429687500e+02,9.593896865844726562e-01,1.622309936523437500e+03,5.922015991210937500e+02,9.482370615005493164e-01,1.622309936523437500e+03,6.926672973632812500e+02,9.204142689704895020e-01,1.628398803710937500e+03,8.022662963867187500e+02,7.524243593215942383e-01,1.631443115234375000e+03,8.357548828125000000e+02,9.213567972183227539e-01,1.628398803710937500e+03,8.022662963867187500e+02,7.173588871955871582e-01,1.619265502929687500e+03,8.357548828125000000e+02,9.290862679481506348e-01,1.616221069335937500e+03,7.809553833007812500e+02,7.062879800796508789e-01,1.622309936523437500e+03,8.205327758789062500e+02,7.820764183998107910e-01,1.566835105106318906e+03,5.420634206418335452e+02,1.096455270373005533e+02,3.110406049944606366e+02,0.000000000000000000e+00,0.000000000000000000e+00,0.000000000000000000e+00
1.888500000000000000e+04,8.800000000000000000e+01,2.647000000000000000e+03,6.100000000000000000e+01,1.619697265625000000e+03,5.750663452148437500e+02,9.653251767158508301e-01,1.625878051757812500e+03,5.688854370117187500e+02,9.780488014221191406e-01,1.616606811523437500e+03,5.688854370117187500e+02,9.679572582244873047e-01,1.635149414062500000e+03,5.719758911132812500e+02,9.219180345535278320e-01,1.610425903320312500e+03,5.719758911132812500e+02,9.598644375801086426e-01,1.647511230468750000e+03,6.090612792968750000e+02,8.876253366470336914e-01,1.598064086914062500e+03,6.090612792968750000e+02,9.541342258453369141e-01,1.653692138671875000e+03,6.554179687500000000e+02,9.380262494087219238e-01,1.591883178710937500e+03,6.585084228515625000e+02,9.305556416511535645e-01,1.656782592773437500e+03,6.925032958984375000e+02,9.426403641700744629e-01,1.588792724609375000e+03,7.017746582031250000e+02,8.958887457847595215e-01,1.638239868164062500e+03,6.986842041015625000e+02,8.899680972099304199e-01,1.607335449218750000e+03,6.986842041015625000e+02,8.966002464294433594e-01,1.638239868164062500e+03,7.574027099609375000e+02,8.972141146659851074e-01,1.616606811523437500e+03,7.604931030273437500e+02,8.911396861076354980e-01,1.628968505859375000e+03,7.852166748046875000e+02,8.754976987838745117e-01,1.622787597656250000e+03,8.161211547851562500e+02,8.612635731697082520e-01,1.622787597656250000e+03,5.503427734375000000e+02,9.757487177848815918e-01,1.622787597656250000e+03,5.936090087890625000e+02,9.534710645675659180e-01,1.622787597656250000e+03,6.955937500000000000e+02,9.209350347518920898e-01,1.632058959960937500e+03,8.130307006835937500e+02,8.152186274528503418e-01,1.628968505859375000e+03,8.377542724609375000e+02,9.112629294395446777e-01,1.635149414062500000e+03,8.099402465820312500e+02,8.136493563652038574e-01,1.616606811523437500e+03,8.377542724609375000e+02,9.037135839462280273e-01,1.628968505859375000e+03,7.852166748046875000e+02,7.113819122314453125e-01,1.625878051757812500e+03,8.223020629882812500e+02,8.088458776473999023e-01,1.567244686156903754e+03,5.396372841621166572e+02,1.093113254910770138e+02,3.157070338624628221e+02,0.000000000000000000e+00,0.000000000000000000e+00,0.000000000000000000e+00
1.888600000000000000e+04,8.800000000000000000e+01,2.647000000000000000e+03,6.200000000000000000e+01,1.621994262695312500e+03,5.735932006835937500e+02,9.411994218826293945e-01,1.628032226562500000e+03,5.675551757812500000e+02,9.544986486434936523e-01,1.615956298828125000e+03,5.675551757812500000e+02,9.489871859550476074e-01,1.637089233398437500e+03,5.705742187500000000e+02,9.546965360641479492e-01,1.609918334960937500e+03,5.705742187500000000e+02,9.269677996635437012e-01,1.646146240234375000e+03,6.068021240234375000e+02,8.800169229507446289e-01,1.597842407226562500e+03,6.068021240234375000e+02,9.626897573471069336e-01,1.655203247070312500e+03,6.551059570312500000e+02,9.229768514633178711e-01,1.591804321289062500e+03,6.551059570312500000e+02,9.026002287864685059e-01,1.655203247070312500e+03,6.943528442382812500e+02,9.195826053619384766e-01,1.588785400390625000e+03,7.003908691406250000e+02,9.213339686393737793e-01,1.637089233398437500e+03,6.973718872070312500e+02,8.667993545532226562e-01,1.606899291992187500e+03,7.003908691406250000e+02,8.744882345199584961e-01,1.640108276367187500e+03,7.607706909179687500e+02,9.310986399650573730e-01,1.615956298828125000e+03,7.607706909179687500e+02,9.006156325340270996e-01,1.631051269531250000e+03,7.909606323242187500e+02,8.565280437469482422e-01,1.621994262695312500e+03,8.151125488281250000e+02,8.761258721351623535e-01,1.621994262695312500e+03,5.494412231445312500e+02,9.780185818672180176e-01,1.621994262695312500e+03,5.917071533203125000e+02,9.741703271865844727e-01,1.621994262695312500e+03,6.973718872070312500e+02,9.362311363220214844e-01,1.634070312500000000e+03,8.181315307617187500e+02,8.357945084571838379e-01,1.628032226562500000e+03,8.362454833984375000e+02,9.009019732475280762e-01,1.637089233398437500e+03,8.181315307617187500e+02,8.719997406005859375e-01,1.618975341796875000e+03,8.362454833984375000e+02,9.167786240577697754e-01,1.631051269531250000e+03,7.939796142578125000e+02,7.678815722465515137e-01,1.625013305664062500e+03,8.211505126953125000e+02,8.623448014259338379e-01,1.570268093640751204e+03,5.402899569241919835e+02,1.062899269602262393e+02,3.126317426773487114e+02,0.000000000000000000e+00,0.000000000000000000e+00,0.000000000000000000e+00
1.888700000000000000e+04,8.800000000000000000e+01,2.647000000000000000e+03,6.300000000000000000e+01,1.622134887695312500e+03,5.737973632812500000e+02,9.236911535263061523e-01,1.628154418945312500e+03,5.677778930664062500e+02,9.375420212745666504e-01,1.616115478515625000e+03,5.677778930664062500e+02,9.425421357154846191e-01,1.637183593750000000e+03,5.707876586914062500e+02,9.552093148231506348e-01,1.610095947265625000e+03,5.707876586914062500e+02,9.256011843681335449e-01,1.649222534179687500e+03,6.099141845703125000e+02,8.879200220108032227e-01,1.598057006835937500e+03,6.069044799804687500e+02,9.690029025077819824e-01,1.658251708984375000e+03,6.580699462890625000e+02,9.253143668174743652e-01,1.592037597656250000e+03,6.550602416992187500e+02,9.010545611381530762e-01,1.661261474609375000e+03,6.971965332031250000e+02,9.371035695075988770e-01,1.589027832031250000e+03,7.002062377929687500e+02,9.273436665534973145e-01,1.637183593750000000e+03,6.971965332031250000e+02,8.890833258628845215e-01,1.607086181640625000e+03,6.971965332031250000e+02,8.675634264945983887e-01,1.640193359375000000e+03,7.604009399414062500e+02,8.973886966705322266e-01,1.616115478515625000e+03,7.634107055664062500e+02,9.111876487731933594e-01,1.634173828125000000e+03,7.995275268554687500e+02,9.644002914428710938e-01,1.622134887695312500e+03,8.145761718750000000e+02,8.198433518409729004e-01,1.622134887695312500e+03,5.497194824218750000e+02,9.638779759407043457e-01,1.625144653320312500e+03,5.918557739257812500e+02,9.718776345252990723e-01,1.622134887695312500e+03,6.971965332031250000e+02,9.374378919601440430e-01,1.637183593750000000e+03,8.266151123046875000e+02,9.777007102966308594e-01,1.631164062500000000e+03,8.356443481445312500e+02,8.902967572212219238e-01,1.643203002929687500e+03,8.236054077148437500e+02,9.596707820892333984e-01,1.622134887695312500e+03,8.356443481445312500e+02,8.923007249832153320e-01,1.634173828125000000e+03,7.995275268554687500e+02,8.522480726242065430e-01,1.622134887695312500e+03,8.175859375000000000e+02,7.322660684585571289e-01,1.571953095066742435e+03,5.407946029617420436e+02,1.041531024149003315e+02,3.106690508314710542e+02,0.000000000000000000e+00,0.000000000000000000e+00,0.000000000000000000e+00
1.888800000000000000e+04,8.800000000000000000e+01,2.674000000000000000e+03,6.400000000000000000e+01,1.619866455078125000e+03,5.714102172851562500e+02,9.380527734756469727e-01,1.625902709960937500e+03,5.653739013671875000e+02,9.608256220817565918e-01,1.613830200195312500e+03,5.653739013671875000e+02,9.214321374893188477e-01,1.634957153320312500e+03,5.683920898437500000e+02,9.556904435157775879e-01,1.607793823242187500e+03,5.683920898437500000e+02,9.014776945114135742e-01,1.650047973632812500e+03,6.076279907226562500e+02,8.894948959350585938e-01,1.598739379882812500e+03,6.076279907226562500e+02,9.698698520660400391e-01,1.659102416992187500e+03,6.589365844726562500e+02,9.031155109405517578e-01,1.592703125000000000e+03,6.559183959960937500e+02,9.152887463569641113e-01,1.662120605468750000e+03,7.011906738281250000e+02,9.432322978973388672e-01,1.586666748046875000e+03,6.981725463867187500e+02,9.171987175941467285e-01,1.640993530273437500e+03,6.981725463867187500e+02,9.051581621170043945e-01,1.607793823242187500e+03,6.981725463867187500e+02,9.104826450347900391e-01,1.640993530273437500e+03,7.585355224609375000e+02,9.027525782585144043e-01,1.616848266601562500e+03,7.615537109375000000e+02,9.144042134284973145e-01,1.637975341796875000e+03,8.068259277343750000e+02,9.373517036437988281e-01,1.622884643554687500e+03,8.158803710937500000e+02,8.795067667961120605e-01,1.622884643554687500e+03,5.472650146484375000e+02,9.325997829437255859e-01,1.622884643554687500e+03,5.925372924804687500e+02,9.604948759078979492e-01,1.622884643554687500e+03,6.951543579101562500e+02,9.466782212257385254e-01,1.634957153320312500e+03,8.309711303710937500e+02,9.459374547004699707e-01,1.628920898437500000e+03,8.339893188476562500e+02,9.098967909812927246e-01,1.644011596679687500e+03,8.279530029296875000e+02,9.303566217422485352e-01,1.619866455078125000e+03,8.370074462890625000e+02,9.615952372550964355e-01,1.637975341796875000e+03,8.098441162109375000e+02,8.787617087364196777e-01,1.622884643554687500e+03,8.188985595703125000e+02,8.038709759712219238e-01,1.573305945093555692e+03,5.413796569212265695e+02,1.028060698421129473e+02,3.103889168912130572e+02,0.000000000000000000e+00,0.000000000000000000e+00,0.000000000000000000e+00
1.888900000000000000e+04,8.800000000000000000e+01,2.674000000000000000e+03,6.500000000000000000e+01,1.620518676757812500e+03,5.728915405273437500e+02,9.589548707008361816e-01,1.626523681640625000e+03,5.668864746093750000e+02,9.847919940948486328e-01,1.614513671875000000e+03,5.668864746093750000e+02,9.527798891067504883e-01,1.635531250000000000e+03,5.698890380859375000e+02,9.386520385742187500e-01,1.608508544921875000e+03,5.698890380859375000e+02,9.107542634010314941e-01,1.650543945312500000e+03,6.089218750000000000e+02,8.964248299598693848e-01,1.599500976562500000e+03,6.089218750000000000e+02,9.716832041740417480e-01,1.659551513671875000e+03,6.569623413085937500e+02,9.003748297691345215e-01,1.593495971679687500e+03,6.539597778320312500e+02,9.237885475158691406e-01,1.662554077148437500e+03,7.020002441406250000e+02,9.326294660568237305e-01,1.587490844726562500e+03,6.989977416992187500e+02,9.293124079704284668e-01,1.641536376953125000e+03,6.959951782226562500e+02,9.117124676704406738e-01,1.608508544921875000e+03,6.989977416992187500e+02,9.133216738700866699e-01,1.641536376953125000e+03,7.590482788085937500e+02,9.185363650321960449e-01,1.617516113281250000e+03,7.620507812500000000e+02,9.101553559303283691e-01,1.638533813476562500e+03,8.160963134765625000e+02,9.077669978141784668e-01,1.623521240234375000e+03,8.160963134765625000e+02,8.731918931007385254e-01,1.620518676757812500e+03,5.488713378906250000e+02,9.402801394462585449e-01,1.623521240234375000e+03,5.909067382812500000e+02,9.707543849945068359e-01,1.623521240234375000e+03,6.959951782226562500e+02,9.208467006683349609e-01,1.641536376953125000e+03,8.371140136718750000e+02,9.373037219047546387e-01,1.629526245117187500e+03,8.371140136718750000e+02,8.915002346038818359e-01,1.647541381835937500e+03,8.341114501953125000e+02,9.464639425277709961e-01,1.623521240234375000e+03,8.371140136718750000e+02,9.051451086997985840e-01,1.638533813476562500e+03,8.190988159179687500e+02,8.479341864585876465e-01,1.623521240234375000e+03,8.221013793945312500e+02,7.729347348213195801e-01,1.574710236802823829e+03,5.427053595669360675e+02,1.012464967121379686e+02,3.091499964219921139e+02,0.000000000000000000e+00,0.000000000000000000e+00,0.000000000000000000e+00
1.889000000000000000e+04,8.800000000000000000e+01,2.659000000000000000e+03,6.600000000000000000e+01,1.619400390625000000e+03,5.716843261718750000e+02,9.596825242042541504e-01,1.625410278320312500e+03,5.656744384765625000e+02,9.785776138305664062e-01,1.616395507812500000e+03,5.656744384765625000e+02,9.672080874443054199e-01,1.637429931640625000e+03,5.716843261718750000e+02,9.118710160255432129e-01,1.610385620117187500e+03,5.716843261718750000e+02,9.261634945869445801e-01,1.649449707031250000e+03,6.077434082031250000e+02,9.018625020980834961e-01,1.598365966796875000e+03,6.077434082031250000e+02,9.593456387519836426e-01,1.658464477539062500e+03,6.588271484375000000e+02,9.340901374816894531e-01,1.592356079101562500e+03,6.558222656250000000e+02,9.251438379287719727e-01,1.661469360351562500e+03,7.008961181640625000e+02,9.200086593627929688e-01,1.589351196289062500e+03,7.008961181640625000e+02,9.413899779319763184e-01,1.640434936523437500e+03,7.008961181640625000e+02,9.405403137207031250e-01,1.610385620117187500e+03,7.008961181640625000e+02,9.242664575576782227e-01,1.640434936523437500e+03,7.609946899414062500e+02,8.930625319480895996e-01,1.616395507812500000e+03,7.639995727539062500e+02,9.243735671043395996e-01,1.640434936523437500e+03,8.180882568359375000e+02,9.696143865585327148e-01,1.622405273437500000e+03,8.150833129882812500e+02,9.587584733963012695e-01,1.622405273437500000e+03,5.506498413085937500e+02,9.663397073745727539e-01,1.625410278320312500e+03,5.927188110351562500e+02,9.700156450271606445e-01,1.625410278320312500e+03,6.978912353515625000e+02,9.158215522766113281e-01,1.640434936523437500e+03,8.421276855468750000e+02,9.229769706726074219e-01,1.628415161132812500e+03,8.361177978515625000e+02,9.242049455642700195e-01,1.649449707031250000e+03,8.421276855468750000e+02,9.307046532630920410e-01,1.619400390625000000e+03,8.361177978515625000e+02,9.157904386520385742e-01,1.637429931640625000e+03,8.240980834960937500e+02,8.819391727447509766e-01,1.622405273437500000e+03,8.150833129882812500e+02,8.517826199531555176e-01,1.576859253867432471e+03,5.444049132671555071e+02,9.981978816828222989e+01,3.087648393867133336e+02,0.000000000000000000e+00,0.000000000000000000e+00,0.000000000000000000e+00
1.889100000000000000e+04,8.800000000000000000e+01,2.659000000000000000e+03,6.700000000000000000e+01,1.619899658203125000e+03,5.730735473632812500e+02,9.602595567703247070e-01,1.625982910156250000e+03,5.669902954101562500e+02,9.737960100173950195e-01,1.613816406250000000e+03,5.669902954101562500e+02,9.721685051918029785e-01,1.635107666015625000e+03,5.700319213867187500e+02,9.292840361595153809e-01,1.610774780273437500e+03,5.730735473632812500e+02,9.281031489372253418e-01,1.653357421875000000e+03,6.095729980468750000e+02,9.100551009178161621e-01,1.598608276367187500e+03,6.095729980468750000e+02,9.468342661857604980e-01,1.659440673828125000e+03,6.582388916015625000e+02,9.541748762130737305e-01,1.592525024414062500e+03,6.582388916015625000e+02,9.189505577087402344e-01,1.662482299804687500e+03,7.008215942382812500e+02,9.198923707008361816e-01,1.589483398437500000e+03,7.008215942382812500e+02,9.550968408584594727e-01,1.641190917968750000e+03,6.977799682617187500e+02,9.132741689682006836e-01,1.610774780273437500e+03,7.008215942382812500e+02,8.828310370445251465e-01,1.641190917968750000e+03,7.616539916992187500e+02,9.188787341117858887e-01,1.616858032226562500e+03,7.616539916992187500e+02,9.493435025215148926e-01,1.641190917968750000e+03,8.224864501953125000e+02,9.346741437911987305e-01,1.622941284179687500e+03,8.164031982421875000e+02,9.371247887611389160e-01,1.622941284179687500e+03,5.487405395507812500e+02,9.739212989807128906e-01,1.625982910156250000e+03,5.943648681640625000e+02,9.704922437667846680e-01,1.625982910156250000e+03,6.977799682617187500e+02,9.244389533996582031e-01,1.641190917968750000e+03,8.468193969726562500e+02,9.000502228736877441e-01,1.625982910156250000e+03,8.376945190429687500e+02,9.391360878944396973e-01,1.647274169921875000e+03,8.468193969726562500e+02,8.801647424697875977e-01,1.619899658203125000e+03,8.376945190429687500e+02,9.518646597862243652e-01,1.641190917968750000e+03,8.285697021484375000e+02,8.373660445213317871e-01,1.622941284179687500e+03,8.194448242187500000e+02,8.614692687988281250e-01,1.577901646019264035e+03,5.457706171724198612e+02,9.951338836004310906e+01,3.110344187210025666e+02,0.000000000000000000e+00,0.000000000000000000e+00,0.000000000000000000e+00
1.889200000000000000e+04,8.800000000000000000e+01,2.659000000000000000e+03,6.800000000000000000e+01,1.620640014648437500e+03,5.745935668945312500e+02,9.452676177024841309e-01,1.626619262695312500e+03,5.686143188476562500e+02,9.521733522415161133e-01,1.614660766601562500e+03,5.686143188476562500e+02,9.664870500564575195e-01,1.635588012695312500e+03,5.716039428710937500e+02,9.373601078987121582e-01,1.611671142578125000e+03,5.745935668945312500e+02,9.065037369728088379e-01,1.653525756835937500e+03,6.104689941406250000e+02,9.049136042594909668e-01,1.602702270507812500e+03,6.104689941406250000e+02,9.218423962593078613e-01,1.659505004882812500e+03,6.612924804687500000e+02,9.136096239089965820e-01,1.593733398437500000e+03,6.583028564453125000e+02,9.354503154754638672e-01,1.662494628906250000e+03,7.061367797851562500e+02,9.326646327972412109e-01,1.590743774414062500e+03,7.031471557617187500e+02,9.253626465797424316e-01,1.641567260742187500e+03,7.001575317382812500e+02,9.294037818908691406e-01,1.611671142578125000e+03,7.001575317382812500e+02,9.184868335723876953e-01,1.641567260742187500e+03,7.629395141601562500e+02,9.098344445228576660e-01,1.617650390625000000e+03,7.659291381835937500e+02,9.306202530860900879e-01,1.641567260742187500e+03,8.227319335937500000e+02,9.373829364776611328e-01,1.623629638671875000e+03,8.167526855468750000e+02,9.518582224845886230e-01,1.623629638671875000e+03,5.506765747070312500e+02,9.739112854003906250e-01,1.626619262695312500e+03,5.925312500000000000e+02,9.790593385696411133e-01,1.626619262695312500e+03,6.971679077148437500e+02,9.027069211006164551e-01,1.638577636718750000e+03,8.466488647460937500e+02,8.914382457733154297e-01,1.626619262695312500e+03,8.376799926757812500e+02,9.516143202781677246e-01,1.647546508789062500e+03,8.436592407226562500e+02,9.153430461883544922e-01,1.617650390625000000e+03,8.376799926757812500e+02,9.511724710464477539e-01,1.641567260742187500e+03,8.287111206054687500e+02,8.177816271781921387e-01,1.623629638671875000e+03,8.167526855468750000e+02,8.507742285728454590e-01,1.579300053953523957e+03,5.475909414033296798e+02,9.810786674905102700e+01,3.083410314667278271e+02,0.000000000000000000e+00,0.000000000000000000e+00,0.000000000000000000e+00
1.889300000000000000e+04,8.800000000000000000e+01,2.659000000000000000e+03,6.900000000000000000e+01,1.619970092773437500e+03,5.744537353515625000e+02,9.422000050544738770e-01,1.625972167968750000e+03,5.684517211914062500e+02,9.378546476364135742e-01,1.616969116210937500e+03,5.684517211914062500e+02,9.324214458465576172e-01,1.637976196289062500e+03,5.744537353515625000e+02,9.531683921813964844e-01,1.610967163085937500e+03,5.744537353515625000e+02,8.985782265663146973e-01,1.652981201171875000e+03,6.104657592773437500e+02,9.007805585861206055e-01,1.601964111328125000e+03,6.104657592773437500e+02,9.389873147010803223e-01,1.661984130859375000e+03,6.614827880859375000e+02,9.270545244216918945e-01,1.592961181640625000e+03,6.584818115234375000e+02,9.058497548103332520e-01,1.667986206054687500e+03,7.034968261718750000e+02,9.175084829330444336e-01,1.589960083007812500e+03,7.064978027343750000e+02,9.404903650283813477e-01,1.640977172851562500e+03,7.004957885742187500e+02,8.997296094894409180e-01,1.610967163085937500e+03,7.004957885742187500e+02,8.820250630378723145e-01,1.640977172851562500e+03,7.665178833007812500e+02,9.147870540618896484e-01,1.616969116210937500e+03,7.665178833007812500e+02,9.490639567375183105e-01,1.640977172851562500e+03,8.235368652343750000e+02,9.368749260902404785e-01,1.622971191406250000e+03,8.175349121093750000e+02,9.228247404098510742e-01,1.622971191406250000e+03,5.534467163085937500e+02,9.016181230545043945e-01,1.625972167968750000e+03,5.954607543945312500e+02,9.567614793777465820e-01,1.625972167968750000e+03,7.004957885742187500e+02,9.332244396209716797e-01,1.634975219726562500e+03,8.475449218750000000e+02,9.053407311439514160e-01,1.625972167968750000e+03,8.385419311523437500e+02,9.572744965553283691e-01,1.643978149414062500e+03,8.445438842773437500e+02,8.977236747741699219e-01,1.619970092773437500e+03,8.385419311523437500e+02,9.586949944496154785e-01,1.637976196289062500e+03,8.295388793945312500e+02,8.313691020011901855e-01,1.622971191406250000e+03,8.175349121093750000e+02,8.910777568817138672e-01,1.579363216339491373e+03,5.501144922340087078e+02,9.756641945067963206e+01,3.080191701294639870e+02,0.000000000000000000e+00,0.000000000000000000e+00,0.000000000000000000e+00
1.889400000000000000e+04,8.800000000000000000e+01,2.659000000000000000e+03,7.000000000000000000e+01,1.619536621093750000e+03,5.778657226562500000e+02,9.448977708816528320e-01,1.625572753906250000e+03,5.718296508789062500e+02,9.596011042594909668e-01,1.616518554687500000e+03,5.718296508789062500e+02,9.412944912910461426e-01,1.637645019531250000e+03,5.748476562500000000e+02,9.586511850357055664e-01,1.610482421875000000e+03,5.778657226562500000e+02,8.751426935195922852e-01,1.652735351562500000e+03,6.140824584960937500e+02,9.191934466361999512e-01,1.601428344726562500e+03,6.110643920898437500e+02,9.061504006385803223e-01,1.661789428710937500e+03,6.593533325195312500e+02,9.407348632812500000e-01,1.595392211914062500e+03,6.623713989257812500e+02,9.234379529953002930e-01,1.667825561523437500e+03,7.046242065429687500e+02,9.287129640579223633e-01,1.589356079101562500e+03,7.076422729492187500e+02,9.171217083930969238e-01,1.640663085937500000e+03,7.016061401367187500e+02,9.285612106323242188e-01,1.610482421875000000e+03,7.016061401367187500e+02,8.854109644889831543e-01,1.640663085937500000e+03,7.649854125976562500e+02,9.178513884544372559e-01,1.616518554687500000e+03,7.680034179687500000e+02,9.340011477470397949e-01,1.637645019531250000e+03,8.283646240234375000e+02,8.514752388000488281e-01,1.622554687500000000e+03,8.162923583984375000e+02,8.806326985359191895e-01,1.625572753906250000e+03,5.537212524414062500e+02,9.505540132522583008e-01,1.628590820312500000e+03,5.959741210937500000e+02,9.579785466194152832e-01,1.625572753906250000e+03,6.985880737304687500e+02,9.184612035751342773e-01,1.634626953125000000e+03,8.494910278320312500e+02,8.373295068740844727e-01,1.625572753906250000e+03,8.374188232421875000e+02,9.040333032608032227e-01,1.640663085937500000e+03,8.464729614257812500e+02,8.824180364608764648e-01,1.619536621093750000e+03,8.344007568359375000e+02,9.299463033676147461e-01,1.637645019531250000e+03,8.313826904296875000e+02,8.161789178848266602e-01,1.622554687500000000e+03,8.162923583984375000e+02,8.505099415779113770e-01,1.580798023243082071e+03,5.512318176352569026e+02,9.793002927644238298e+01,3.090127220722628181e+02,0.000000000000000000e+00,0.000000000000000000e+00,0.000000000000000000e+00
1.889500000000000000e+04,8.800000000000000000e+01,2.659000000000000000e+03,7.100000000000000000e+01,1.619331298828125000e+03,5.773671875000000000e+02,9.467484951019287109e-01,1.628287597656250000e+03,5.743817749023437500e+02,9.483106136322021484e-01,1.616345825195312500e+03,5.713963623046875000e+02,9.613838195800781250e-01,1.640229248046875000e+03,5.773671875000000000e+02,9.209439158439636230e-01,1.613360473632812500e+03,5.773671875000000000e+02,8.751822710037231445e-01,1.655156372070312500e+03,6.131922607421875000e+02,9.303692579269409180e-01,1.601418701171875000e+03,6.131922607421875000e+02,9.507607221603393555e-01,1.664112670898437500e+03,6.609590454101562500e+02,9.118824601173400879e-01,1.595447875976562500e+03,6.639444580078125000e+02,9.369744062423706055e-01,1.667098022460937500e+03,7.027549438476562500e+02,9.056196808815002441e-01,1.589477050781250000e+03,7.087257690429687500e+02,9.132694602012634277e-01,1.643214721679687500e+03,7.027549438476562500e+02,9.497734308242797852e-01,1.610375000000000000e+03,7.027549438476562500e+02,9.110042452812194824e-01,1.637243774414062500e+03,7.684342651367187500e+02,8.605216741561889648e-01,1.616345825195312500e+03,7.684342651367187500e+02,9.422757625579833984e-01,1.634258422851562500e+03,8.311281127929687500e+02,7.890687584877014160e-01,1.622316772460937500e+03,8.162009887695312500e+02,8.830807805061340332e-01,1.625302124023437500e+03,5.534838256835937500e+02,9.675428867340087891e-01,1.628287597656250000e+03,5.982651367187500000e+02,9.459062814712524414e-01,1.628287597656250000e+03,6.997695312500000000e+02,8.936718702316284180e-01,1.631272949218750000e+03,8.579969482421875000e+02,8.477889299392700195e-01,1.625302124023437500e+03,8.370989990234375000e+02,8.860133886337280273e-01,1.637243774414062500e+03,8.550115356445312500e+02,8.328396081924438477e-01,1.619331298828125000e+03,8.370989990234375000e+02,8.931478857994079590e-01,1.631272949218750000e+03,8.370989990234375000e+02,7.452392578125000000e-01,1.622316772460937500e+03,8.162009887695312500e+02,7.819754481315612793e-01,1.581221242227652056e+03,5.554335659169144037e+02,9.781124554061148046e+01,3.071507460677968311e+02,0.000000000000000000e+00,0.000000000000000000e+00,0.000000000000000000e+00
1.889600000000000000e+04,8.800000000000000000e+01,2.664000000000000000e+03,7.200000000000000000e+01,1.619811279296875000e+03,5.788615722656250000e+02,9.476308226585388184e-01,1.625656982421875000e+03,5.730158691406250000e+02,9.366180896759033203e-01,1.616888427734375000e+03,5.730158691406250000e+02,9.820845127105712891e-01,1.640271240234375000e+03,5.759387207031250000e+02,9.398226141929626465e-01,1.613965576171875000e+03,5.759387207031250000e+02,8.878869414329528809e-01,1.654885498046875000e+03,6.139357299804687500e+02,9.213221073150634766e-01,1.602274169921875000e+03,6.139357299804687500e+02,9.393742084503173828e-01,1.663654052734375000e+03,6.607012329101562500e+02,9.267770648002624512e-01,1.596428466796875000e+03,6.636240844726562500e+02,9.389377236366271973e-01,1.666576782226562500e+03,7.045439453125000000e+02,9.129095077514648438e-01,1.590582885742187500e+03,7.103896484375000000e+02,9.280236959457397461e-01,1.640271240234375000e+03,7.045439453125000000e+02,9.062284231185913086e-01,1.611042724609375000e+03,7.045439453125000000e+02,8.953160047531127930e-01,1.637348388671875000e+03,7.717694091796875000e+02,8.715010285377502441e-01,1.616888427734375000e+03,7.717694091796875000e+02,9.111019372940063477e-01,1.631502685546875000e+03,8.360720214843750000e+02,7.473367452621459961e-01,1.622734130859375000e+03,8.156121215820312500e+02,8.425892591476440430e-01,1.625656982421875000e+03,5.554787597656250000e+02,9.431630373001098633e-01,1.628579833984375000e+03,5.993214721679687500e+02,9.385701417922973633e-01,1.628579833984375000e+03,7.016210937500000000e+02,8.997867107391357422e-01,1.628579833984375000e+03,8.623776855468750000e+02,8.813629746437072754e-01,1.622734130859375000e+03,8.360720214843750000e+02,8.512880802154541016e-01,1.634425537109375000e+03,8.623776855468750000e+02,8.702123761177062988e-01,1.616888427734375000e+03,8.331492309570312500e+02,8.386397361755371094e-01,1.631502685546875000e+03,8.448405761718750000e+02,7.318711876869201660e-01,1.619811279296875000e+03,8.156121215820312500e+02,7.074588537216186523e-01,1.582056459856925130e+03,5.602065805352019652e+02,9.667807863504253874e+01,3.021687040207432347e+02,0.000000000000000000e+00,0.000000000000000000e+00,0.000000000000000000e+00
1.889700000000000000e+04,8.800000000000000000e+01,2.659000000000000000e+03,7.300000000000000000e+01,1.621562988281250000e+03,5.783184204101562500e+02,9.530218243598937988e-01,1.627505004882812500e+03,5.723764038085937500e+02,9.794519543647766113e-01,1.618591918945312500e+03,5.723764038085937500e+02,9.928270578384399414e-01,1.639389038085937500e+03,5.753474121093750000e+02,9.577622413635253906e-01,1.612649902343750000e+03,5.753474121093750000e+02,8.847702145576477051e-01,1.657215087890625000e+03,6.139705810546875000e+02,8.906256556510925293e-01,1.603736816406250000e+03,6.109995727539062500e+02,9.592789411544799805e-01,1.663157104492187500e+03,6.615067749023437500e+02,9.244065880775451660e-01,1.594823852539062500e+03,6.644777832031250000e+02,9.111537933349609375e-01,1.672070190429687500e+03,7.031009521484375000e+02,9.135493040084838867e-01,1.591852783203125000e+03,7.120139770507812500e+02,9.091619849205017090e-01,1.642359985351562500e+03,7.031009521484375000e+02,9.017533063888549805e-01,1.612649902343750000e+03,7.031009521484375000e+02,9.140912890434265137e-01,1.636417968750000000e+03,7.684632568359375000e+02,8.739512562751770020e-01,1.618591918945312500e+03,7.684632568359375000e+02,9.091724753379821777e-01,1.633447021484375000e+03,8.367965698242187500e+02,7.977320551872253418e-01,1.624533935546875000e+03,8.159994506835937500e+02,8.845270872116088867e-01,1.627505004882812500e+03,5.545502929687500000e+02,9.518395066261291504e-01,1.630475952148437500e+03,5.961444702148437500e+02,9.377899169921875000e-01,1.627505004882812500e+03,7.001299438476562500e+02,9.426063895225524902e-01,1.624533935546875000e+03,8.635357055664062500e+02,8.712992072105407715e-01,1.624533935546875000e+03,8.338255615234375000e+02,7.918776869773864746e-01,1.633447021484375000e+03,8.635357055664062500e+02,8.966042399406433105e-01,1.618591918945312500e+03,8.338255615234375000e+02,7.958570122718811035e-01,1.630475952148437500e+03,8.427385864257812500e+02,7.469446659088134766e-01,1.621562988281250000e+03,8.130284423828125000e+02,7.003902792930603027e-01,1.581001999965758159e+03,5.614269551474359332e+02,9.751069281353034057e+01,3.035421923959914920e+02,0.000000000000000000e+00,0.000000000000000000e+00,0.000000000000000000e+00
1.889800000000000000e+04,8.800000000000000000e+01,2.672000000000000000e+03,7.400000000000000000e+01,1.621768066406250000e+03,5.774997558593750000e+02,9.361752271652221680e-01,1.628112792968750000e+03,5.711549682617187500e+02,9.539610743522644043e-01,1.615423339843750000e+03,5.711549682617187500e+02,9.525673389434814453e-01,1.640802368164062500e+03,5.743273925781250000e+02,9.469012022018432617e-01,1.612250854492187500e+03,5.774997558593750000e+02,8.851521611213684082e-01,1.659836791992187500e+03,6.155684814453125000e+02,8.581814169883728027e-01,1.602733764648437500e+03,6.155684814453125000e+02,8.924923539161682129e-01,1.666181518554687500e+03,6.631542968750000000e+02,9.342339038848876953e-01,1.593216552734375000e+03,6.694990844726562500e+02,9.225571751594543457e-01,1.672526367187500000e+03,7.075678100585937500e+02,9.015725851058959961e-01,1.590044189453125000e+03,7.139125976562500000e+02,8.984557390213012695e-01,1.643974853515625000e+03,7.075678100585937500e+02,8.942390680313110352e-01,1.609078491210937500e+03,7.075678100585937500e+02,9.147098660469055176e-01,1.634457641601562500e+03,7.710156250000000000e+02,9.025577306747436523e-01,1.615423339843750000e+03,7.710156250000000000e+02,9.156666994094848633e-01,1.631285278320312500e+03,8.376358642578125000e+02,8.148143887519836426e-01,1.621768066406250000e+03,8.122567138671875000e+02,7.983657717704772949e-01,1.628112792968750000e+03,5.521206054687500000e+02,9.358775019645690918e-01,1.628112792968750000e+03,5.997064819335937500e+02,9.694808125495910645e-01,1.624940429687500000e+03,7.043953857421875000e+02,8.856679797172546387e-01,1.624940429687500000e+03,8.630149536132812500e+02,8.737456798553466797e-01,1.628112792968750000e+03,8.344634399414062500e+02,8.499419689178466797e-01,1.634457641601562500e+03,8.630149536132812500e+02,9.035809040069580078e-01,1.618595703125000000e+03,8.312910766601562500e+02,8.121923804283142090e-01,1.631285278320312500e+03,8.408082275390625000e+02,7.976398468017578125e-01,1.618595703125000000e+03,8.090843505859375000e+02,6.851094961166381836e-01,1.581600224565932422e+03,5.563435678350942908e+02,1.051089996651724050e+02,3.176834650154723931e+02,0.000000000000000000e+00,0.000000000000000000e+00,0.000000000000000000e+00
1.889900000000000000e+04,8.800000000000000000e+01,2.672000000000000000e+03,7.500000000000000000e+01,1.619278808593750000e+03,5.764307861328125000e+02,9.224545955657958984e-01,1.628618286132812500e+03,5.702044677734375000e+02,9.303172826766967773e-01,1.616165649414062500e+03,5.702044677734375000e+02,9.706607460975646973e-01,1.641070800781250000e+03,5.733176269531250000e+02,9.591544270515441895e-01,1.616165649414062500e+03,5.764307861328125000e+02,8.306175470352172852e-01,1.659749755859375000e+03,6.106754760742187500e+02,9.139396548271179199e-01,1.603713012695312500e+03,6.106754760742187500e+02,9.450638294219970703e-01,1.669089233398437500e+03,6.604859619140625000e+02,9.534453153610229492e-01,1.597486694335937500e+03,6.635990600585937500e+02,9.314941167831420898e-01,1.672202392578125000e+03,7.071832275390625000e+02,9.603404402732849121e-01,1.591260375976562500e+03,7.102963867187500000e+02,9.026492238044738770e-01,1.644183959960937500e+03,7.040700683593750000e+02,8.975998759269714355e-01,1.613052490234375000e+03,7.040700683593750000e+02,8.828650116920471191e-01,1.634844482421875000e+03,7.694463500976562500e+02,9.249588251113891602e-01,1.613052490234375000e+03,7.756726074218750000e+02,8.269403576850891113e-01,1.631731323242187500e+03,8.348225708007812500e+02,7.623126506805419922e-01,1.625505126953125000e+03,8.130304565429687500e+02,7.968764305114746094e-01,1.628618286132812500e+03,5.546386718750000000e+02,9.411560893058776855e-01,1.631731323242187500e+03,5.982228393554687500e+02,9.302482604980468750e-01,1.628618286132812500e+03,7.009569091796875000e+02,9.486188888549804688e-01,1.625505126953125000e+03,8.628409423828125000e+02,8.944108486175537109e-01,1.628618286132812500e+03,8.348225708007812500e+02,8.365052938461303711e-01,1.634844482421875000e+03,8.628409423828125000e+02,9.017616510391235352e-01,1.622391967773437500e+03,8.317094116210937500e+02,8.031476140022277832e-01,1.628618286132812500e+03,8.441620483398437500e+02,7.646213173866271973e-01,1.625505126953125000e+03,8.099173583984375000e+02,5.999253988265991211e-01,1.576720655336256641e+03,5.580678652158881050e+02,1.104900401133004380e+02,3.190062399552540455e+02,0.000000000000000000e+00,0.000000000000000000e+00,0.000000000000000000e+00
1.890000000000000000e+04,8.800000000000000000e+01,2.657000000000000000e+03,7.600000000000000000e+01,1.619311645507812500e+03,5.754811401367187500e+02,9.489956498146057129e-01,1.628643798828125000e+03,5.723703613281250000e+02,9.598962664604187012e-01,1.616200805664062500e+03,5.692596435546875000e+02,9.744963645935058594e-01,1.641086791992187500e+03,5.754811401367187500e+02,9.422290921211242676e-01,1.613090087890625000e+03,5.754811401367187500e+02,8.063795566558837891e-01,1.659751342773437500e+03,6.128101196289062500e+02,8.955590128898620605e-01,1.606868530273437500e+03,6.128101196289062500e+02,9.178125262260437012e-01,1.669083618164062500e+03,6.625821533203125000e+02,9.403917193412780762e-01,1.594425537109375000e+03,6.625821533203125000e+02,9.591698646545410156e-01,1.675305053710937500e+03,7.092434082031250000e+02,9.154395461082458496e-01,1.591314819335937500e+03,7.092434082031250000e+02,9.019775986671447754e-01,1.641086791992187500e+03,7.061326904296875000e+02,8.987309336662292480e-01,1.609979370117187500e+03,7.030219116210937500e+02,8.961020112037658691e-01,1.634865356445312500e+03,7.714584350585937500e+02,8.999887108802795410e-01,1.613090087890625000e+03,7.745692138671875000e+02,8.327097296714782715e-01,1.631754638671875000e+03,8.367841796875000000e+02,8.068425655364990234e-01,1.622422363281250000e+03,8.087874755859375000e+02,8.659271001815795898e-01,1.628643798828125000e+03,5.505951538085937500e+02,9.584767222404479980e-01,1.631754638671875000e+03,5.972564086914062500e+02,9.414048790931701660e-01,1.628643798828125000e+03,7.030219116210937500e+02,8.935359716415405273e-01,1.625533081054687500e+03,8.647809448242187500e+02,9.069471955299377441e-01,1.622422363281250000e+03,8.336734619140625000e+02,9.098232984542846680e-01,1.631754638671875000e+03,8.616702270507812500e+02,9.353521466255187988e-01,1.616200805664062500e+03,8.305626831054687500e+02,8.420022726058959961e-01,1.628643798828125000e+03,8.430056762695312500e+02,8.198147416114807129e-01,1.622422363281250000e+03,8.056766967773437500e+02,6.895635724067687988e-01,1.574294171400463028e+03,5.560625047099491667e+02,1.135600236500447409e+02,3.192819017446959151e+02,0.000000000000000000e+00,0.000000000000000000e+00,0.000000000000000000e+00
1.890100000000000000e+04,8.800000000000000000e+01,2.676000000000000000e+03,7.700000000000000000e+01,1.618888061523437500e+03,5.745494384765625000e+02,9.603889584541320801e-01,1.625085205078125000e+03,5.714508056640625000e+02,9.826128482818603516e-01,1.615789428710937500e+03,5.683522338867187500e+02,9.609110951423645020e-01,1.640578369140625000e+03,5.745494384765625000e+02,9.657464623451232910e-01,1.612690795898437500e+03,5.745494384765625000e+02,8.313615918159484863e-01,1.659170043945312500e+03,6.148314819335937500e+02,9.096127748489379883e-01,1.603394897460937500e+03,6.117328491210937500e+02,9.244356155395507812e-01,1.668465942382812500e+03,6.675079956054687500e+02,9.168269038200378418e-01,1.597197631835937500e+03,6.644093627929687500e+02,9.465295672416687012e-01,1.674663085937500000e+03,7.139872436523437500e+02,9.033350944519042969e-01,1.591000488281250000e+03,7.108886108398437500e+02,9.203631281852722168e-01,1.643677001953125000e+03,7.046914062500000000e+02,8.961445093154907227e-01,1.612690795898437500e+03,7.046914062500000000e+02,8.524882793426513672e-01,1.637479736328125000e+03,7.728609619140625000e+02,8.558101654052734375e-01,1.612690795898437500e+03,7.666637573242187500e+02,8.821380734443664551e-01,1.631282470703125000e+03,8.410305786132812500e+02,8.239727020263671875e-01,1.618888061523437500e+03,8.069457397460937500e+02,9.371544122695922852e-01,1.628183837890625000e+03,5.497604980468750000e+02,9.865304231643676758e-01,1.631282470703125000e+03,5.962397460937500000e+02,9.314634799957275391e-01,1.628183837890625000e+03,7.015927734375000000e+02,9.041240215301513672e-01,1.625085205078125000e+03,8.627208862304687500e+02,8.519074916839599609e-01,1.618888061523437500e+03,8.379319458007812500e+02,9.913915395736694336e-01,1.631282470703125000e+03,8.627208862304687500e+02,9.180830121040344238e-01,1.612690795898437500e+03,8.348333129882812500e+02,9.110995531082153320e-01,1.631282470703125000e+03,8.441291503906250000e+02,7.642074823379516602e-01,1.618888061523437500e+03,8.069457397460937500e+02,8.971489667892456055e-01,1.574551108144875570e+03,5.547117481497209610e+02,1.157659982956504336e+02,3.185060008665767555e+02,0.000000000000000000e+00,0.000000000000000000e+00,0.000000000000000000e+00
1.890200000000000000e+04,8.800000000000000000e+01,2.676000000000000000e+03,7.800000000000000000e+01,1.619792236328125000e+03,5.733049316406250000e+02,9.626092314720153809e-01,1.625854980468750000e+03,5.672422485351562500e+02,9.793955683708190918e-01,1.616760986328125000e+03,5.672422485351562500e+02,9.911937713623046875e-01,1.641011596679687500e+03,5.733049316406250000e+02,9.545683264732360840e-01,1.613729614257812500e+03,5.733049316406250000e+02,8.220590949058532715e-01,1.656168334960937500e+03,6.127122802734375000e+02,9.380270838737487793e-01,1.604635620117187500e+03,6.096809692382812500e+02,9.579868912696838379e-01,1.668293579101562500e+03,6.642449340820312500e+02,8.995618820190429688e-01,1.595541625976562500e+03,6.642449340820312500e+02,9.680215716361999512e-01,1.674356323242187500e+03,7.127462768554687500e+02,9.320998787879943848e-01,1.592510253906250000e+03,7.097149658203125000e+02,9.561905264854431152e-01,1.641011596679687500e+03,7.066836547851562500e+02,8.683342933654785156e-01,1.610698242187500000e+03,7.066836547851562500e+02,8.914859890937805176e-01,1.634948974609375000e+03,7.733729858398437500e+02,8.734512925148010254e-01,1.610698242187500000e+03,7.703416137695312500e+02,9.161967039108276367e-01,1.634948974609375000e+03,8.339996337890625000e+02,8.197829723358154297e-01,1.619792236328125000e+03,8.158116455078125000e+02,1.007874965667724609e+00,1.625854980468750000e+03,5.490542602539062500e+02,9.529164433479309082e-01,1.628886230468750000e+03,5.945242919921875000e+02,9.389792084693908691e-01,1.625854980468750000e+03,7.036522827148437500e+02,9.062204957008361816e-01,1.625854980468750000e+03,8.612816772460937500e+02,8.684297204017639160e-01,1.616760986328125000e+03,8.461250000000000000e+02,8.611817955970764160e-01,1.631917602539062500e+03,8.612816772460937500e+02,8.911363482475280762e-01,1.610698242187500000e+03,8.430936279296875000e+02,8.721523880958557129e-01,1.631917602539062500e+03,8.400623168945312500e+02,7.638171911239624023e-01,1.622823608398437500e+03,8.158116455078125000e+02,9.328262209892272949e-01,1.573075863918290452e+03,5.576523145512956035e+02,1.125121316539834879e+02,3.136165015029489496e+02,0.000000000000000000e+00,0.000000000000000000e+00,0.000000000000000000e+00
1.890300000000000000e+04,8.800000000000000000e+01,2.672000000000000000e+03,7.900000000000000000e+01,1.617996459960937500e+03,5.738873291015625000e+02,9.469016194343566895e-01,1.626922607421875000e+03,5.679366455078125000e+02,9.460804462432861328e-01,1.615021118164062500e+03,5.679366455078125000e+02,9.476366043090820312e-01,1.638824096679687500e+03,5.738873291015625000e+02,9.628176689147949219e-01,1.612045776367187500e+03,5.738873291015625000e+02,7.993642091751098633e-01,1.656676147460937500e+03,6.125670166015625000e+02,9.123945236206054688e-01,1.603119750976562500e+03,6.095916748046875000e+02,9.417028427124023438e-01,1.665602294921875000e+03,6.631481323242187500e+02,9.291609525680541992e-01,1.597168945312500000e+03,6.631481323242187500e+02,9.764556884765625000e-01,1.671552978515625000e+03,7.137292480468750000e+02,8.836683630943298340e-01,1.588242919921875000e+03,7.077785034179687500e+02,9.105994701385498047e-01,1.641799438476562500e+03,7.048031616210937500e+02,8.959379792213439941e-01,1.609070434570312500e+03,7.048031616210937500e+02,9.406715631484985352e-01,1.635848632812500000e+03,7.732364501953125000e+02,9.250798821449279785e-01,1.609070434570312500e+03,7.732364501953125000e+02,9.494328498840332031e-01,1.632873291015625000e+03,8.357189941406250000e+02,7.962967753410339355e-01,1.617996459960937500e+03,8.208421630859375000e+02,9.964701533317565918e-01,1.626922607421875000e+03,5.500844726562500000e+02,9.199007153511047363e-01,1.629897949218750000e+03,5.947148437500000000e+02,9.517086744308471680e-01,1.626922607421875000e+03,7.018278198242187500e+02,9.242687225341796875e-01,1.623947265625000000e+03,8.624971923828125000e+02,8.998016715049743652e-01,1.615021118164062500e+03,8.535711669921875000e+02,9.370427131652832031e-01,1.632873291015625000e+03,8.624971923828125000e+02,9.063559174537658691e-01,1.609070434570312500e+03,8.505957641601562500e+02,9.067344069480895996e-01,1.629897949218750000e+03,8.416696777343750000e+02,8.320261836051940918e-01,1.617996459960937500e+03,8.238175659179687500e+02,9.869054555892944336e-01,1.574209202115588141e+03,5.612904609538285285e+02,1.092107064252313648e+02,3.079079865402007954e+02,0.000000000000000000e+00,0.000000000000000000e+00,0.000000000000000000e+00
1.890400000000000000e+04,8.800000000000000000e+01,2.672000000000000000e+03,8.000000000000000000e+01,1.616767089843750000e+03,5.730936279296875000e+02,9.468843936920166016e-01,1.625963378906250000e+03,5.669627685546875000e+02,9.556090831756591797e-01,1.616767089843750000e+03,5.669627685546875000e+02,9.622952342033386230e-01,1.641290527343750000e+03,5.730936279296875000e+02,9.479980468750000000e-01,1.613701660156250000e+03,5.700281982421875000e+02,7.991189360618591309e-01,1.656617797851562500e+03,6.129443969726562500e+02,9.020830392837524414e-01,1.604505249023437500e+03,6.098789062500000000e+02,9.351904392242431641e-01,1.665814086914062500e+03,6.681223144531250000e+02,9.320847988128662109e-01,1.595308959960937500e+03,6.619913940429687500e+02,9.638137817382812500e-01,1.671944946289062500e+03,7.141038818359375000e+02,9.027596116065979004e-01,1.589178100585937500e+03,7.079730224609375000e+02,9.202607274055480957e-01,1.641290527343750000e+03,7.079730224609375000e+02,9.083980321884155273e-01,1.607570678710937500e+03,7.079730224609375000e+02,9.152177572250366211e-01,1.635159667968750000e+03,7.754126586914062500e+02,9.419361352920532227e-01,1.607570678710937500e+03,7.784781494140625000e+02,9.323169589042663574e-01,1.632094238281250000e+03,8.397869262695312500e+02,9.059646725654602051e-01,1.613701660156250000e+03,8.305905761718750000e+02,1.019090294837951660e+00,1.625963378906250000e+03,5.485701293945312500e+02,9.389585256576538086e-01,1.629028808593750000e+03,5.945517578125000000e+02,9.675388932228088379e-01,1.625963378906250000e+03,7.049075927734375000e+02,9.309811592102050781e-01,1.622897949218750000e+03,8.643104248046875000e+02,8.976780772209167480e-01,1.613701660156250000e+03,8.581795654296875000e+02,9.764838218688964844e-01,1.632094238281250000e+03,8.643104248046875000e+02,9.172758460044860840e-01,1.604505249023437500e+03,8.551141357421875000e+02,9.215644598007202148e-01,1.629028808593750000e+03,8.428523559570312500e+02,9.096294641494750977e-01,1.613701660156250000e+03,8.305905761718750000e+02,8.971350789070129395e-01,1.573446918486170489e+03,5.578052616436154949e+02,1.131872171390659787e+02,3.118778098510503014e+02,0.000000000000000000e+00,0.000000000000000000e+00,0.000000000000000000e+00
1.890500000000000000e+04,8.800000000000000000e+01,2.668000000000000000e+03,8.100000000000000000e+01,1.618031372070312500e+03,5.726463012695312500e+02,9.712822437286376953e-01,1.627459838867187500e+03,5.663605957031250000e+02,9.847377538681030273e-01,1.614888427734375000e+03,5.663605957031250000e+02,9.748430252075195312e-01,1.640031250000000000e+03,5.726463012695312500e+02,9.535257220268249512e-01,1.611745605468750000e+03,5.726463012695312500e+02,8.546661138534545898e-01,1.655745361328125000e+03,6.135032348632812500e+02,9.365125894546508789e-01,1.602317138671875000e+03,6.103604125976562500e+02,9.312019944190979004e-01,1.665173950195312500e+03,6.637886352539062500e+02,9.348772764205932617e-01,1.592888549804687500e+03,6.575029907226562500e+02,9.260058403015136719e-01,1.665173950195312500e+03,7.109312744140625000e+02,9.345505833625793457e-01,1.589745727539062500e+03,7.015027465820312500e+02,9.156239628791809082e-01,1.640031250000000000e+03,7.077884521484375000e+02,8.925016522407531738e-01,1.608602783203125000e+03,7.077884521484375000e+02,9.226753115653991699e-01,1.636888427734375000e+03,7.769309082031250000e+02,9.312260746955871582e-01,1.605459960937500000e+03,7.769309082031250000e+02,9.590829014778137207e-01,1.630602661132812500e+03,8.397877197265625000e+02,8.914749026298522949e-01,1.611745605468750000e+03,8.335020141601562500e+02,9.736880064010620117e-01,1.627459838867187500e+03,5.506464233398437500e+02,9.504889249801635742e-01,1.627459838867187500e+03,5.946461791992187500e+02,9.429446458816528320e-01,1.624317016601562500e+03,7.046455688476562500e+02,9.259883761405944824e-01,1.624317016601562500e+03,8.649304199218750000e+02,9.152171611785888672e-01,1.611745605468750000e+03,8.617875976562500000e+02,9.214300513267517090e-01,1.633745483398437500e+03,8.617875976562500000e+02,9.215386509895324707e-01,1.602317138671875000e+03,8.617875976562500000e+02,8.831661343574523926e-01,1.630602661132812500e+03,8.460733642578125000e+02,9.002566337585449219e-01,1.614888427734375000e+03,8.366448974609375000e+02,8.816647529602050781e-01,1.570456710426729160e+03,5.538371618115824049e+02,1.139055421430728074e+02,3.185678531018945705e+02,0.000000000000000000e+00,0.000000000000000000e+00,0.000000000000000000e+00
1.890600000000000000e+04,8.800000000000000000e+01,2.677000000000000000e+03,8.200000000000000000e+01,1.616664184570312500e+03,5.714236450195312500e+02,9.673622846603393555e-01,1.626198730468750000e+03,5.650673217773437500e+02,9.851891398429870605e-01,1.613486083984375000e+03,5.650673217773437500e+02,9.666297435760498047e-01,1.638911376953125000e+03,5.714236450195312500e+02,9.393489956855773926e-01,1.610307861328125000e+03,5.714236450195312500e+02,8.319702148437500000e-01,1.657980346679687500e+03,6.095616455078125000e+02,9.429551362991333008e-01,1.603951538085937500e+03,6.063834838867187500e+02,9.113007783889770508e-01,1.667514892578125000e+03,6.604123535156250000e+02,9.313023686408996582e-01,1.594416992187500000e+03,6.572341918945312500e+02,9.179641008377075195e-01,1.664336791992187500e+03,7.080848999023437500e+02,9.559700489044189453e-01,1.588060668945312500e+03,7.049067382812500000e+02,9.242972135543823242e-01,1.642089599609375000e+03,7.112630615234375000e+02,8.661839962005615234e-01,1.607129638671875000e+03,7.080848999023437500e+02,9.147264361381530762e-01,1.635733154296875000e+03,7.780046386718750000e+02,9.332800507545471191e-01,1.607129638671875000e+03,7.780046386718750000e+02,9.343253970146179199e-01,1.632555053710937500e+03,8.415680541992187500e+02,9.025874733924865723e-01,1.610307861328125000e+03,8.415680541992187500e+02,9.372216463088989258e-01,1.626198730468750000e+03,5.491764526367187500e+02,9.492715597152709961e-01,1.629376831054687500e+03,5.936708374023437500e+02,9.529317617416381836e-01,1.623020507812500000e+03,7.049067382812500000e+02,9.350900650024414062e-01,1.626198730468750000e+03,8.669934082031250000e+02,8.264542818069458008e-01,1.610307861328125000e+03,8.701715698242187500e+02,8.504334092140197754e-01,1.632555053710937500e+03,8.669934082031250000e+02,8.419689536094665527e-01,1.600773315429687500e+03,8.669934082031250000e+02,8.916596770286560059e-01,1.629376831054687500e+03,8.479243774414062500e+02,8.510937690734863281e-01,1.610307861328125000e+03,8.447462158203125000e+02,8.260166645050048828e-01,1.568693922405191643e+03,5.513716259331572473e+02,1.137501286982783313e+02,3.234493433297718639e+02,0.000000000000000000e+00,0.000000000000000000e+00,0.000000000000000000e+00
1.890700000000000000e+04,8.800000000000000000e+01,2.672000000000000000e+03,8.300000000000000000e+01,1.618286132812500000e+03,5.728239746093750000e+02,9.540002346038818359e-01,1.624703125000000000e+03,5.664070434570312500e+02,9.589735269546508789e-01,1.615077758789062500e+03,5.664070434570312500e+02,9.622239470481872559e-01,1.640745483398437500e+03,5.728239746093750000e+02,9.300363063812255859e-01,1.611869262695312500e+03,5.696154785156250000e+02,7.647511959075927734e-01,1.656787841796875000e+03,6.113255615234375000e+02,9.384142756462097168e-01,1.602243774414062500e+03,6.081171264648437500e+02,9.368962049484252930e-01,1.663204711914062500e+03,6.594526367187500000e+02,9.200684428215026855e-01,1.595826904296875000e+03,6.562441406250000000e+02,8.766466975212097168e-01,1.659996215820312500e+03,7.043711547851562500e+02,9.110971093177795410e-01,1.589409912109375000e+03,7.043711547851562500e+02,9.021357297897338867e-01,1.640745483398437500e+03,7.107880859375000000e+02,8.861736655235290527e-01,1.608660766601562500e+03,7.075796508789062500e+02,8.698643445968627930e-01,1.634328491210937500e+03,7.813743896484375000e+02,9.661747813224792480e-01,1.605452270507812500e+03,7.813743896484375000e+02,9.252225756645202637e-01,1.631119995117187500e+03,8.455437622070312500e+02,9.213794469833374023e-01,1.605452270507812500e+03,8.455437622070312500e+02,9.065438508987426758e-01,1.627911621093750000e+03,5.471562500000000000e+02,9.257686734199523926e-01,1.627911621093750000e+03,5.952832641601562500e+02,9.255048632621765137e-01,1.624703125000000000e+03,7.075796508789062500e+02,9.295107722282409668e-01,1.627911621093750000e+03,8.647945556640625000e+02,8.313760757446289062e-01,1.608660766601562500e+03,8.744199829101562500e+02,8.525968790054321289e-01,1.634328491210937500e+03,8.647945556640625000e+02,8.750877380371093750e-01,1.595826904296875000e+03,8.744199829101562500e+02,9.347752332687377930e-01,1.627911621093750000e+03,8.487522583007812500e+02,8.706459403038024902e-01,1.608660766601562500e+03,8.519606933593750000e+02,8.177749514579772949e-01,1.566537338887917485e+03,5.491167051142355149e+02,1.146798815492229551e+02,3.273061020495781577e+02,0.000000000000000000e+00,0.000000000000000000e+00,0.000000000000000000e+00
1.890800000000000000e+04,8.800000000000000000e+01,2.647000000000000000e+03,8.400000000000000000e+01,1.616564697265625000e+03,5.754734497070312500e+02,9.516511559486389160e-01,1.623074707031250000e+03,5.689634399414062500e+02,9.489106535911560059e-01,1.613309814453125000e+03,5.689634399414062500e+02,9.649199247360229492e-01,1.639349853515625000e+03,5.722184448242187500e+02,9.475877881050109863e-01,1.610054687500000000e+03,5.722184448242187500e+02,7.771989703178405762e-01,1.655624755859375000e+03,6.145335083007812500e+02,9.393091201782226562e-01,1.603544677734375000e+03,6.080234985351562500e+02,9.349056482315063477e-01,1.658879882812500000e+03,6.601035766601562500e+02,9.179625511169433594e-01,1.593779785156250000e+03,6.601035766601562500e+02,9.264587163925170898e-01,1.655624755859375000e+03,6.991636352539062500e+02,9.418497681617736816e-01,1.587269775390625000e+03,7.056736450195312500e+02,9.169620871543884277e-01,1.639349853515625000e+03,7.089286499023437500e+02,8.981239199638366699e-01,1.606799804687500000e+03,7.089286499023437500e+02,8.864265680313110352e-01,1.636094726562500000e+03,7.805387573242187500e+02,9.469892978668212891e-01,1.606799804687500000e+03,7.805387573242187500e+02,9.108369350433349609e-01,1.629584716796875000e+03,8.423838500976562500e+02,8.979603052139282227e-01,1.606799804687500000e+03,8.488938598632812500e+02,8.354664444923400879e-01,1.626329833984375000e+03,5.494334106445312500e+02,9.561629295349121094e-01,1.629584716796875000e+03,5.950034790039062500e+02,9.243909716606140137e-01,1.623074707031250000e+03,7.056736450195312500e+02,9.277991056442260742e-01,1.626329833984375000e+03,8.651688842773437500e+02,8.695423007011413574e-01,1.603544677734375000e+03,8.749338989257812500e+02,8.590520024299621582e-01,1.632839843750000000e+03,8.651688842773437500e+02,8.834422826766967773e-01,1.593779785156250000e+03,8.749338989257812500e+02,9.453220367431640625e-01,1.629584716796875000e+03,8.456388549804687500e+02,8.608939051628112793e-01,1.610054687500000000e+03,8.586588745117187500e+02,8.357624411582946777e-01,1.564365837842771953e+03,5.455076374939191055e+02,1.155842874746053894e+02,3.318431729433258397e+02,0.000000000000000000e+00,0.000000000000000000e+00,0.000000000000000000e+00
1.890900000000000000e+04,8.800000000000000000e+01,2.665000000000000000e+03,8.500000000000000000e+01,1.616266113281250000e+03,5.750733642578125000e+02,9.658355712890625000e-01,1.622812133789062500e+03,5.718003540039062500e+02,9.611579179763793945e-01,1.612993164062500000e+03,5.685273437500000000e+02,9.785066843032836914e-01,1.639177246093750000e+03,5.750733642578125000e+02,9.529832005500793457e-01,1.612993164062500000e+03,5.750733642578125000e+02,7.044017314910888672e-01,1.652269287109375000e+03,6.176224975585937500e+02,8.908410072326660156e-01,1.603174072265625000e+03,6.110764770507812500e+02,9.379883408546447754e-01,1.658815307617187500e+03,6.634445800781250000e+02,8.688185811042785645e-01,1.596628051757812500e+03,6.601715698242187500e+02,9.250744581222534180e-01,1.648996215820312500e+03,6.961746826171875000e+02,9.108419418334960938e-01,1.586809082031250000e+03,7.059937133789062500e+02,7.736866474151611328e-01,1.639177246093750000e+03,7.125397338867187500e+02,8.642818927764892578e-01,1.606447143554687500e+03,7.092667236328125000e+02,8.550519347190856934e-01,1.635904174804687500e+03,7.812728881835937500e+02,9.168252944946289062e-01,1.606447143554687500e+03,7.812728881835937500e+02,9.229254722595214844e-01,1.629358154296875000e+03,8.401870117187500000e+02,8.790173530578613281e-01,1.606447143554687500e+03,8.532790527343750000e+02,8.807738423347473145e-01,1.626085205078125000e+03,5.521623535156250000e+02,9.804961681365966797e-01,1.629358154296875000e+03,5.979844360351562500e+02,9.102845788002014160e-01,1.622812133789062500e+03,7.092667236328125000e+02,9.370943307876586914e-01,1.626085205078125000e+03,8.630980834960937500e+02,9.336266517639160156e-01,1.603174072265625000e+03,8.761900634765625000e+02,8.417010903358459473e-01,1.635904174804687500e+03,8.598250732421875000e+02,8.931922316551208496e-01,1.593355102539062500e+03,8.729170532226562500e+02,8.755796551704406738e-01,1.629358154296875000e+03,8.434600219726562500e+02,8.288378119468688965e-01,1.612993164062500000e+03,8.598250732421875000e+02,8.082779645919799805e-01,1.563180482542175923e+03,5.459138998458968217e+02,1.163146388692202891e+02,3.347169353555357247e+02,0.000000000000000000e+00,0.000000000000000000e+00,0.000000000000000000e+00
1.891000000000000000e+04,8.800000000000000000e+01,2.678000000000000000e+03,8.600000000000000000e+01,1.613835571289062500e+03,5.775651855468750000e+02,9.604841470718383789e-01,1.623626831054687500e+03,5.710376586914062500e+02,9.858729839324951172e-01,1.613835571289062500e+03,5.710376586914062500e+02,9.484314918518066406e-01,1.639945678710937500e+03,5.775651855468750000e+02,9.345242381095886230e-01,1.610571899414062500e+03,5.743013916015625000e+02,6.432469487190246582e-01,1.653000732421875000e+03,6.199940185546875000e+02,9.233500361442565918e-01,1.600780517578125000e+03,6.134664916992187500e+02,9.470047354698181152e-01,1.659528198242187500e+03,6.624229125976562500e+02,8.694901466369628906e-01,1.594253051757812500e+03,6.624229125976562500e+02,8.854379653930664062e-01,1.646473144531250000e+03,6.917966918945312500e+02,9.600473046302795410e-01,1.584461791992187500e+03,7.113792724609375000e+02,8.632180094718933105e-01,1.636681884765625000e+03,7.113792724609375000e+02,8.535940051078796387e-01,1.604044311523437500e+03,7.113792724609375000e+02,8.786600828170776367e-01,1.636681884765625000e+03,7.799182128906250000e+02,9.335881471633911133e-01,1.607308105468750000e+03,7.831819458007812500e+02,9.224345088005065918e-01,1.630154418945312500e+03,8.419296264648437500e+02,8.877317905426025391e-01,1.610571899414062500e+03,8.549846191406250000e+02,8.987876176834106445e-01,1.626890625000000000e+03,5.514550781250000000e+02,9.591767191886901855e-01,1.626890625000000000e+03,6.004114990234375000e+02,9.332171678543090820e-01,1.620363159179687500e+03,7.081154785156250000e+02,9.208288788795471191e-01,1.626890625000000000e+03,8.647758789062500000e+02,8.932282924652099609e-01,1.604044311523437500e+03,8.778309326171875000e+02,8.442169427871704102e-01,1.636681884765625000e+03,8.615121459960937500e+02,8.994011282920837402e-01,1.594253051757812500e+03,8.745671997070312500e+02,8.726792931556701660e-01,1.630154418945312500e+03,8.451933593750000000e+02,7.862027883529663086e-01,1.613835571289062500e+03,8.647758789062500000e+02,8.413249254226684570e-01,1.563424351184514990e+03,5.477843651486457475e+02,1.163086756035429516e+02,3.351221535132484632e+02,0.000000000000000000e+00,0.000000000000000000e+00,0.000000000000000000e+00
1.891100000000000000e+04,8.800000000000000000e+01,2.665000000000000000e+03,8.700000000000000000e+01,1.614065795898437500e+03,5.787504882812500000e+02,9.555878043174743652e-01,1.620651733398437500e+03,5.721645507812500000e+02,9.790900945663452148e-01,1.610772827148437500e+03,5.721645507812500000e+02,9.434510469436645508e-01,1.637116577148437500e+03,5.787504882812500000e+02,9.332259297370910645e-01,1.610772827148437500e+03,5.754575195312500000e+02,6.591018438339233398e-01,1.650288452148437500e+03,6.182661743164062500e+02,9.056937098503112793e-01,1.600893920898437500e+03,6.116802368164062500e+02,9.478816986083984375e-01,1.656874389648437500e+03,6.610747680664062500e+02,8.625167608261108398e-01,1.591015014648437500e+03,6.643677368164062500e+02,8.678665161132812500e-01,1.640409545898437500e+03,6.874185791015625000e+02,9.345731139183044434e-01,1.584429077148437500e+03,7.137623291015625000e+02,8.233414888381958008e-01,1.637116577148437500e+03,7.170552978515625000e+02,8.901095390319824219e-01,1.604186889648437500e+03,7.170552978515625000e+02,8.865354657173156738e-01,1.633823608398437500e+03,7.829147338867187500e+02,9.599246382713317871e-01,1.607479858398437500e+03,7.862077026367187500e+02,9.221698641777038574e-01,1.630530639648437500e+03,8.421882324218750000e+02,8.462797403335571289e-01,1.610772827148437500e+03,8.586530761718750000e+02,8.978846073150634766e-01,1.627237670898437500e+03,5.524067382812500000e+02,9.478679895401000977e-01,1.627237670898437500e+03,6.018013305664062500e+02,9.390511512756347656e-01,1.620651733398437500e+03,7.104693603515625000e+02,8.936575055122375488e-01,1.630530639648437500e+03,8.619460449218750000e+02,8.979801535606384277e-01,1.607479858398437500e+03,8.817038574218750000e+02,8.681995272636413574e-01,1.637116577148437500e+03,8.586530761718750000e+02,9.034042954444885254e-01,1.597600952148437500e+03,8.784108886718750000e+02,8.780614137649536133e-01,1.630530639648437500e+03,8.454812011718750000e+02,6.968847513198852539e-01,1.614065795898437500e+03,8.685319824218750000e+02,8.270182609558105469e-01,1.563431710167385518e+03,5.491393713186885179e+02,1.169179854122178313e+02,3.371574865558698093e+02,0.000000000000000000e+00,0.000000000000000000e+00,0.000000000000000000e+00
1.891200000000000000e+04,8.800000000000000000e+01,2.647000000000000000e+03,8.800000000000000000e+01,1.614101318359375000e+03,5.799475708007812500e+02,9.432066679000854492e-01,1.620878295898437500e+03,5.731705932617187500e+02,9.414203166961669922e-01,1.610712768554687500e+03,5.731705932617187500e+02,9.449128508567810059e-01,1.634432250976562500e+03,5.799475708007812500e+02,9.511334300041198730e-01,1.607324218750000000e+03,5.765590820312500000e+02,7.790063619613647461e-01,1.651374755859375000e+03,6.172210693359375000e+02,9.003039598464965820e-01,1.600547241210937500e+03,6.138325805664062500e+02,9.208807945251464844e-01,1.658151733398437500e+03,6.612714843750000000e+02,8.688089251518249512e-01,1.590381835937500000e+03,6.646599731445312500e+02,8.913264274597167969e-01,1.641209228515625000e+03,6.883794555664062500e+02,9.820789694786071777e-01,1.583604858398437500e+03,7.154874267578125000e+02,6.949524283409118652e-01,1.634432250976562500e+03,7.154874267578125000e+02,8.993994593620300293e-01,1.603935791015625000e+03,7.154874267578125000e+02,9.218710064888000488e-01,1.634432250976562500e+03,7.866458740234375000e+02,9.134678244590759277e-01,1.607324218750000000e+03,7.866458740234375000e+02,9.403796792030334473e-01,1.631043701171875000e+03,8.408618164062500000e+02,8.639061450958251953e-01,1.610712768554687500e+03,8.578043212890625000e+02,8.697677850723266602e-01,1.624266723632812500e+03,5.562280883789062500e+02,9.299311637878417969e-01,1.624266723632812500e+03,6.002785644531250000e+02,9.191743135452270508e-01,1.617489746093750000e+03,7.120989379882812500e+02,9.037482738494873047e-01,1.631043701171875000e+03,8.611928100585937500e+02,8.824752569198608398e-01,1.614101318359375000e+03,8.849122924804687500e+02,8.951367139816284180e-01,1.637820800781250000e+03,8.611928100585937500e+02,9.418095946311950684e-01,1.600547241210937500e+03,8.849122924804687500e+02,8.988032937049865723e-01,1.631043701171875000e+03,8.442503051757812500e+02,7.479401826858520508e-01,1.614101318359375000e+03,8.645812988281250000e+02,8.204352259635925293e-01,1.562605359584198823e+03,5.476893161476516525e+02,1.191994223928784322e+02,3.442728142464312668e+02,0.000000000000000000e+00,0.000000000000000000e+00,0.000000000000000000e+00
1.891300000000000000e+04,8.800000000000000000e+01,2.647000000000000000e+03,8.900000000000000000e+01,1.613822875976562500e+03,5.818828125000000000e+02,9.419646263122558594e-01,1.620623168945312500e+03,5.750825195312500000e+02,9.518291354179382324e-01,1.610422851562500000e+03,5.750825195312500000e+02,9.380654692649841309e-01,1.634223632812500000e+03,5.784826660156250000e+02,9.368981122970581055e-01,1.607022705078125000e+03,5.784826660156250000e+02,8.150466680526733398e-01,1.647824218750000000e+03,6.192841796875000000e+02,8.979093432426452637e-01,1.600222412109375000e+03,6.124838867187500000e+02,9.054695367813110352e-01,1.654624389648437500e+03,6.668859252929687500e+02,9.080389142036437988e-01,1.590022094726562500e+03,6.634858398437500000e+02,9.170976281166076660e-01,1.637623779296875000e+03,6.906868286132812500e+02,9.768364429473876953e-01,1.600222412109375000e+03,6.940869140625000000e+02,4.552205801010131836e-01,1.634223632812500000e+03,7.144876708984375000e+02,9.005066156387329102e-01,1.603622558593750000e+03,7.144876708984375000e+02,8.943979740142822266e-01,1.634223632812500000e+03,7.858903808593750000e+02,9.168553948402404785e-01,1.607022705078125000e+03,7.892904663085937500e+02,9.095763564109802246e-01,1.630823608398437500e+03,8.436925048828125000e+02,8.162486553192138672e-01,1.610422851562500000e+03,8.606931152343750000e+02,8.817993998527526855e-01,1.624023315429687500e+03,5.546817626953125000e+02,9.390183687210083008e-01,1.624023315429687500e+03,6.022835693359375000e+02,9.413055181503295898e-01,1.617223022460937500e+03,7.110875854492187500e+02,8.946375250816345215e-01,1.630823608398437500e+03,8.640932617187500000e+02,8.542779684066772461e-01,1.610422851562500000e+03,8.878941650390625000e+02,8.876835107803344727e-01,1.637623779296875000e+03,8.606931152343750000e+02,9.156531095504760742e-01,1.600222412109375000e+03,8.878941650390625000e+02,8.925078511238098145e-01,1.630823608398437500e+03,8.504927368164062500e+02,7.119661569595336914e-01,1.613822875976562500e+03,8.708934936523437500e+02,8.124011158943176270e-01,1.562103819776229557e+03,5.461207350995532579e+02,1.201394621237745923e+02,3.476848322186012865e+02,0.000000000000000000e+00,0.000000000000000000e+00,0.000000000000000000e+00
1.891400000000000000e+04,8.800000000000000000e+01,2.665000000000000000e+03,9.000000000000000000e+01,1.610168334960937500e+03,5.798159790039062500e+02,9.438241720199584961e-01,1.617053710937500000e+03,5.729305419921875000e+02,9.327263832092285156e-01,1.606725585937500000e+03,5.729305419921875000e+02,9.645861387252807617e-01,1.634267211914062500e+03,5.798159790039062500e+02,9.310081601142883301e-01,1.606725585937500000e+03,5.763732299804687500e+02,7.408083081245422363e-01,1.648038085937500000e+03,6.176857910156250000e+02,8.864725232124328613e-01,1.599840087890625000e+03,6.108003540039062500e+02,8.776180148124694824e-01,1.651480834960937500e+03,6.624411010742187500e+02,8.640201091766357422e-01,1.589511962890625000e+03,6.624411010742187500e+02,8.942844867706298828e-01,1.637709960937500000e+03,6.934254760742187500e+02,9.678343534469604492e-01,1.582626586914062500e+03,7.175244750976562500e+02,6.259277462959289551e-01,1.630824584960937500e+03,7.175244750976562500e+02,8.905870318412780762e-01,1.599840087890625000e+03,7.175244750976562500e+02,9.048018455505371094e-01,1.634267211914062500e+03,7.898214721679687500e+02,9.131520390510559082e-01,1.606725585937500000e+03,7.932641601562500000e+02,8.940682411193847656e-01,1.634267211914062500e+03,8.414621582031250000e+02,8.167804479598999023e-01,1.610168334960937500e+03,8.621184692382812500e+02,9.026178717613220215e-01,1.620496459960937500e+03,5.522742309570312500e+02,9.370820522308349609e-01,1.623939086914062500e+03,6.004722290039062500e+02,9.534822702407836914e-01,1.617053710937500000e+03,7.140817871093750000e+02,9.191684126853942871e-01,1.630824584960937500e+03,8.655611572265625000e+02,8.021960258483886719e-01,1.610168334960937500e+03,8.896601562500000000e+02,8.741635680198669434e-01,1.637709960937500000e+03,8.621184692382812500e+02,9.043182730674743652e-01,1.599840087890625000e+03,8.896601562500000000e+02,8.855137228965759277e-01,1.634267211914062500e+03,8.449049072265625000e+02,7.411459684371948242e-01,1.613610961914062500e+03,8.690039062500000000e+02,8.427839875221252441e-01,1.561665790772932041e+03,5.438852190832978977e+02,1.208770633926963001e+02,3.517511710583834201e+02,0.000000000000000000e+00,0.000000000000000000e+00,0.000000000000000000e+00
1.891500000000000000e+04,8.800000000000000000e+01,2.668000000000000000e+03,9.100000000000000000e+01,1.607690063476562500e+03,5.787880859375000000e+02,9.480293989181518555e-01,1.614562255859375000e+03,5.719157714843750000e+02,9.399708509445190430e-01,1.604253906250000000e+03,5.719157714843750000e+02,9.633872509002685547e-01,1.631743041992187500e+03,5.753519287109375000e+02,9.411022067070007324e-01,1.604253906250000000e+03,5.753519287109375000e+02,7.847029566764831543e-01,1.645487670898437500e+03,6.200219116210937500e+02,9.200354814529418945e-01,1.593945434570312500e+03,6.131495971679687500e+02,9.197302460670471191e-01,1.648923828125000000e+03,6.681281127929687500e+02,8.737757802009582520e-01,1.587073120117187500e+03,6.646919555664062500e+02,8.875681757926940918e-01,1.635179199218750000e+03,7.024896240234375000e+02,9.623726606369018555e-01,1.576764648437500000e+03,7.196704101562500000e+02,7.919803857803344727e-01,1.631743041992187500e+03,7.196704101562500000e+02,8.953562378883361816e-01,1.597381591796875000e+03,7.196704101562500000e+02,8.790274262428283691e-01,1.631743041992187500e+03,7.952658081054687500e+02,9.004986882209777832e-01,1.604253906250000000e+03,7.952658081054687500e+02,8.662257790565490723e-01,1.635179199218750000e+03,8.399358520507812500e+02,6.693277955055236816e-01,1.611126220703125000e+03,8.674250488281250000e+02,9.137646555900573730e-01,1.617998413085937500e+03,5.512988281250000000e+02,9.550036191940307617e-01,1.621434570312500000e+03,5.994049682617187500e+02,9.322272539138793945e-01,1.614562255859375000e+03,7.162342529296875000e+02,9.224663972854614258e-01,1.628306884765625000e+03,8.639888916015625000e+02,8.675919771194458008e-01,1.607690063476562500e+03,8.914781494140625000e+02,8.998444676399230957e-01,1.635179199218750000e+03,8.639888916015625000e+02,9.044472575187683105e-01,1.600817749023437500e+03,8.914781494140625000e+02,8.974129557609558105e-01,1.638615356445312500e+03,8.364996948242187500e+02,6.463694572448730469e-01,1.614562255859375000e+03,8.742973632812500000e+02,7.927616238594055176e-01,1.556155839870017871e+03,5.446666776982663123e+02,1.196279667331609744e+02,3.527768052958101634e+02,0.000000000000000000e+00,0.000000000000000000e+00,0.000000000000000000e+00
1.891600000000000000e+04,8.800000000000000000e+01,2.658000000000000000e+03,9.200000000000000000e+01,1.607153686523437500e+03,5.763538208007812500e+02,9.745540618896484375e-01,1.613990478515625000e+03,5.729354248046875000e+02,9.871444106101989746e-01,1.603735351562500000e+03,5.695170898437500000e+02,9.621533751487731934e-01,1.631082153320312500e+03,5.763538208007812500e+02,9.253070354461669922e-01,1.600317016601562500e+03,5.763538208007812500e+02,6.955426931381225586e-01,1.644755615234375000e+03,6.173740844726562500e+02,9.491977691650390625e-01,1.593480346679687500e+03,6.105373535156250000e+02,9.703013300895690918e-01,1.648173950195312500e+03,6.686494140625000000e+02,9.209744334220886230e-01,1.586643554687500000e+03,6.618126831054687500e+02,9.115853309631347656e-01,1.634500610351562500e+03,7.062513427734375000e+02,9.402966499328613281e-01,1.579806884765625000e+03,7.130880126953125000e+02,6.343576312065124512e-01,1.631082153320312500e+03,7.199247436523437500e+02,8.759621381759643555e-01,1.596898681640625000e+03,7.165063476562500000e+02,8.607131838798522949e-01,1.631082153320312500e+03,7.882918701171875000e+02,9.189973473548889160e-01,1.603735351562500000e+03,7.917102050781250000e+02,8.996549844741821289e-01,1.637918945312500000e+03,8.293121337890625000e+02,8.190814852714538574e-01,1.610572021484375000e+03,8.634956665039062500e+02,9.277760386466979980e-01,1.617408813476562500e+03,5.490069580078125000e+02,9.507068395614624023e-01,1.617408813476562500e+03,6.002822875976562500e+02,9.460834264755249023e-01,1.613990478515625000e+03,7.130880126953125000e+02,9.154049158096313477e-01,1.627663818359375000e+03,8.600772705078125000e+02,8.795450329780578613e-01,1.610572021484375000e+03,8.908425292968750000e+02,9.311140179634094238e-01,1.634500610351562500e+03,8.600772705078125000e+02,8.995958566665649414e-01,1.600317016601562500e+03,8.908425292968750000e+02,8.976901173591613770e-01,1.637918945312500000e+03,8.293121337890625000e+02,7.929466366767883301e-01,1.617408813476562500e+03,8.737507324218750000e+02,8.081173300743103027e-01,1.554383072984225919e+03,5.457508453043784584e+02,1.177495377305428974e+02,3.518717158275657084e+02,0.000000000000000000e+00,0.000000000000000000e+00,0.000000000000000000e+00
1.891700000000000000e+04,8.800000000000000000e+01,2.666000000000000000e+03,9.300000000000000000e+01,1.604832885742187500e+03,5.779319458007812500e+02,9.708659648895263672e-01,1.611609741210937500e+03,5.711551513671875000e+02,9.873355031013488770e-01,1.601444580078125000e+03,5.711551513671875000e+02,9.607238769531250000e-01,1.628551757812500000e+03,5.745435791015625000e+02,9.317523241043090820e-01,1.598056152343750000e+03,5.745435791015625000e+02,6.679637432098388672e-01,1.645493774414062500e+03,6.152044067382812500e+02,9.619891047477722168e-01,1.591279296875000000e+03,6.118159790039062500e+02,9.588921070098876953e-01,1.645493774414062500e+03,6.694188232421875000e+02,9.521707296371459961e-01,1.584502563476562500e+03,6.626420288085937500e+02,9.087657332420349121e-01,1.631940185546875000e+03,7.134680786132812500e+02,8.895180225372314453e-01,1.574337280273437500e+03,7.168564453125000000e+02,8.524599671363830566e-01,1.625163330078125000e+03,7.202448730468750000e+02,8.913494944572448730e-01,1.591279296875000000e+03,7.202448730468750000e+02,8.882684707641601562e-01,1.628551757812500000e+03,7.880128784179687500e+02,9.347957968711853027e-01,1.601444580078125000e+03,7.914013061523437500e+02,9.084532260894775391e-01,1.638716918945312500e+03,8.286737060546875000e+02,8.893127441406250000e-01,1.611609741210937500e+03,8.625577392578125000e+02,9.167727828025817871e-01,1.614998168945312500e+03,5.474363403320312500e+02,9.551365971565246582e-01,1.618386474609375000e+03,5.982623901367187500e+02,9.367402791976928711e-01,1.608221313476562500e+03,7.168564453125000000e+02,8.943789601325988770e-01,1.631940185546875000e+03,8.659461669921875000e+02,9.340507984161376953e-01,1.608221313476562500e+03,8.896649780273437500e+02,8.770374059677124023e-01,1.638716918945312500e+03,8.625577392578125000e+02,9.206686615943908691e-01,1.601444580078125000e+03,8.896649780273437500e+02,8.812090754508972168e-01,1.642105346679687500e+03,8.320621337890625000e+02,8.415993452072143555e-01,1.618386474609375000e+03,8.727229614257812500e+02,8.498747348785400391e-01,1.552749367309670106e+03,5.451680411204004031e+02,1.159053356244951374e+02,3.494126845188736752e+02,0.000000000000000000e+00,0.000000000000000000e+00,0.000000000000000000e+00
1.891800000000000000e+04,8.800000000000000000e+01,2.670000000000000000e+03,9.400000000000000000e+01,1.601943603515625000e+03,5.755770874023437500e+02,9.442573785781860352e-01,1.612053955078125000e+03,5.688367919921875000e+02,9.495002031326293945e-01,1.598573486328125000e+03,5.688367919921875000e+02,9.707047939300537109e-01,1.625534423828125000e+03,5.722069702148437500e+02,9.407941699028015137e-01,1.595203369140625000e+03,5.722069702148437500e+02,7.563057541847229004e-01,1.642385131835937500e+03,6.160186157226562500e+02,9.464777708053588867e-01,1.588463134765625000e+03,6.126484985351562500e+02,9.378497004508972168e-01,1.645755249023437500e+03,6.733107910156250000e+02,9.174336194992065430e-01,1.581722778320312500e+03,6.632003784179687500e+02,9.115210771560668945e-01,1.635644897460937500e+03,7.204925537109375000e+02,9.461398720741271973e-01,1.574982543945312500e+03,7.171224365234375000e+02,8.646817803382873535e-01,1.625534423828125000e+03,7.204925537109375000e+02,8.806188106536865234e-01,1.591833251953125000e+03,7.171224365234375000e+02,8.941137790679931641e-01,1.625534423828125000e+03,7.878950805664062500e+02,9.565954804420471191e-01,1.601943603515625000e+03,7.912651977539062500e+02,9.224084019660949707e-01,1.635644897460937500e+03,8.418171386718750000e+02,8.333005905151367188e-01,1.612053955078125000e+03,8.654080200195312500e+02,9.450297951698303223e-01,1.612053955078125000e+03,5.486160278320312500e+02,9.535468220710754395e-01,1.615424072265625000e+03,5.957978515625000000e+02,9.408103227615356445e-01,1.608683837890625000e+03,7.171224365234375000e+02,9.439973235130310059e-01,1.628904663085937500e+03,8.687781372070312500e+02,9.443500638008117676e-01,1.608683837890625000e+03,8.923690185546875000e+02,9.017782807350158691e-01,1.639015014648437500e+03,8.687781372070312500e+02,9.058744907379150391e-01,1.598573486328125000e+03,8.889989013671875000e+02,9.198111891746520996e-01,1.639015014648437500e+03,8.384470214843750000e+02,7.834863662719726562e-01,1.615424072265625000e+03,8.721482543945312500e+02,8.339798450469970703e-01,1.550664892657121754e+03,5.479686177152888149e+02,1.143698911286091970e+02,3.471593036183462573e+02,0.000000000000000000e+00,0.000000000000000000e+00,0.000000000000000000e+00
1.891900000000000000e+04,8.800000000000000000e+01,2.657000000000000000e+03,9.500000000000000000e+01,1.600996459960937500e+03,5.737690429687500000e+02,9.592822194099426270e-01,1.607870605468750000e+03,5.668948364257812500e+02,9.689299464225769043e-01,1.597559326171875000e+03,5.668948364257812500e+02,9.780413508415222168e-01,1.625056274414062500e+03,5.703319702148437500e+02,9.289289712905883789e-01,1.594122192382812500e+03,5.737690429687500000e+02,7.565723061561584473e-01,1.642241943359375000e+03,6.150145263671875000e+02,9.416898488998413086e-01,1.587247924804687500e+03,6.081403198242187500e+02,9.515525698661804199e-01,1.645679077148437500e+03,6.734456787109375000e+02,9.165706634521484375e-01,1.576936523437500000e+03,6.596971435546875000e+02,8.422571420669555664e-01,1.642241943359375000e+03,7.284396362304687500e+02,9.528857469558715820e-01,1.573499389648437500e+03,7.181282348632812500e+02,8.309683799743652344e-01,1.625056274414062500e+03,7.181282348632812500e+02,9.140757322311401367e-01,1.590685058593750000e+03,7.181282348632812500e+02,9.119241237640380859e-01,1.621619140625000000e+03,7.903078613281250000e+02,9.442688822746276855e-01,1.600996459960937500e+03,7.937449951171875000e+02,9.381203651428222656e-01,1.631930541992187500e+03,8.487389526367187500e+02,8.535211682319641113e-01,1.611307739257812500e+03,8.659245605468750000e+02,9.217112660408020020e-01,1.611307739257812500e+03,5.497092285156250000e+02,9.517660140991210938e-01,1.614744873046875000e+03,5.943917846679687500e+02,9.787948727607727051e-01,1.607870605468750000e+03,7.146911621093750000e+02,9.411801695823669434e-01,1.631930541992187500e+03,8.762359619140625000e+02,9.310564398765563965e-01,1.611307739257812500e+03,8.934215698242187500e+02,8.463445901870727539e-01,1.638804809570312500e+03,8.727988281250000000e+02,9.051507115364074707e-01,1.600996459960937500e+03,8.899844360351562500e+02,8.970752358436584473e-01,1.635367675781250000e+03,8.521760864257812500e+02,7.698608636856079102e-01,1.614744873046875000e+03,8.727988281250000000e+02,8.565402030944824219e-01,1.548637357995143930e+03,5.497764331250467649e+02,1.152440901478366868e+02,3.507723930028478208e+02,0.000000000000000000e+00,0.000000000000000000e+00,0.000000000000000000e+00
1.892000000000000000e+04,8.800000000000000000e+01,2.657000000000000000e+03,9.600000000000000000e+01,1.598305297851562500e+03,5.733885498046875000e+02,9.442185759544372559e-01,1.605057861328125000e+03,5.666359863281250000e+02,9.569263458251953125e-01,1.594929077148437500e+03,5.666359863281250000e+02,9.737795591354370117e-01,1.621939208984375000e+03,5.700122680664062500e+02,9.456132054328918457e-01,1.591552856445312500e+03,5.733885498046875000e+02,7.881875634193420410e-01,1.638820556640625000e+03,6.139037475585937500e+02,9.551056027412414551e-01,1.584800292968750000e+03,6.105274658203125000e+02,9.559154510498046875e-01,1.645573120117187500e+03,6.746765136718750000e+02,9.060089588165283203e-01,1.574671508789062500e+03,6.679240112304687500e+02,9.386305212974548340e-01,1.645573120117187500e+03,7.286967773437500000e+02,9.443792104721069336e-01,1.567918945312500000e+03,7.219442749023437500e+02,9.190842509269714355e-01,1.625315429687500000e+03,7.219442749023437500e+02,8.962098956108093262e-01,1.591552856445312500e+03,7.185679931640625000e+02,9.182913899421691895e-01,1.618562988281250000e+03,7.894696044921875000e+02,9.581784605979919434e-01,1.598305297851562500e+03,7.928458251953125000e+02,8.873957395553588867e-01,1.628691772460937500e+03,8.603711547851562500e+02,8.682350516319274902e-01,1.611810424804687500e+03,8.671237182617187500e+02,9.526358246803283691e-01,1.608434204101562500e+03,5.463784179687500000e+02,9.408774971961975098e-01,1.611810424804687500e+03,5.936461181640625000e+02,9.616604447364807129e-01,1.608434204101562500e+03,7.185679931640625000e+02,9.204021692276000977e-01,1.621939208984375000e+03,8.873812866210937500e+02,8.702283501625061035e-01,1.611810424804687500e+03,8.907575683593750000e+02,9.285361766815185547e-01,1.632067993164062500e+03,8.873812866210937500e+02,8.767166733741760254e-01,1.601681640625000000e+03,8.907575683593750000e+02,9.276265501976013184e-01,1.632067993164062500e+03,8.671237182617187500e+02,7.280673980712890625e-01,1.618562988281250000e+03,8.738762207031250000e+02,8.197032213211059570e-01,1.546738716996811490e+03,5.504745728618388512e+02,1.142818063273091411e+02,3.479937164066188870e+02,0.000000000000000000e+00,0.000000000000000000e+00,0.000000000000000000e+00
1.892100000000000000e+04,8.800000000000000000e+01,2.670000000000000000e+03,9.700000000000000000e+01,1.596709716796875000e+03,5.747514648437500000e+02,9.437026977539062500e-01,1.603647583007812500e+03,5.678136596679687500e+02,9.586629867553710938e-01,1.593240844726562500e+03,5.678136596679687500e+02,9.597486257553100586e-01,1.620992065429687500e+03,5.712825317382812500e+02,9.410299658775329590e-01,1.589771850585937500e+03,5.712825317382812500e+02,8.125652670860290527e-01,1.638336669921875000e+03,6.163783569335937500e+02,9.155962467193603516e-01,1.582834106445312500e+03,6.094405517578125000e+02,9.491199851036071777e-01,1.648743286132812500e+03,6.718808593750000000e+02,9.043482542037963867e-01,1.572427368164062500e+03,6.684119873046875000e+02,9.671235680580139160e-01,1.648743286132812500e+03,7.239144897460937500e+02,9.621208906173706055e-01,1.565489501953125000e+03,7.239144897460937500e+02,9.356928467750549316e-01,1.624460937500000000e+03,7.204456176757812500e+02,9.066765308380126953e-01,1.589771850585937500e+03,7.204456176757812500e+02,8.926952481269836426e-01,1.614054321289062500e+03,7.898237304687500000e+02,9.638667702674865723e-01,1.603647583007812500e+03,7.932926635742187500e+02,8.808803558349609375e-01,1.617523193359375000e+03,8.696086425781250000e+02,8.110092282295227051e-01,1.617523193359375000e+03,8.696086425781250000e+02,8.977805972099304199e-01,1.603647583007812500e+03,5.470001831054687500e+02,9.352304339408874512e-01,1.610585327148437500e+03,5.955649414062500000e+02,9.655034542083740234e-01,1.607116455078125000e+03,7.169766845703125000e+02,9.172787666320800781e-01,1.610585327148437500e+03,8.904220581054687500e+02,7.484225034713745117e-01,1.607116455078125000e+03,8.904220581054687500e+02,8.368966579437255859e-01,1.624460937500000000e+03,8.904220581054687500e+02,8.001016378402709961e-01,1.600178588867187500e+03,8.904220581054687500e+02,8.882564902305603027e-01,1.624460937500000000e+03,8.800153198242187500e+02,6.950670480728149414e-01,1.624460937500000000e+03,8.834842529296875000e+02,8.838850259780883789e-01,1.543958922854998036e+03,5.512257223400349631e+02,1.162185661576233997e+02,3.531336335636452759e+02,1.000000000000000000e+00,0.000000000000000000e+00,0.000000000000000000e+00
1.892200000000000000e+04,8.800000000000000000e+01,2.668000000000000000e+03,9.800000000000000000e+01,1.595484008789062500e+03,5.719965820312500000e+02,9.722067713737487793e-01,1.602573730468750000e+03,5.649069213867187500e+02,9.805506467819213867e-01,1.591939208984375000e+03,5.684517822265625000e+02,9.531279802322387695e-01,1.616752929687500000e+03,5.719965820312500000e+02,9.348735809326171875e-01,1.588394409179687500e+03,5.719965820312500000e+02,8.655427098274230957e-01,1.638021850585937500e+03,6.145343627929687500e+02,9.580821394920349121e-01,1.577760009765625000e+03,6.109895629882812500e+02,9.296208620071411133e-01,1.648656250000000000e+03,6.747962036132812500e+02,9.136205315589904785e-01,1.570670288085937500e+03,6.712514038085937500e+02,9.291702508926391602e-01,1.652201049804687500e+03,7.244236450195312500e+02,9.280638694763183594e-01,1.563580688476562500e+03,7.244236450195312500e+02,9.074814915657043457e-01,1.620297729492187500e+03,7.173339843750000000e+02,9.225848913192749023e-01,1.588394409179687500e+03,7.173339843750000000e+02,9.266853332519531250e-01,1.609663330078125000e+03,7.917750854492187500e+02,9.385791420936584473e-01,1.599028808593750000e+03,7.917750854492187500e+02,8.051046729087829590e-01,1.616752929687500000e+03,8.733058471679687500e+02,8.915811777114868164e-01,1.613208129882812500e+03,8.662162475585937500e+02,8.571437001228332520e-01,1.602573730468750000e+03,5.471828613281250000e+02,9.641167521476745605e-01,1.606118530273437500e+03,5.968103027343750000e+02,9.713450670242309570e-01,1.606118530273437500e+03,7.137891845703125000e+02,9.270595908164978027e-01,1.606118530273437500e+03,8.981195678710937500e+02,8.677940368652343750e-01,1.613208129882812500e+03,8.945747680664062500e+02,8.113996386528015137e-01,1.616752929687500000e+03,8.981195678710937500e+02,8.853099942207336426e-01,1.602573730468750000e+03,8.910299072265625000e+02,8.577024340629577637e-01,1.616752929687500000e+03,8.803955078125000000e+02,8.721325993537902832e-01,1.616752929687500000e+03,8.733058471679687500e+02,8.337846398353576660e-01,1.541496661045769770e+03,5.493602011230112794e+02,1.184196687249966544e+02,3.601238242807683037e+02,1.000000000000000000e+00,0.000000000000000000e+00,0.000000000000000000e+00
1.892300000000000000e+04,8.800000000000000000e+01,2.668000000000000000e+03,9.900000000000000000e+01,1.593888427734375000e+03,5.727792968750000000e+02,9.199649095535278320e-01,1.601105957031250000e+03,5.691705322265625000e+02,9.382050037384033203e-01,1.590279663085937500e+03,5.691705322265625000e+02,9.542907476425170898e-01,1.615541137695312500e+03,5.727792968750000000e+02,9.634827971458435059e-01,1.583062133789062500e+03,5.727792968750000000e+02,8.458002209663391113e-01,1.637193725585937500e+03,6.196933593750000000e+02,9.092582464218139648e-01,1.575844604492187500e+03,6.160845947265625000e+02,9.620897769927978516e-01,1.648020141601562500e+03,6.774337768554687500e+02,9.029344320297241211e-01,1.568627075195312500e+03,6.738249511718750000e+02,9.674693346023559570e-01,1.658846435546875000e+03,7.315653686523437500e+02,9.047670364379882812e-01,1.561409545898437500e+03,7.279566040039062500e+02,9.006062150001525879e-01,1.619149902343750000e+03,7.207390747070312500e+02,9.049440026283264160e-01,1.583062133789062500e+03,7.171302490234375000e+02,8.760965466499328613e-01,1.608323608398437500e+03,7.929145507812500000e+02,9.457233548164367676e-01,1.601105957031250000e+03,7.929145507812500000e+02,8.675277233123779297e-01,1.611932373046875000e+03,8.723076171875000000e+02,8.829789161682128906e-01,1.611932373046875000e+03,8.650900268554687500e+02,8.908169865608215332e-01,1.601105957031250000e+03,5.475178833007812500e+02,9.241113662719726562e-01,1.604714843750000000e+03,5.980407104492187500e+02,9.722172021865844727e-01,1.601105957031250000e+03,7.171302490234375000e+02,9.350835680961608887e-01,1.601105957031250000e+03,9.047865600585937500e+02,8.555389642715454102e-01,1.604714843750000000e+03,9.011777954101562500e+02,7.249775528907775879e-01,1.611932373046875000e+03,9.047865600585937500e+02,9.116891026496887207e-01,1.601105957031250000e+03,8.975690307617187500e+02,7.738913297653198242e-01,1.615541137695312500e+03,8.831339111328125000e+02,9.119856953620910645e-01,1.615541137695312500e+03,8.759163818359375000e+02,8.347790241241455078e-01,1.541113011420918383e+03,5.465168084313449981e+02,1.210100508080661257e+02,3.670074380094516755e+02,1.000000000000000000e+00,0.000000000000000000e+00,0.000000000000000000e+00
1.892400000000000000e+04,8.800000000000000000e+01,2.668000000000000000e+03,1.000000000000000000e+02,1.589208496093750000e+03,5.746842041015625000e+02,9.534723162651062012e-01,1.596458984375000000e+03,5.674337768554687500e+02,9.561353325843811035e-01,1.585583251953125000e+03,5.674337768554687500e+02,9.410726428031921387e-01,1.610959838867187500e+03,5.746842041015625000e+02,9.837501645088195801e-01,1.581958129882812500e+03,5.746842041015625000e+02,8.685459494590759277e-01,1.632711059570312500e+03,6.181867675781250000e+02,9.361068010330200195e-01,1.574707641601562500e+03,6.145615234375000000e+02,9.747086167335510254e-01,1.647211914062500000e+03,6.761901855468750000e+02,9.196673035621643066e-01,1.567457275390625000e+03,6.761901855468750000e+02,9.467892050743103027e-01,1.658087524414062500e+03,7.269431762695312500e+02,9.413951039314270020e-01,1.560206787109375000e+03,7.305683593750000000e+02,9.533239006996154785e-01,1.618210205078125000e+03,7.196927490234375000e+02,8.981130123138427734e-01,1.585583251953125000e+03,7.196927490234375000e+02,9.158162474632263184e-01,1.607334594726562500e+03,7.958222045898437500e+02,9.179409146308898926e-01,1.600084106445312500e+03,7.958222045898437500e+02,9.360803961753845215e-01,1.607334594726562500e+03,8.755769042968750000e+02,8.960250616073608398e-01,1.614584960937500000e+03,8.683264770507812500e+02,9.269334673881530762e-01,1.596458984375000000e+03,5.493076782226562500e+02,9.471524357795715332e-01,1.603709350585937500e+03,6.000606689453125000e+02,9.471845626831054688e-01,1.600084106445312500e+03,7.196927490234375000e+02,9.227867126464843750e-01,1.589208496093750000e+03,9.009534301757812500e+02,8.422299027442932129e-01,1.600084106445312500e+03,8.937030029296875000e+02,7.893853187561035156e-01,1.596458984375000000e+03,9.009534301757812500e+02,9.019573926925659180e-01,1.592833740234375000e+03,8.900777587890625000e+02,8.152458071708679199e-01,1.607334594726562500e+03,8.900777587890625000e+02,8.693968057632446289e-01,1.618210205078125000e+03,8.828273315429687500e+02,8.594169616699218750e-01,1.542261947059065960e+03,5.465866280631385052e+02,1.229213330778754880e+02,3.706665900106032723e+02,1.000000000000000000e+00,0.000000000000000000e+00,0.000000000000000000e+00
1.892500000000000000e+04,8.800000000000000000e+01,2.668000000000000000e+03,1.010000000000000000e+02,1.587096679687500000e+03,5.783372802734375000e+02,9.653970003128051758e-01,1.594378173828125000e+03,5.710559082031250000e+02,9.588935375213623047e-01,1.583456054687500000e+03,5.710559082031250000e+02,9.495128393173217773e-01,1.608940917968750000e+03,5.746965942382812500e+02,9.471108913421630859e-01,1.579815307617187500e+03,5.746965942382812500e+02,8.263913989067077637e-01,1.630785156250000000e+03,6.183850097656250000e+02,8.971453309059143066e-01,1.572533935546875000e+03,6.147443237304687500e+02,9.533370137214660645e-01,1.648988647460937500e+03,6.766362915039062500e+02,9.114778041839599609e-01,1.568893188476562500e+03,6.802769775390625000e+02,8.987143635749816895e-01,1.659910766601562500e+03,7.276061401367187500e+02,9.399140477180480957e-01,1.561611816406250000e+03,7.348875732421875000e+02,9.356030821800231934e-01,1.616222412109375000e+03,7.203247070312500000e+02,9.074455499649047852e-01,1.583456054687500000e+03,7.203247070312500000e+02,8.509371876716613770e-01,1.608940917968750000e+03,8.004202270507812500e+02,9.225416779518127441e-01,1.594378173828125000e+03,8.004202270507812500e+02,8.383634090423583984e-01,1.601659545898437500e+03,8.805156860351562500e+02,8.301895260810852051e-01,1.612581665039062500e+03,8.695935668945312500e+02,8.593494892120361328e-01,1.594378173828125000e+03,5.492116699218750000e+02,9.636267423629760742e-01,1.601659545898437500e+03,6.001815185546875000e+02,9.840092658996582031e-01,1.598018798828125000e+03,7.203247070312500000e+02,9.281166791915893555e-01,1.579815307617187500e+03,9.023599243164062500e+02,8.951949477195739746e-01,1.587096679687500000e+03,8.914378051757812500e+02,6.439098715782165527e-01,1.587096679687500000e+03,9.023599243164062500e+02,8.696708083152770996e-01,1.587096679687500000e+03,8.877971191406250000e+02,7.191638350486755371e-01,1.608940917968750000e+03,8.950784912109375000e+02,7.757257819175720215e-01,1.619863037109375000e+03,8.841564331054687500e+02,8.756384849548339844e-01,1.543448534117469308e+03,5.465540230964243165e+02,1.243512535224740532e+02,3.730109433212061276e+02,1.000000000000000000e+00,0.000000000000000000e+00,0.000000000000000000e+00
1.892600000000000000e+04,8.800000000000000000e+01,2.668000000000000000e+03,1.020000000000000000e+02,1.584180908203125000e+03,5.797230834960937500e+02,9.734742045402526855e-01,1.591467529296875000e+03,5.724365234375000000e+02,9.578545093536376953e-01,1.580537719726562500e+03,5.724365234375000000e+02,9.568601250648498535e-01,1.606040649414062500e+03,5.760797729492187500e+02,9.672376513481140137e-01,1.576894409179687500e+03,5.760797729492187500e+02,8.527094125747680664e-01,1.627900390625000000e+03,6.197991943359375000e+02,8.821054697036743164e-01,1.569607788085937500e+03,6.197991943359375000e+02,9.659647941589355469e-01,1.649760131835937500e+03,6.780917358398437500e+02,9.043242335319519043e-01,1.565964477539062500e+03,6.853783569335937500e+02,9.412394762039184570e-01,1.660689941406250000e+03,7.290977783203125000e+02,9.363750815391540527e-01,1.558677978515625000e+03,7.363843383789062500e+02,9.296408295631408691e-01,1.613327270507812500e+03,7.290977783203125000e+02,8.980640769004821777e-01,1.580537719726562500e+03,7.290977783203125000e+02,9.045031666755676270e-01,1.602397338867187500e+03,8.092500000000000000e+02,8.951061367988586426e-01,1.595110839843750000e+03,8.092500000000000000e+02,8.907287716865539551e-01,1.598754150390625000e+03,8.857590332031250000e+02,8.525958061218261719e-01,1.609683959960937500e+03,8.748291625976562500e+02,8.852609395980834961e-01,1.591467529296875000e+03,5.505767822265625000e+02,9.553264379501342773e-01,1.598754150390625000e+03,6.015827636718750000e+02,9.635950326919555664e-01,1.595110839843750000e+03,7.254544677734375000e+02,9.325598478317260742e-01,1.573251098632812500e+03,9.039754638671875000e+02,8.767269849777221680e-01,1.580537719726562500e+03,8.966888427734375000e+02,7.186794877052307129e-01,1.580537719726562500e+03,9.039754638671875000e+02,8.241592645645141602e-01,1.580537719726562500e+03,8.930455932617187500e+02,7.802863717079162598e-01,1.602397338867187500e+03,9.003321533203125000e+02,7.450336217880249023e-01,1.616970458984375000e+03,8.894022827148437500e+02,9.661561846733093262e-01,1.544145132253106794e+03,5.474421586069649948e+02,1.254520485052007643e+02,3.739805400221277978e+02,1.000000000000000000e+00,0.000000000000000000e+00,0.000000000000000000e+00
1.892700000000000000e+04,8.800000000000000000e+01,2.668000000000000000e+03,1.030000000000000000e+02,1.583843627929687500e+03,5.810334472656250000e+02,9.624015688896179199e-01,1.591080200195312500e+03,5.737968750000000000e+02,9.562766551971435547e-01,1.580225341796875000e+03,5.737968750000000000e+02,9.703131318092346191e-01,1.605553344726562500e+03,5.774151611328125000e+02,9.519310593605041504e-01,1.572988769531250000e+03,5.774151611328125000e+02,8.582217097282409668e-01,1.623644897460937500e+03,6.208346557617187500e+02,8.759849667549133301e-01,1.565752197265625000e+03,6.208346557617187500e+02,9.518684744834899902e-01,1.645354614257812500e+03,6.823455200195312500e+02,9.006122350692749023e-01,1.562133911132812500e+03,6.859638061523437500e+02,9.658653140068054199e-01,1.659827758789062500e+03,7.293833007812500000e+02,9.119012355804443359e-01,1.554897338867187500e+03,7.402381591796875000e+02,9.148426651954650879e-01,1.609171752929687500e+03,7.330015869140625000e+02,8.918944597244262695e-01,1.576607055664062500e+03,7.330015869140625000e+02,9.063600897789001465e-01,1.598316772460937500e+03,8.126039428710937500e+02,9.204601645469665527e-01,1.594698486328125000e+03,8.089856567382812500e+02,8.710429668426513672e-01,1.594698486328125000e+03,8.885880126953125000e+02,8.423895239830017090e-01,1.605553344726562500e+03,8.777331542968750000e+02,8.894088268280029297e-01,1.591080200195312500e+03,5.520871582031250000e+02,9.417575597763061523e-01,1.594698486328125000e+03,6.027431640625000000e+02,9.724707603454589844e-01,1.594698486328125000e+03,7.293833007812500000e+02,9.621832370758056641e-01,1.569370483398437500e+03,9.102977294921875000e+02,8.513696193695068359e-01,1.580225341796875000e+03,9.030611572265625000e+02,8.037881851196289062e-01,1.580225341796875000e+03,9.102977294921875000e+02,8.189924359321594238e-01,1.576607055664062500e+03,8.994428710937500000e+02,8.315435051918029785e-01,1.598316772460937500e+03,9.030611572265625000e+02,7.748988866806030273e-01,1.616408325195312500e+03,8.885880126953125000e+02,8.818404674530029297e-01,1.544038471665787256e+03,5.487907652415278790e+02,1.260093920667004568e+02,3.725730708689860649e+02,1.000000000000000000e+00,0.000000000000000000e+00,0.000000000000000000e+00
1.892800000000000000e+04,8.800000000000000000e+01,2.679000000000000000e+03,1.040000000000000000e+02,1.582192626953125000e+03,5.807495117187500000e+02,9.456501007080078125e-01,1.589581420898437500e+03,5.733607177734375000e+02,9.445018172264099121e-01,1.574803833007812500e+03,5.733607177734375000e+02,9.720318913459777832e-01,1.604359130859375000e+03,5.770551147460937500e+02,9.028714299201965332e-01,1.571109375000000000e+03,5.770551147460937500e+02,8.599276542663574219e-01,1.622831176757812500e+03,6.213881225585937500e+02,9.190098047256469727e-01,1.563720581054687500e+03,6.213881225585937500e+02,9.133440852165222168e-01,1.644997680664062500e+03,6.841931762695312500e+02,9.247353672981262207e-01,1.560026123046875000e+03,6.841931762695312500e+02,9.517627358436584473e-01,1.656080932617187500e+03,7.322205200195312500e+02,8.992064595222473145e-01,1.552637329101562500e+03,7.396093750000000000e+02,9.370620846748352051e-01,1.608053466796875000e+03,7.322205200195312500e+02,9.107503294944763184e-01,1.574803833007812500e+03,7.285261230468750000e+02,8.975857496261596680e-01,1.593275878906250000e+03,8.098032226562500000e+02,9.459818005561828613e-01,1.589581420898437500e+03,8.061088256835937500e+02,9.261599779129028320e-01,1.589581420898437500e+03,8.947747802734375000e+02,8.909564018249511719e-01,1.608053466796875000e+03,8.689138793945312500e+02,9.190581440925598145e-01,1.585886962890625000e+03,5.511942138671875000e+02,9.386711120605468750e-01,1.593275878906250000e+03,6.029160156250000000e+02,9.727279543876647949e-01,1.589581420898437500e+03,7.285261230468750000e+02,9.693555831909179688e-01,1.567414916992187500e+03,9.132468872070312500e+02,8.792279958724975586e-01,1.589581420898437500e+03,8.947747802734375000e+02,7.779194712638854980e-01,1.578498168945312500e+03,9.169412841796875000e+02,8.673788905143737793e-01,1.585886962890625000e+03,8.910803833007812500e+02,7.389416694641113281e-01,1.593275878906250000e+03,9.058580322265625000e+02,8.081862926483154297e-01,1.615442382812500000e+03,8.799971313476562500e+02,8.996878266334533691e-01,1.542061345636190936e+03,5.462571284141757815e+02,1.286078369618592205e+02,3.770653286800726391e+02,1.000000000000000000e+00,0.000000000000000000e+00,0.000000000000000000e+00
1.892900000000000000e+04,8.800000000000000000e+01,2.679000000000000000e+03,1.050000000000000000e+02,1.578302978515625000e+03,5.794606933593750000e+02,9.341250061988830566e-01,1.585753051757812500e+03,5.720106201171875000e+02,9.329928159713745117e-01,1.570852905273437500e+03,5.720106201171875000e+02,9.568929672241210938e-01,1.600653198242187500e+03,5.757356567382812500e+02,9.345754981040954590e-01,1.567127807617187500e+03,5.794606933593750000e+02,8.380010128021240234e-01,1.619278442382812500e+03,6.204362182617187500e+02,9.208136796951293945e-01,1.559677734375000000e+03,6.204362182617187500e+02,9.287024736404418945e-01,1.641628662109375000e+03,6.837619628906250000e+02,9.106181859970092773e-01,1.555952636718750000e+03,6.837619628906250000e+02,9.465718269348144531e-01,1.656528930664062500e+03,7.321875000000000000e+02,8.959407210350036621e-01,1.548502563476562500e+03,7.396376342773437500e+02,9.221056103706359863e-01,1.604378295898437500e+03,7.321875000000000000e+02,9.144158959388732910e-01,1.570852905273437500e+03,7.321875000000000000e+02,9.037342071533203125e-01,1.589478149414062500e+03,8.104134521484375000e+02,9.355822205543518066e-01,1.585753051757812500e+03,8.066884155273437500e+02,9.180094599723815918e-01,1.593203125000000000e+03,8.960894775390625000e+02,8.928190469741821289e-01,1.608103271484375000e+03,8.662891235351562500e+02,8.897273540496826172e-01,1.585753051757812500e+03,5.496603393554687500e+02,9.307000637054443359e-01,1.589478149414062500e+03,6.055360107421875000e+02,9.523447751998901367e-01,1.585753051757812500e+03,7.284624633789062500e+02,9.497121572494506836e-01,1.567127807617187500e+03,9.184397583007812500e+02,8.466924428939819336e-01,1.593203125000000000e+03,8.960894775390625000e+02,7.361302375793457031e-01,1.578302978515625000e+03,9.184397583007812500e+02,8.666750192642211914e-01,1.589478149414062500e+03,8.923644409179687500e+02,6.946847438812255859e-01,1.596928222656250000e+03,9.109896240234375000e+02,7.953065037727355957e-01,1.615553344726562500e+03,8.774642333984375000e+02,8.581298589706420898e-01,1.538414908110702527e+03,5.442620876030848649e+02,1.305815929682710248e+02,3.807457825725324483e+02,1.000000000000000000e+00,0.000000000000000000e+00,0.000000000000000000e+00
1.893000000000000000e+04,8.800000000000000000e+01,2.657000000000000000e+03,1.060000000000000000e+02,1.571370361328125000e+03,5.795718994140625000e+02,9.621717333793640137e-01,1.578905761718750000e+03,5.720364990234375000e+02,9.552580118179321289e-01,1.567602661132812500e+03,5.758041992187500000e+02,9.703825712203979492e-01,1.597744262695312500e+03,5.758041992187500000e+02,9.339740872383117676e-01,1.567602661132812500e+03,5.795718994140625000e+02,7.667747139930725098e-01,1.616582641601562500e+03,6.210164794921875000e+02,9.312643408775329590e-01,1.556299560546875000e+03,6.172487792968750000e+02,9.374343156814575195e-01,1.635421142578125000e+03,6.812994995117187500e+02,9.125040173530578613e-01,1.556299560546875000e+03,6.850671997070312500e+02,9.641166329383850098e-01,1.650491821289062500e+03,7.302794799804687500e+02,9.102079868316650391e-01,1.544996582031250000e+03,7.415825805664062500e+02,9.204795956611633301e-01,1.597744262695312500e+03,7.340471801757812500e+02,9.117757081985473633e-01,1.567602661132812500e+03,7.340471801757812500e+02,9.099084734916687012e-01,1.586441162109375000e+03,8.131686401367187500e+02,9.398089051246643066e-01,1.582673461914062500e+03,8.094010009765625000e+02,9.346155524253845215e-01,1.590208862304687500e+03,8.960578613281250000e+02,9.148550033569335938e-01,1.609047241210937500e+03,8.621486206054687500e+02,8.334020376205444336e-01,1.578905761718750000e+03,5.494303588867187500e+02,9.251574277877807617e-01,1.586441162109375000e+03,6.021780395507812500e+02,9.593275785446166992e-01,1.582673461914062500e+03,7.302794799804687500e+02,9.466736912727355957e-01,1.567602661132812500e+03,9.186640014648437500e+02,8.453308343887329102e-01,1.597744262695312500e+03,8.960578613281250000e+02,7.428466081619262695e-01,1.575138061523437500e+03,9.186640014648437500e+02,8.703148365020751953e-01,1.590208862304687500e+03,8.922901611328125000e+02,6.827024817466735840e-01,1.597744262695312500e+03,9.073609008789062500e+02,7.939563393592834473e-01,1.616582641601562500e+03,8.659163208007812500e+02,7.240604758262634277e-01,1.534620993916513726e+03,5.408453012472559749e+02,1.323892543551153267e+02,3.849230406774273661e+02,1.000000000000000000e+00,0.000000000000000000e+00,0.000000000000000000e+00
1.893100000000000000e+04,8.800000000000000000e+01,2.657000000000000000e+03,1.070000000000000000e+02,1.567481079101562500e+03,5.781138916015625000e+02,9.609539508819580078e-01,1.574938476562500000e+03,5.706564941406250000e+02,9.564978480339050293e-01,1.563752319335937500e+03,5.706564941406250000e+02,9.537039995193481445e-01,1.589853149414062500e+03,5.743851928710937500e+02,9.541715979576110840e-01,1.560023681640625000e+03,5.781138916015625000e+02,8.191738724708557129e-01,1.612225341796875000e+03,6.228581542968750000e+02,8.946332931518554688e-01,1.556294921875000000e+03,6.191294555664062500e+02,9.300178885459899902e-01,1.630868774414062500e+03,6.862459106445312500e+02,9.039974212646484375e-01,1.552566284179687500e+03,6.862459106445312500e+02,9.322407245635986328e-01,1.645783569335937500e+03,7.384475708007812500e+02,9.138531684875488281e-01,1.537651489257812500e+03,7.421762695312500000e+02,9.553165435791015625e-01,1.593581909179687500e+03,7.347188720703125000e+02,9.055976271629333496e-01,1.560023681640625000e+03,7.347188720703125000e+02,9.220492243766784668e-01,1.582395751953125000e+03,8.167501220703125000e+02,9.287785887718200684e-01,1.571209716796875000e+03,8.092927246093750000e+02,8.573397397994995117e-01,1.589853149414062500e+03,8.950526123046875000e+02,8.872446417808532715e-01,1.604767944335937500e+03,8.540369873046875000e+02,7.229414582252502441e-01,1.574938476562500000e+03,5.482843627929687500e+02,9.593669176101684570e-01,1.582395751953125000e+03,6.004860229492187500e+02,9.204493761062622070e-01,1.578667114257812500e+03,7.309902343750000000e+02,9.507147073745727539e-01,1.563752319335937500e+03,9.211534423828125000e+02,8.618299365043640137e-01,1.597310546875000000e+03,8.950526123046875000e+02,5.373497009277343750e-01,1.574938476562500000e+03,9.211534423828125000e+02,8.622205257415771484e-01,1.586124511718750000e+03,8.913239135742187500e+02,4.904436767101287842e-01,1.597310546875000000e+03,9.062387084960937500e+02,7.828394770622253418e-01,1.612225341796875000e+03,8.577656860351562500e+02,7.107908725738525391e-01,1.528376914951623348e+03,5.413140945988153589e+02,1.323726359450311065e+02,3.838170434840470762e+02,1.000000000000000000e+00,0.000000000000000000e+00,0.000000000000000000e+00
1.893200000000000000e+04,8.800000000000000000e+01,2.657000000000000000e+03,1.080000000000000000e+02,1.560397583007812500e+03,5.799748535156250000e+02,9.674017429351806641e-01,1.568044677734375000e+03,5.723278198242187500e+02,9.552024006843566895e-01,1.556574096679687500e+03,5.723278198242187500e+02,9.639463424682617188e-01,1.587162231445312500e+03,5.723278198242187500e+02,9.384685158729553223e-01,1.556574096679687500e+03,5.723278198242187500e+02,7.310399413108825684e-01,1.610103393554687500e+03,6.182100219726562500e+02,8.980255722999572754e-01,1.552750610351562500e+03,6.143865356445312500e+02,9.340033531188964844e-01,1.625397460937500000e+03,6.832098388671875000e+02,9.369923472404479980e-01,1.548927124023437500e+03,6.832098388671875000e+02,9.377139806747436523e-01,1.640691528320312500e+03,7.367390747070312500e+02,9.386706352233886719e-01,1.537456542968750000e+03,7.405625610351562500e+02,9.240304827690124512e-01,1.590985717773437500e+03,7.329155273437500000e+02,8.990553021430969238e-01,1.556574096679687500e+03,7.329155273437500000e+02,8.879863023757934570e-01,1.579515258789062500e+03,8.208564453125000000e+02,9.230542778968811035e-01,1.568044677734375000e+03,8.132094116210937500e+02,8.176164627075195312e-01,1.587162231445312500e+03,8.973267822265625000e+02,9.367141127586364746e-01,1.598632812500000000e+03,8.476210327148437500e+02,8.461375832557678223e-01,1.571868164062500000e+03,5.493867187500000000e+02,9.501931667327880859e-01,1.579515258789062500e+03,5.990924682617187500e+02,9.621667861938476562e-01,1.571868164062500000e+03,7.329155273437500000e+02,9.079993367195129395e-01,1.564221191406250000e+03,9.202678833007812500e+02,8.468960523605346680e-01,1.598632812500000000e+03,8.782091674804687500e+02,5.180832743644714355e-01,1.575691650390625000e+03,9.202678833007812500e+02,8.549660444259643555e-01,1.598632812500000000e+03,8.705621337890625000e+02,5.624705553054809570e-01,1.594809326171875000e+03,9.126208496093750000e+02,8.402742147445678711e-01,1.610103393554687500e+03,8.476210327148437500e+02,8.590155839920043945e-01,1.520572864816945867e+03,5.371165175064593313e+02,1.347570593978671241e+02,3.896654794853437807e+02,0.000000000000000000e+00,0.000000000000000000e+00,0.000000000000000000e+00
1.893300000000000000e+04,8.800000000000000000e+01,2.657000000000000000e+03,1.090000000000000000e+02,1.553315307617187500e+03,5.773690795898437500e+02,9.475926160812377930e-01,1.564714721679687500e+03,5.697694702148437500e+02,9.374395608901977539e-01,1.553315307617187500e+03,5.697694702148437500e+02,9.524931311607360840e-01,1.583713867187500000e+03,5.735692749023437500e+02,9.431151151657104492e-01,1.553315307617187500e+03,5.735692749023437500e+02,6.545385718345642090e-01,1.602713012695312500e+03,6.153674316406250000e+02,8.791664242744445801e-01,1.549515380859375000e+03,6.115676269531250000e+02,9.318359494209289551e-01,1.621712280273437500e+03,6.837644042968750000e+02,9.019078016281127930e-01,1.545715576171875000e+03,6.799645996093750000e+02,9.371120929718017578e-01,1.629311889648437500e+03,7.407619018554687500e+02,8.974736928939819336e-01,1.530516235351562500e+03,7.369620971679687500e+02,9.404091238975524902e-01,1.587513793945312500e+03,7.331622314453125000e+02,9.370074868202209473e-01,1.553315307617187500e+03,7.331622314453125000e+02,9.241152405738830566e-01,1.576114257812500000e+03,8.167585449218750000e+02,9.473976492881774902e-01,1.557115112304687500e+03,8.129587402343750000e+02,8.179641962051391602e-01,1.587513793945312500e+03,8.965550537109375000e+02,9.476672410964965820e-01,1.595113403320312500e+03,8.509570312500000000e+02,9.092609286308288574e-01,1.568514526367187500e+03,5.469704589843750000e+02,9.652110934257507324e-01,1.576114257812500000e+03,5.963682861328125000e+02,9.112927913665771484e-01,1.568514526367187500e+03,7.293624267578125000e+02,9.593500494956970215e-01,1.564714721679687500e+03,9.193540649414062500e+02,8.177853226661682129e-01,1.591313598632812500e+03,8.851555786132812500e+02,4.997998774051666260e-01,1.576114257812500000e+03,9.193540649414062500e+02,8.545036911964416504e-01,1.591313598632812500e+03,8.737560424804687500e+02,5.681049227714538574e-01,1.595113403320312500e+03,9.079545288085937500e+02,8.521324396133422852e-01,1.606512939453125000e+03,8.547568969726562500e+02,8.655475974082946777e-01,1.513225365399176098e+03,5.365127242222672521e+02,1.350924198197162696e+02,3.902168024210509429e+02,0.000000000000000000e+00,0.000000000000000000e+00,0.000000000000000000e+00
1.893400000000000000e+04,8.800000000000000000e+01,2.657000000000000000e+03,1.100000000000000000e+02,1.549923828125000000e+03,5.764918212890625000e+02,9.602825641632080078e-01,1.557640258789062500e+03,5.687753906250000000e+02,9.510853886604309082e-01,1.546065551757812500e+03,5.687753906250000000e+02,9.489820599555969238e-01,1.576931274414062500e+03,5.687753906250000000e+02,9.473588466644287109e-01,1.546065551757812500e+03,5.726336669921875000e+02,7.095074057579040527e-01,1.600080566406250000e+03,6.150739746093750000e+02,8.761495351791381836e-01,1.546065551757812500e+03,6.112158203125000000e+02,9.352075457572937012e-01,1.615513427734375000e+03,6.883801269531250000e+02,9.354187250137329102e-01,1.542207397460937500e+03,6.806636962890625000e+02,9.465252161026000977e-01,1.619371704101562500e+03,7.501115722656250000e+02,9.196890592575073242e-01,1.526774536132812500e+03,7.385368652343750000e+02,9.592284560203552246e-01,1.584647705078125000e+03,7.346787109375000000e+02,9.226882457733154297e-01,1.549923828125000000e+03,7.308204345703125000e+02,8.741558790206909180e-01,1.576931274414062500e+03,8.157011718750000000e+02,9.692366123199462891e-01,1.542207397460937500e+03,8.118430175781250000e+02,8.987888693809509277e-01,1.584647705078125000e+03,8.967237548828125000e+02,8.950301408767700195e-01,1.580789550781250000e+03,8.581416015625000000e+02,6.342441439628601074e-01,1.561498413085937500e+03,5.456260986328125000e+02,9.507129192352294922e-01,1.569214843750000000e+03,5.957829589843750000e+02,9.541019201278686523e-01,1.565356689453125000e+03,7.308204345703125000e+02,9.566978216171264648e-01,1.565356689453125000e+03,9.198730468750000000e+02,8.843160271644592285e-01,1.569214843750000000e+03,8.812908935546875000e+02,4.775899350643157959e-01,1.580789550781250000e+03,9.237312011718750000e+02,8.789148330688476562e-01,1.569214843750000000e+03,8.812908935546875000e+02,4.847663342952728271e-01,1.592364135742187500e+03,9.082983398437500000e+02,8.103184103965759277e-01,1.592364135742187500e+03,8.581416015625000000e+02,4.650924503803253174e-01,1.507942161393534661e+03,5.328030953129757563e+02,1.363547055556352916e+02,3.942453920038539081e+02,0.000000000000000000e+00,0.000000000000000000e+00,0.000000000000000000e+00
1.893500000000000000e+04,8.800000000000000000e+01,2.657000000000000000e+03,1.110000000000000000e+02,1.543809692382812500e+03,5.759694213867187500e+02,9.454279541969299316e-01,1.551259399414062500e+03,5.685197143554687500e+02,9.760320186614990234e-01,1.543809692382812500e+03,5.685197143554687500e+02,9.678115248680114746e-01,1.573608520507812500e+03,5.685197143554687500e+02,9.302551746368408203e-01,1.558709106445312500e+03,5.722445678710937500e+02,5.513617992401123047e-01,1.592232788085937500e+03,6.169428100585937500e+02,8.801030516624450684e-01,1.547534545898437500e+03,6.132179565429687500e+02,9.057960510253906250e-01,1.603407348632812500e+03,6.877150268554687500e+02,9.390649795532226562e-01,1.540084838867187500e+03,6.802653198242187500e+02,9.205288290977478027e-01,1.610857055664062500e+03,7.510375366210937500e+02,9.202393293380737305e-01,1.525185424804687500e+03,7.324132690429687500e+02,8.857066035270690918e-01,1.581058227539062500e+03,7.324132690429687500e+02,8.989197611808776855e-01,1.547534545898437500e+03,7.286884155273437500e+02,9.163067340850830078e-01,1.577333374023437500e+03,8.143600463867187500e+02,1.002295851707458496e+00,1.536359985351562500e+03,8.106351928710937500e+02,9.456290602684020996e-01,1.588507934570312500e+03,8.888571166992187500e+02,8.246774673461914062e-01,1.569883666992187500e+03,8.776825561523437500e+02,9.035567045211791992e-01,1.558709106445312500e+03,5.461705932617187500e+02,9.074253439903259277e-01,1.566158813476562500e+03,5.945936889648437500e+02,9.153009057044982910e-01,1.562433959960937500e+03,7.286884155273437500e+02,9.198906421661376953e-01,1.566158813476562500e+03,9.149310913085937500e+02,9.178228974342346191e-01,1.558709106445312500e+03,9.112062377929687500e+02,9.389495253562927246e-01,1.577333374023437500e+03,9.186559448242187500e+02,8.898339867591857910e-01,1.551259399414062500e+03,9.074813842773437500e+02,9.325789809226989746e-01,1.592232788085937500e+03,9.037565307617187500e+02,8.193253278732299805e-01,1.577333374023437500e+03,8.851322631835937500e+02,7.940623164176940918e-01,1.498684618410086614e+03,5.369831797650933822e+02,1.326216089404942977e+02,3.867528672646064933e+02,0.000000000000000000e+00,0.000000000000000000e+00,0.000000000000000000e+00
1.893600000000000000e+04,8.800000000000000000e+01,2.657000000000000000e+03,1.120000000000000000e+02,1.535727661132812500e+03,5.757559204101562500e+02,9.408469796180725098e-01,1.543161132812500000e+03,5.683224487304687500e+02,9.388381242752075195e-01,1.535727661132812500e+03,5.683224487304687500e+02,9.478684663772583008e-01,1.565461547851562500e+03,5.683224487304687500e+02,9.584667086601257324e-01,1.554311279296875000e+03,5.683224487304687500e+02,6.277670264244079590e-01,1.587761840820312500e+03,6.166399536132812500e+02,9.237639307975769043e-01,1.539444335937500000e+03,6.129232177734375000e+02,9.219717383384704590e-01,1.595195312500000000e+03,6.909745483398437500e+02,9.810522794723510742e-01,1.535727661132812500e+03,6.835411376953125000e+02,8.955613374710083008e-01,1.595195312500000000e+03,7.541589965820312500e+02,9.162323474884033203e-01,1.520860717773437500e+03,7.355753173828125000e+02,8.493611216545104980e-01,1.572895019531250000e+03,7.392920532226562500e+02,9.124261736869812012e-01,1.539444335937500000e+03,7.355753173828125000e+02,9.062814712524414062e-01,1.576611694335937500e+03,8.173434448242187500e+02,9.119201302528381348e-01,1.532010986328125000e+03,8.099099731445312500e+02,8.709010481834411621e-01,1.587761840820312500e+03,8.953947753906250000e+02,9.145312905311584473e-01,1.554311279296875000e+03,8.842445678710937500e+02,9.220255613327026367e-01,1.550594604492187500e+03,5.423053588867187500e+02,9.293220043182373047e-01,1.561744750976562500e+03,5.943395996093750000e+02,9.160925745964050293e-01,1.554311279296875000e+03,7.318586425781250000e+02,9.551512598991394043e-01,1.561744750976562500e+03,9.176951293945312500e+02,8.985866904258728027e-01,1.543161132812500000e+03,9.176951293945312500e+02,8.806040287017822266e-01,1.572895019531250000e+03,9.214118652343750000e+02,8.492286205291748047e-01,1.535727661132812500e+03,9.139783935546875000e+02,8.992635607719421387e-01,1.591478637695312500e+03,9.102617187500000000e+02,8.886465430259704590e-01,1.561744750976562500e+03,8.916780395507812500e+02,8.701940774917602539e-01,1.492733279991000245e+03,5.410189387654388611e+02,1.303946189242615219e+02,3.831992350431553405e+02,0.000000000000000000e+00,0.000000000000000000e+00,0.000000000000000000e+00
1.893700000000000000e+04,8.800000000000000000e+01,2.657000000000000000e+03,1.130000000000000000e+02,1.532604736328125000e+03,5.765858154296875000e+02,9.319000244140625000e-01,1.540064453125000000e+03,5.691260986328125000e+02,9.465146660804748535e-01,1.532604736328125000e+03,5.691260986328125000e+02,9.258419871330261230e-01,1.558713623046875000e+03,5.728559570312500000e+02,9.731892943382263184e-01,1.543794311523437500e+03,5.728559570312500000e+02,5.918410420417785645e-01,1.581092651367187500e+03,6.213439331054687500e+02,8.882941007614135742e-01,1.536334594726562500e+03,6.213439331054687500e+02,8.903832435607910156e-01,1.584822509765625000e+03,6.922109375000000000e+02,9.109863638877868652e-01,1.536334594726562500e+03,6.884810791015625000e+02,8.991490006446838379e-01,1.577362915039062500e+03,7.556182861328125000e+02,9.303790330886840820e-01,1.517685424804687500e+03,7.444287109375000000e+02,9.222914576530456543e-01,1.566173339843750000e+03,7.444287109375000000e+02,8.670039176940917969e-01,1.532604736328125000e+03,7.406989135742187500e+02,8.993249535560607910e-01,1.577362915039062500e+03,8.227554321289062500e+02,9.069213271141052246e-01,1.525145019531250000e+03,8.190255737304687500e+02,8.679469227790832520e-01,1.588552368164062500e+03,8.973522949218750000e+02,9.324532151222229004e-01,1.536334594726562500e+03,8.936224365234375000e+02,9.012085199356079102e-01,1.543794311523437500e+03,5.467470703125000000e+02,9.137898087501525879e-01,1.554983764648437500e+03,5.989648437500000000e+02,9.054629802703857422e-01,1.547524169921875000e+03,7.406989135742187500e+02,9.234853982925415039e-01,1.566173339843750000e+03,9.197313842773437500e+02,8.291593194007873535e-01,1.517685424804687500e+03,9.234611816406250000e+02,8.849713802337646484e-01,1.577362915039062500e+03,9.197313842773437500e+02,8.640613555908203125e-01,1.513955566406250000e+03,9.197313842773437500e+02,9.225820899009704590e-01,1.592282226562500000e+03,9.085418090820312500e+02,8.804243206977844238e-01,1.547524169921875000e+03,9.048120117187500000e+02,8.898088932037353516e-01,1.485923485772796539e+03,5.430282294110010071e+02,1.300097993047138516e+02,3.827008952484153497e+02,0.000000000000000000e+00,0.000000000000000000e+00,0.000000000000000000e+00
1.893800000000000000e+04,8.800000000000000000e+01,2.670000000000000000e+03,1.140000000000000000e+02,1.524199707031250000e+03,5.767189941406250000e+02,9.581722617149353027e-01,1.531573608398437500e+03,5.693451538085937500e+02,9.557957649230957031e-01,1.524199707031250000e+03,5.693451538085937500e+02,9.742388725280761719e-01,1.550008300781250000e+03,5.730320434570312500e+02,9.194166064262390137e-01,1.546321289062500000e+03,5.730320434570312500e+02,6.267401576042175293e-01,1.575816772460937500e+03,6.209622192382812500e+02,8.895210027694702148e-01,1.531573608398437500e+03,6.172752685546875000e+02,9.390797019004821777e-01,1.572129882812500000e+03,6.947008666992187500e+02,8.500413894653320312e-01,1.531573608398437500e+03,6.910139160156250000e+02,9.348976612091064453e-01,1.561069091796875000e+03,7.536917724609375000e+02,8.662561774253845215e-01,1.516825805664062500e+03,7.426309814453125000e+02,8.868557810783386230e-01,1.561069091796875000e+03,7.426309814453125000e+02,8.893868923187255859e-01,1.531573608398437500e+03,7.389440307617187500e+02,9.280105829238891602e-01,1.575816772460937500e+03,8.237435302734375000e+02,8.475319147109985352e-01,1.513138916015625000e+03,8.163696289062500000e+02,8.662288188934326172e-01,1.586877563476562500e+03,8.974821777343750000e+02,9.226246476173400879e-01,1.516825805664062500e+03,9.048560180664062500e+02,8.687744140625000000e-01,1.538947509765625000e+03,5.472235717773437500e+02,9.420843720436096191e-01,1.550008300781250000e+03,5.988405761718750000e+02,9.210555553436279297e-01,1.546321289062500000e+03,7.352571411132812500e+02,9.667385816574096680e-01,1.568442871093750000e+03,9.196037597656250000e+02,8.521686792373657227e-01,1.487330444335937500e+03,9.269776000976562500e+02,8.565869927406311035e-01,1.575816772460937500e+03,9.196037597656250000e+02,8.928993344306945801e-01,1.487330444335937500e+03,9.232907104492187500e+02,8.991658687591552734e-01,1.594251464843750000e+03,9.085429687500000000e+02,8.941425681114196777e-01,1.524199707031250000e+03,9.159168090820312500e+02,9.178680777549743652e-01,1.483089342833364299e+03,5.465576680599365318e+02,1.290959499889156632e+02,3.795753621077950584e+02,0.000000000000000000e+00,0.000000000000000000e+00,0.000000000000000000e+00
1.893900000000000000e+04,8.800000000000000000e+01,2.670000000000000000e+03,1.150000000000000000e+02,1.518331665039062500e+03,5.775604248046875000e+02,9.521579742431640625e-01,1.525960327148437500e+03,5.737460937500000000e+02,9.485661983489990234e-01,1.518331665039062500e+03,5.699317626953125000e+02,9.602483510971069336e-01,1.545031860351562500e+03,5.775604248046875000e+02,9.280561208724975586e-01,1.541217529296875000e+03,5.737460937500000000e+02,7.099213600158691406e-01,1.564103393554687500e+03,6.233320922851562500e+02,9.016627073287963867e-01,1.525960327148437500e+03,6.157034912109375000e+02,9.090473055839538574e-01,1.564103393554687500e+03,6.919896240234375000e+02,7.872934341430664062e-01,1.525960327148437500e+03,6.881753540039062500e+02,9.490488767623901367e-01,1.545031860351562500e+03,7.492042846679687500e+02,9.387568831443786621e-01,1.510703125000000000e+03,7.415756835937500000e+02,8.639811873435974121e-01,1.552660522460937500e+03,7.377613525390625000e+02,8.083735108375549316e-01,1.525960327148437500e+03,7.339470214843750000e+02,8.948333263397216797e-01,1.571732055664062500e+03,8.178618164062500000e+02,8.844091296195983887e-01,1.503074462890625000e+03,8.178618164062500000e+02,9.308293461799621582e-01,1.586989257812500000e+03,8.979622802734375000e+02,9.245585799217224121e-01,1.495445800781250000e+03,9.094052124023437500e+02,9.239451289176940918e-01,1.533588989257812500e+03,5.470459594726562500e+02,9.386729001998901367e-01,1.545031860351562500e+03,6.004462280273437500e+02,9.095410108566284180e-01,1.541217529296875000e+03,7.301327514648437500e+02,8.984838128089904785e-01,1.564103393554687500e+03,9.208481445312500000e+02,9.024251699447631836e-01,1.464931396484375000e+03,9.246624755859375000e+02,8.656715154647827148e-01,1.575546386718750000e+03,9.208481445312500000e+02,9.299536943435668945e-01,1.461117065429687500e+03,9.208481445312500000e+02,8.997859358787536621e-01,1.594617919921875000e+03,9.094052124023437500e+02,9.037894606590270996e-01,1.503074462890625000e+03,9.208481445312500000e+02,8.996889591217041016e-01,1.471396368838148646e+03,5.503223749617322937e+02,1.335526702815923272e+02,3.870059020547141699e+02,0.000000000000000000e+00,0.000000000000000000e+00,0.000000000000000000e+00
1.894000000000000000e+04,8.800000000000000000e+01,2.670000000000000000e+03,1.160000000000000000e+02,1.507739746093750000e+03,5.811008911132812500e+02,9.698423147201538086e-01,1.515506225585937500e+03,5.733343505859375000e+02,9.694673418998718262e-01,1.507739746093750000e+03,5.694511108398437500e+02,9.697849750518798828e-01,1.538805786132812500e+03,5.772176513671875000e+02,9.202157855033874512e-01,1.534922485351562500e+03,5.733343505859375000e+02,7.687098383903503418e-01,1.550455566406250000e+03,6.238167114257812500e+02,8.411321043968200684e-01,1.519389526367187500e+03,6.199334716796875000e+02,8.687390685081481934e-01,1.550455566406250000e+03,6.937153320312500000e+02,8.416233062744140625e-01,1.519389526367187500e+03,6.898320922851562500e+02,9.620382189750671387e-01,1.531039184570312500e+03,7.519642333984375000e+02,9.730920791625976562e-01,1.503856445312500000e+03,7.480809326171875000e+02,8.616011142730712891e-01,1.550455566406250000e+03,7.403144531250000000e+02,8.601010441780090332e-01,1.519389526367187500e+03,7.403144531250000000e+02,9.257388114929199219e-01,1.565988525390625000e+03,8.218628540039062500e+02,9.137529730796813965e-01,1.492206665039062500e+03,8.218628540039062500e+02,9.245415329933166504e-01,1.585404907226562500e+03,8.995280151367187500e+02,9.568431377410888672e-01,1.480556884765625000e+03,9.111777954101562500e+02,9.340258836746215820e-01,1.527156005859375000e+03,5.500347900390625000e+02,9.540955424308776855e-01,1.538805786132812500e+03,6.005171508789062500e+02,8.995749950408935547e-01,1.534922485351562500e+03,7.364311523437500000e+02,8.923630714416503906e-01,1.562105346679687500e+03,9.228275146484375000e+02,9.401147961616516113e-01,1.445607543945312500e+03,9.228275146484375000e+02,9.198083877563476562e-01,1.573755126953125000e+03,9.228275146484375000e+02,9.322085976600646973e-01,1.445607543945312500e+03,9.189442749023437500e+02,9.145739674568176270e-01,1.593171386718750000e+03,9.111777954101562500e+02,9.326817393302917480e-01,1.484440185546875000e+03,9.267108154296875000e+02,9.391724467277526855e-01,1.458395618871938495e+03,5.511829143194772769e+02,1.392516322412313912e+02,3.943947413304870224e+02,0.000000000000000000e+00,0.000000000000000000e+00,0.000000000000000000e+00
1.894100000000000000e+04,8.800000000000000000e+01,2.670000000000000000e+03,1.170000000000000000e+02,1.499429565429687500e+03,5.834223022460937500e+02,9.542449116706848145e-01,1.507406005859375000e+03,5.754458618164062500e+02,9.660520553588867188e-01,1.503417846679687500e+03,5.754458618164062500e+02,9.234688282012939453e-01,1.527347167968750000e+03,5.794340820312500000e+02,9.388071298599243164e-01,1.523359008789062500e+03,5.794340820312500000e+02,7.559484839439392090e-01,1.543300170898437500e+03,6.272929077148437500e+02,7.978094220161437988e-01,1.511394287109375000e+03,6.272929077148437500e+02,8.351850509643554688e-01,1.539311889648437500e+03,6.990811157226562500e+02,8.545986413955688477e-01,1.507406005859375000e+03,6.990811157226562500e+02,9.589211940765380859e-01,1.515382568359375000e+03,7.509282226562500000e+02,9.323168396949768066e-01,1.495441284179687500e+03,7.509282226562500000e+02,8.481113314628601074e-01,1.547288452148437500e+03,7.469399414062500000e+02,8.357042074203491211e-01,1.515382568359375000e+03,7.429517211914062500e+02,8.824711441993713379e-01,1.563241333007812500e+03,8.227164306640625000e+02,8.906564116477966309e-01,1.487464843750000000e+03,8.267046508789062500e+02,8.279890418052673340e-01,1.587170776367187500e+03,8.945046997070312500e+02,8.161771297454833984e-01,1.467523681640625000e+03,9.144458618164062500e+02,8.138231635093688965e-01,1.515382568359375000e+03,5.515164184570312500e+02,9.368968009948730469e-01,1.527347167968750000e+03,6.033634643554687500e+02,8.908327817916870117e-01,1.531335449218750000e+03,7.389635009765625000e+02,8.757988214492797852e-01,1.563241333007812500e+03,9.224223022460937500e+02,8.921070694923400879e-01,1.431629516601562500e+03,9.264105834960937500e+02,9.359986782073974609e-01,1.575206054687500000e+03,9.224223022460937500e+02,9.282397031784057617e-01,1.427641357421875000e+03,9.184340820312500000e+02,8.860681653022766113e-01,1.595147216796875000e+03,9.064693603515625000e+02,9.013746976852416992e-01,1.471511962890625000e+03,9.264105834960937500e+02,9.163429141044616699e-01,1.448771712036953431e+03,5.472534631783834129e+02,1.460694322125332292e+02,4.041978871662525989e+02,0.000000000000000000e+00,0.000000000000000000e+00,0.000000000000000000e+00
1.894200000000000000e+04,8.800000000000000000e+01,2.658000000000000000e+03,1.180000000000000000e+02,1.490653808593750000e+03,5.837697753906250000e+02,9.317162036895751953e-01,1.498700439453125000e+03,5.757231445312500000e+02,9.499616622924804688e-01,1.494677124023437500e+03,5.757231445312500000e+02,9.514623880386352539e-01,1.518817138671875000e+03,5.797464599609375000e+02,9.360961318016052246e-01,1.518817138671875000e+03,5.837697753906250000e+02,7.002635598182678223e-01,1.534910400390625000e+03,6.320496826171875000e+02,8.239673376083374023e-01,1.506747070312500000e+03,6.280263671875000000e+02,8.261642456054687500e-01,1.526863769531250000e+03,7.004462280273437500e+02,8.800093531608581543e-01,1.502723754882812500e+03,6.923995971679687500e+02,9.548650979995727539e-01,1.498700439453125000e+03,7.487261352539062500e+02,9.444863796234130859e-01,1.490653808593750000e+03,7.447028198242187500e+02,9.641342759132385254e-01,1.538933715820312500e+03,7.447028198242187500e+02,8.735051751136779785e-01,1.506747070312500000e+03,7.447028198242187500e+02,8.980551958084106445e-01,1.555026977539062500e+03,8.211459960937500000e+02,9.546893239021301270e-01,1.478583862304687500e+03,8.251693115234375000e+02,9.101344943046569824e-01,1.587213623046875000e+03,8.935658569335937500e+02,9.210885763168334961e-01,1.462490600585937500e+03,9.136824951171875000e+02,8.661780953407287598e-01,1.510770507812500000e+03,5.515831909179687500e+02,9.069694280624389648e-01,1.522840454101562500e+03,6.079097290039062500e+02,8.708205223083496094e-01,1.522840454101562500e+03,7.406795043945312500e+02,9.225254058837890625e-01,1.563073730468750000e+03,9.217291259765625000e+02,9.295592308044433594e-01,1.426280639648437500e+03,9.297757568359375000e+02,9.158025979995727539e-01,1.575143676757812500e+03,9.217291259765625000e+02,8.721505999565124512e-01,1.426280639648437500e+03,9.257524414062500000e+02,9.383450150489807129e-01,1.595260253906250000e+03,9.056358032226562500e+02,9.169896841049194336e-01,1.466513916015625000e+03,9.297757568359375000e+02,9.194065332412719727e-01,1.435839970264366002e+03,5.457315269899169152e+02,1.511237412695791136e+02,4.102172282331328006e+02,0.000000000000000000e+00,0.000000000000000000e+00,0.000000000000000000e+00
1.894300000000000000e+04,8.800000000000000000e+01,2.658000000000000000e+03,1.190000000000000000e+02,1.483296997070312500e+03,5.856307373046875000e+02,9.736131429672241211e-01,1.491228637695312500e+03,5.776990966796875000e+02,9.452121257781982422e-01,1.483296997070312500e+03,5.776990966796875000e+02,9.729975461959838867e-01,1.511057861328125000e+03,5.816649169921875000e+02,9.355589151382446289e-01,1.511057861328125000e+03,5.856307373046875000e+02,7.575207352638244629e-01,1.518989501953125000e+03,6.292550048828125000e+02,7.379494905471801758e-01,1.503126220703125000e+03,6.252891845703125000e+02,7.255992293357849121e-01,1.499160400390625000e+03,7.006401367187500000e+02,8.183752298355102539e-01,1.499160400390625000e+03,6.927084350585937500e+02,7.038682103157043457e-01,1.479331176757812500e+03,7.482302246093750000e+02,9.077100753784179688e-01,1.487262817382812500e+03,7.402985229492187500e+02,8.062112927436828613e-01,1.518989501953125000e+03,7.442644042968750000e+02,7.496263980865478516e-01,1.503126220703125000e+03,7.442644042968750000e+02,7.468841075897216797e-01,1.546750488281250000e+03,8.235811767578125000e+02,8.543112874031066895e-01,1.475365356445312500e+03,8.235811767578125000e+02,7.875362038612365723e-01,1.582442993164062500e+03,8.910004882812500000e+02,6.821979284286499023e-01,1.459501953125000000e+03,9.187613525390625000e+02,5.993936061859130859e-01,1.503126220703125000e+03,5.539040527343750000e+02,9.678411483764648438e-01,1.511057861328125000e+03,6.054599609375000000e+02,8.792356848716735840e-01,1.511057861328125000e+03,7.402985229492187500e+02,8.240518569946289062e-01,1.562613769531250000e+03,9.227271728515625000e+02,6.450527906417846680e-01,1.427775268554687500e+03,9.346247558593750000e+02,8.722373247146606445e-01,1.570545532226562500e+03,9.227271728515625000e+02,5.740929245948791504e-01,1.427775268554687500e+03,9.306588745117187500e+02,8.733611702919006348e-01,1.590374633789062500e+03,8.949663085937500000e+02,5.848489999771118164e-01,1.463467773437500000e+03,9.346247558593750000e+02,8.146817088127136230e-01,1.431138595978787635e+03,5.467099716504076241e+02,1.533291479055419586e+02,4.085973338926042970e+02,0.000000000000000000e+00,0.000000000000000000e+00,0.000000000000000000e+00
1.894400000000000000e+04,8.800000000000000000e+01,2.658000000000000000e+03,1.200000000000000000e+02,1.471352539062500000e+03,5.849380493164062500e+02,9.175528883934020996e-01,1.479183471679687500e+03,5.771071166992187500e+02,9.638382196426391602e-01,1.475267944335937500e+03,5.771071166992187500e+02,9.744866490364074707e-01,1.498760742187500000e+03,5.810225830078125000e+02,9.128488302230834961e-01,1.502676269531250000e+03,5.849380493164062500e+02,8.087664246559143066e-01,1.514422607421875000e+03,6.319236450195312500e+02,7.356228828430175781e-01,1.487014404296875000e+03,6.280081787109375000e+02,7.626457810401916504e-01,1.502676269531250000e+03,6.984866333007812500e+02,7.516591548919677734e-01,1.483098876953125000e+03,6.906557006835937500e+02,8.438021540641784668e-01,1.471352539062500000e+03,7.454722290039062500e+02,9.179043769836425781e-01,1.471352539062500000e+03,7.376412963867187500e+02,8.972593545913696289e-01,1.510507202148437500e+03,7.454722290039062500e+02,8.585265874862670898e-01,1.487014404296875000e+03,7.454722290039062500e+02,8.077517747879028320e-01,1.534000000000000000e+03,8.276970825195312500e+02,9.345794320106506348e-01,1.463521606445312500e+03,8.355280151367187500e+02,8.971663117408752441e-01,1.577070190429687500e+03,8.903446044921875000e+02,8.816978335380554199e-01,1.451775146484375000e+03,9.255838012695312500e+02,9.120408892631530762e-01,1.494845336914062500e+03,5.536142578125000000e+02,9.984428882598876953e-01,1.498760742187500000e+03,6.084308471679687500e+02,9.130768775939941406e-01,1.498760742187500000e+03,7.415567626953125000e+02,8.830459117889404297e-01,1.561408325195312500e+03,9.255838012695312500e+02,8.385992646217346191e-01,1.424366821289062500e+03,9.412457275390625000e+02,8.991878032684326172e-01,1.569239257812500000e+03,9.216683349609375000e+02,8.359616398811340332e-01,1.420451416015625000e+03,9.373302001953125000e+02,8.887961506843566895e-01,1.588816528320312500e+03,8.942600708007812500e+02,8.397577404975891113e-01,1.463521606445312500e+03,9.373302001953125000e+02,9.060899019241333008e-01,1.429412797073259981e+03,5.495179103535731429e+02,1.538177842782790776e+02,4.044589288214160661e+02,0.000000000000000000e+00,0.000000000000000000e+00,0.000000000000000000e+00
1.894500000000000000e+04,8.800000000000000000e+01,2.657000000000000000e+03,1.210000000000000000e+02,1.462787597656250000e+03,5.840951538085937500e+02,9.882487058639526367e-01,1.470378051757812500e+03,5.765046997070312500e+02,9.596490859985351562e-01,1.462787597656250000e+03,5.765046997070312500e+02,9.188963174819946289e-01,1.481763671875000000e+03,5.802999267578125000e+02,9.098621010780334473e-01,1.500739746093750000e+03,5.802999267578125000e+02,8.419055938720703125e-01,1.481763671875000000e+03,6.334330444335937500e+02,8.302980065345764160e-01,1.515920654296875000e+03,6.258425903320312500e+02,8.113387823104858398e-01,1.485558837890625000e+03,7.017470703125000000e+02,7.462180852890014648e-01,1.508330200195312500e+03,6.903613891601562500e+02,7.883246541023254395e-01,1.458992309570312500e+03,7.472897338867187500e+02,9.200552105903625488e-01,1.477968505859375000e+03,7.359040527343750000e+02,7.948366999626159668e-01,1.493149291992187500e+03,7.548801269531250000e+02,7.231717705726623535e-01,1.485558837890625000e+03,7.510849609375000000e+02,5.743936896324157715e-01,1.519715942382812500e+03,8.383750610351562500e+02,7.198925018310546875e-01,1.455197143554687500e+03,8.459654541015625000e+02,7.144092917442321777e-01,1.569053833007812500e+03,8.877129516601562500e+02,7.858481407165527344e-01,1.451401855468750000e+03,9.256651611328125000e+02,8.177316784858703613e-01,1.485558837890625000e+03,5.499381713867187500e+02,9.669142961502075195e-01,1.493149291992187500e+03,6.030712890625000000e+02,8.840447664260864258e-01,1.489354125976562500e+03,7.472897338867187500e+02,8.390146493911743164e-01,1.561463378906250000e+03,9.218699340820312500e+02,5.698269009590148926e-01,1.421040161132812500e+03,9.408460083007812500e+02,6.021569967269897461e-01,1.569053833007812500e+03,9.180747070312500000e+02,4.744114279747009277e-01,1.421040161132812500e+03,9.370507812500000000e+02,5.758641958236694336e-01,1.580439453125000000e+03,8.839177246093750000e+02,6.797654032707214355e-01,1.462787597656250000e+03,9.370507812500000000e+02,5.859860777854919434e-01,1.428104241214867670e+03,5.557168848019541656e+02,1.529726127605476904e+02,3.946622463703604353e+02,0.000000000000000000e+00,0.000000000000000000e+00,0.000000000000000000e+00
1.894600000000000000e+04,8.800000000000000000e+01,2.679000000000000000e+03,1.220000000000000000e+02,1.452126220703125000e+03,5.805468750000000000e+02,9.776668548583984375e-01,1.459845703125000000e+03,5.766871337890625000e+02,9.559383392333984375e-01,1.455986083984375000e+03,5.728273925781250000e+02,9.693095684051513672e-01,1.475284667968750000e+03,5.805468750000000000e+02,9.499509930610656738e-01,1.490723632812500000e+03,5.805468750000000000e+02,8.112022280693054199e-01,1.490723632812500000e+03,6.345832519531250000e+02,7.204906344413757324e-01,1.475284667968750000e+03,6.268637695312500000e+02,6.424950361251831055e-01,1.490723632812500000e+03,7.079183349609375000e+02,8.521050214767456055e-01,1.463705566406250000e+03,6.924793701171875000e+02,7.256289720535278320e-01,1.452126220703125000e+03,7.503754882812500000e+02,9.639954566955566406e-01,1.452126220703125000e+03,7.426560058593750000e+02,8.892179131507873535e-01,1.490723632812500000e+03,7.542352294921875000e+02,8.944115042686462402e-01,1.463705566406250000e+03,7.503754882812500000e+02,8.512458801269531250e-01,1.494583496093750000e+03,8.391495361328125000e+02,8.576390147209167480e-01,1.448266601562500000e+03,8.430092773437500000e+02,8.675078749656677246e-01,1.556339355468750000e+03,8.816066894531250000e+02,8.891803026199340820e-01,1.452126220703125000e+03,9.279235839843750000e+02,8.879970908164978027e-01,1.475284667968750000e+03,5.496689453125000000e+02,9.391165375709533691e-01,1.483004150390625000e+03,6.075650634765625000e+02,8.858629465103149414e-01,1.479144531250000000e+03,7.503754882812500000e+02,8.746260404586791992e-01,1.556339355468750000e+03,9.240638427734375000e+02,9.059006571769714355e-01,1.417388671875000000e+03,9.472222900390625000e+02,8.620059490203857422e-01,1.564058837890625000e+03,9.202041015625000000e+02,8.891948461532592773e-01,1.417388671875000000e+03,9.433625488281250000e+02,8.346782326698303223e-01,1.567918457031250000e+03,8.777469482421875000e+02,9.094161391258239746e-01,1.459845703125000000e+03,9.395028076171875000e+02,9.714215397834777832e-01,1.422514549203670413e+03,5.553964437933876752e+02,1.552449486362866082e+02,3.952629890506869970e+02,0.000000000000000000e+00,0.000000000000000000e+00,0.000000000000000000e+00
1.894700000000000000e+04,8.800000000000000000e+01,2.679000000000000000e+03,1.230000000000000000e+02,1.447024536132812500e+03,5.858612060546875000e+02,9.370087385177612305e-01,1.451014648437500000e+03,5.778809204101562500e+02,9.505622982978820801e-01,1.447024536132812500e+03,5.778809204101562500e+02,9.223501682281494141e-01,1.466975219726562500e+03,5.818710327148437500e+02,9.378723502159118652e-01,1.482935791015625000e+03,5.778809204101562500e+02,8.116446137428283691e-01,1.474955566406250000e+03,6.297527465820312500e+02,7.274767160415649414e-01,1.466975219726562500e+03,6.217724609375000000e+02,6.112060546875000000e-01,1.478945678710937500e+03,7.015753173828125000e+02,7.801262140274047852e-01,1.462985107421875000e+03,6.935950317382812500e+02,6.882068514823913574e-01,1.443034423828125000e+03,7.494570312500000000e+02,9.597877264022827148e-01,1.439044189453125000e+03,7.414767456054687500e+02,8.782401084899902344e-01,1.474955566406250000e+03,7.494570312500000000e+02,8.748944997787475586e-01,1.455004760742187500e+03,7.454669189453125000e+02,8.634709715843200684e-01,1.474955566406250000e+03,8.372401733398437500e+02,8.579257130622863770e-01,1.447024536132812500e+03,8.412303466796875000e+02,8.413428068161010742e-01,1.542787963867187500e+03,8.811317749023437500e+02,8.655607700347900391e-01,1.451014648437500000e+03,9.250233154296875000e+02,8.994141817092895508e-01,1.462985107421875000e+03,5.539400634765625000e+02,9.175847172737121582e-01,1.474955566406250000e+03,6.018217773437500000e+02,8.776870369911193848e-01,1.466975219726562500e+03,7.414767456054687500e+02,8.879441618919372559e-01,1.538797851562500000e+03,9.210332031250000000e+02,8.946938514709472656e-01,1.415103393554687500e+03,9.529543457031250000e+02,8.250197172164916992e-01,1.550768188476562500e+03,9.170430297851562500e+02,9.097893238067626953e-01,1.419093505859375000e+03,9.449740600585937500e+02,7.988954186439514160e-01,1.554758422851562500e+03,8.731514892578125000e+02,9.260389208793640137e-01,1.462985107421875000e+03,9.369937744140625000e+02,8.847648501396179199e-01,1.411690663998796481e+03,5.529049561307858767e+02,1.587649078696967990e+02,4.042894165703469298e+02,0.000000000000000000e+00,0.000000000000000000e+00,0.000000000000000000e+00
1.894800000000000000e+04,8.800000000000000000e+01,2.679000000000000000e+03,1.240000000000000000e+02,1.432968750000000000e+03,5.802197265625000000e+02,9.618406891822814941e-01,1.436836914062500000e+03,5.724833984375000000e+02,9.296743869781494141e-01,1.432968750000000000e+03,5.724833984375000000e+02,8.652118444442749023e-01,1.448441406250000000e+03,5.763515625000000000e+02,8.770993351936340332e-01,1.475518554687500000e+03,5.763515625000000000e+02,8.720856308937072754e-01,1.456177734375000000e+03,6.266377563476562500e+02,8.630047440528869629e-01,1.490991210937500000e+03,6.189014282226562500e+02,9.001581072807312012e-01,1.452309570312500000e+03,6.962647094726562500e+02,8.047195672988891602e-01,1.483254882812500000e+03,6.885283813476562500e+02,8.571002483367919922e-01,1.432968750000000000e+03,7.504190673828125000e+02,9.624575376510620117e-01,1.448441406250000000e+03,7.388145751953125000e+02,7.117903828620910645e-01,1.456177734375000000e+03,7.504190673828125000e+02,8.868457674980163574e-01,1.463914062500000000e+03,7.504190673828125000e+02,7.731199860572814941e-01,1.456177734375000000e+03,8.316505737304687500e+02,8.289690017700195312e-01,1.440705078125000000e+03,8.355187377929687500e+02,8.610126376152038574e-01,1.521936523437500000e+03,8.819367065429687500e+02,8.215388059616088867e-01,1.452309570312500000e+03,9.283547363281250000e+02,8.813347816467285156e-01,1.452309570312500000e+03,5.454062500000000000e+02,9.533379673957824707e-01,1.463914062500000000e+03,5.995605468750000000e+02,9.058846235275268555e-01,1.460045898437500000e+03,7.465509033203125000e+02,9.093154668807983398e-01,1.525804687500000000e+03,9.244865722656250000e+02,8.415886163711547852e-01,1.421364257812500000e+03,9.476955566406250000e+02,8.183572292327880859e-01,1.529672851562500000e+03,9.206184082031250000e+02,8.644592165946960449e-01,1.421364257812500000e+03,9.438273925781250000e+02,8.167813420295715332e-01,1.533541015625000000e+03,8.780685424804687500e+02,8.330442905426025391e-01,1.460045898437500000e+03,9.399592285156250000e+02,8.315925598144531250e-01,1.401940007354835416e+03,5.540116489965412256e+02,1.567456355493741285e+02,3.994710803776200692e+02,0.000000000000000000e+00,0.000000000000000000e+00,0.000000000000000000e+00
1.894900000000000000e+04,8.800000000000000000e+01,2.672000000000000000e+03,1.250000000000000000e+02,1.420473388671875000e+03,5.771234741210937500e+02,9.301639795303344727e-01,1.428440063476562500e+03,5.691568603515625000e+02,9.714646339416503906e-01,1.424456787109375000e+03,5.691568603515625000e+02,8.744055628776550293e-01,1.440390014648437500e+03,5.771234741210937500e+02,9.058764576911926270e-01,1.460306640625000000e+03,5.771234741210937500e+02,7.445560097694396973e-01,1.444373291015625000e+03,6.249232788085937500e+02,8.580759763717651367e-01,1.480223144531250000e+03,6.209400024414062500e+02,7.042996883392333984e-01,1.444373291015625000e+03,6.966229858398437500e+02,8.421576023101806641e-01,1.468273193359375000e+03,6.846730346679687500e+02,6.867651939392089844e-01,1.428440063476562500e+03,7.523894653320312500e+02,9.079804420471191406e-01,1.436406738281250000e+03,7.404395141601562500e+02,7.255699038505554199e-01,1.452339965820312500e+03,7.523894653320312500e+02,8.569657206535339355e-01,1.456323242187500000e+03,7.484061279296875000e+02,7.226998209953308105e-01,1.436406738281250000e+03,8.360391235351562500e+02,8.250794410705566406e-01,1.444373291015625000e+03,8.320557861328125000e+02,7.035080790519714355e-01,1.448356689453125000e+03,9.236720581054687500e+02,4.460369646549224854e-01,1.508106445312500000e+03,8.878222045898437500e+02,6.037455797195434570e-01,1.444373291015625000e+03,5.452569580078125000e+02,9.805111289024353027e-01,1.452339965820312500e+03,6.010233764648437500e+02,8.855832815170288086e-01,1.456323242187500000e+03,7.444227905273437500e+02,8.542184233665466309e-01,1.500139770507812500e+03,9.316387329101562500e+02,7.639923691749572754e-01,1.416490112304687500e+03,9.515552978515625000e+02,7.991548180580139160e-01,1.504123046875000000e+03,9.276553955078125000e+02,7.370969057083129883e-01,1.420473388671875000e+03,9.475719604492187500e+02,7.558040618896484375e-01,1.520056396484375000e+03,8.838389282226562500e+02,5.457944273948669434e-01,1.464289916992187500e+03,9.396053466796875000e+02,7.048283815383911133e-01,1.384963094667524956e+03,5.518531866425406633e+02,1.575809153861243885e+02,4.053405206652519155e+02,0.000000000000000000e+00,0.000000000000000000e+00,0.000000000000000000e+00
1.895000000000000000e+04,8.800000000000000000e+01,2.668000000000000000e+03,1.260000000000000000e+02,1.411958862304687500e+03,5.799921264648437500e+02,9.187197685241699219e-01,1.416021850585937500e+03,5.718661499023437500e+02,9.132694005966186523e-01,1.411958862304687500e+03,5.718661499023437500e+02,9.047115445137023926e-01,1.428210693359375000e+03,5.759291381835937500e+02,9.174407124519348145e-01,1.448525634765625000e+03,5.718661499023437500e+02,7.035260796546936035e-01,1.432273681640625000e+03,6.246848754882812500e+02,8.310553431510925293e-01,1.468840454101562500e+03,6.206218872070312500e+02,7.645294666290283203e-01,1.432273681640625000e+03,6.937554931640625000e+02,8.106088638305664062e-01,1.456651611328125000e+03,6.896925659179687500e+02,7.746982574462890625e-01,1.428210693359375000e+03,7.587631835937500000e+02,9.046736955642700195e-01,1.416021850585937500e+03,7.465742187500000000e+02,7.184959650039672852e-01,1.440399658203125000e+03,7.506372070312500000e+02,8.737945556640625000e-01,1.448525634765625000e+03,7.506372070312500000e+02,7.779887318611145020e-01,1.428210693359375000e+03,8.400227050781250000e+02,8.907423019409179688e-01,1.436336669921875000e+03,8.318967895507812500e+02,8.803939819335937500e-01,1.481029418945312500e+03,8.969044189453125000e+02,7.088942527770996094e-01,1.452588623046875000e+03,9.212822875976562500e+02,7.667883038520812988e-01,1.428210693359375000e+03,5.434253540039062500e+02,9.540327787399291992e-01,1.440399658203125000e+03,6.003070068359375000e+02,9.147724509239196777e-01,1.444462646484375000e+03,7.465742187500000000e+02,9.057775735855102539e-01,1.476966430664062500e+03,9.334712524414062500e+02,8.178268074989318848e-01,1.424147705078125000e+03,9.456601562500000000e+02,8.252329826354980469e-01,1.481029418945312500e+03,9.294082641601562500e+02,8.780105710029602051e-01,1.424147705078125000e+03,9.415971679687500000e+02,8.336198925971984863e-01,1.493218383789062500e+03,8.969044189453125000e+02,9.385105967521667480e-01,1.460714599609375000e+03,9.334712524414062500e+02,8.923056721687316895e-01,1.368864582079702359e+03,5.472278155748185782e+02,1.569145516170597148e+02,4.128600187108775117e+02,0.000000000000000000e+00,0.000000000000000000e+00,0.000000000000000000e+00
1.895100000000000000e+04,8.800000000000000000e+01,2.668000000000000000e+03,1.270000000000000000e+02,1.400651855468750000e+03,5.780116577148437500e+02,9.355329275131225586e-01,1.404556274414062500e+03,5.702027587890625000e+02,9.511148333549499512e-01,1.400651855468750000e+03,5.702027587890625000e+02,9.087451100349426270e-01,1.420174194335937500e+03,5.741072387695312500e+02,8.792971372604370117e-01,1.435791992187500000e+03,5.741072387695312500e+02,6.773766875267028809e-01,1.439696411132812500e+03,6.248651733398437500e+02,7.917064428329467773e-01,1.420174194335937500e+03,6.209607543945312500e+02,7.338262200355529785e-01,1.443600952148437500e+03,6.990499267578125000e+02,8.426641225814819336e-01,1.416269653320312500e+03,6.912410278320312500e+02,8.233112096786499023e-01,1.431887573242187500e+03,7.615213012695312500e+02,9.278228282928466797e-01,1.396747436523437500e+03,7.498079223632812500e+02,8.947497606277465820e-01,1.435791992187500000e+03,7.537123413085937500e+02,8.677725195884704590e-01,1.424078613281250000e+03,7.498079223632812500e+02,8.149966001510620117e-01,1.424078613281250000e+03,8.396104736328125000e+02,7.262861132621765137e-01,1.427983032226562500e+03,8.357059936523437500e+02,8.018677234649658203e-01,1.455314331054687500e+03,9.137952270507812500e+02,8.010928630828857422e-01,1.451409790039062500e+03,9.137952270507812500e+02,7.038373947143554688e-01,1.420174194335937500e+03,5.467760009765625000e+02,9.374849200248718262e-01,1.427983032226562500e+03,5.975339965820312500e+02,8.716518282890319824e-01,1.431887573242187500e+03,7.459034423828125000e+02,8.826546669006347656e-01,1.424078613281250000e+03,9.450308837890625000e+02,6.832512021064758301e-01,1.420174194335937500e+03,9.411264038085937500e+02,7.705844044685363770e-01,1.435791992187500000e+03,9.450308837890625000e+02,6.288723349571228027e-01,1.424078613281250000e+03,9.333175048828125000e+02,8.076689243316650391e-01,1.470932128906250000e+03,9.176996459960937500e+02,7.431044578552246094e-01,1.467027709960937500e+03,9.216041259765625000e+02,6.937779784202575684e-01,1.357368714727919951e+03,5.501742627555298668e+02,1.515630636103121560e+02,4.050529452417180210e+02,0.000000000000000000e+00,0.000000000000000000e+00,0.000000000000000000e+00
1.895200000000000000e+04,8.800000000000000000e+01,2.668000000000000000e+03,1.280000000000000000e+02,1.392226318359375000e+03,5.779353637695312500e+02,9.328804016113281250e-01,1.396244506835937500e+03,5.698989257812500000e+02,9.235712289810180664e-01,1.392226318359375000e+03,5.698989257812500000e+02,8.665645718574523926e-01,1.408299194335937500e+03,5.739171752929687500e+02,8.919852375984191895e-01,1.432408569335937500e+03,5.739171752929687500e+02,7.816772460937500000e-01,1.408299194335937500e+03,6.261542358398437500e+02,9.007679820060729980e-01,1.452499755859375000e+03,6.181177368164062500e+02,8.546367883682250977e-01,1.408299194335937500e+03,6.984824829101562500e+02,7.037126421928405762e-01,1.444463378906250000e+03,6.864277954101562500e+02,7.737123966217041016e-01,1.428390380859375000e+03,7.667925415039062500e+02,7.026478052139282227e-01,1.392226318359375000e+03,7.547377929687500000e+02,5.585885047912597656e-01,1.416335693359375000e+03,7.587560424804687500e+02,8.845214247703552246e-01,1.428390380859375000e+03,7.547377929687500000e+02,7.819274067878723145e-01,1.416335693359375000e+03,8.431390380859375000e+02,8.237466216087341309e-01,1.424372192382812500e+03,8.431390380859375000e+02,8.136425614356994629e-01,1.440445068359375000e+03,9.235037231445312500e+02,8.187158703804016113e-01,1.440445068359375000e+03,9.194855346679687500e+02,8.328259587287902832e-01,1.408299194335937500e+03,5.457894897460937500e+02,9.605500102043151855e-01,1.420353881835937500e+03,5.980265502929687500e+02,8.825221061706542969e-01,1.424372192382812500e+03,7.547377929687500000e+02,9.060810804367065430e-01,1.404281005859375000e+03,9.395767211914062500e+02,7.734447121620178223e-01,1.408299194335937500e+03,9.355584716796875000e+02,8.015305995941162109e-01,1.412317504882812500e+03,9.435949096679687500e+02,7.742307782173156738e-01,1.412317504882812500e+03,9.275219726562500000e+02,7.777012586593627930e-01,1.456518066406250000e+03,9.355584716796875000e+02,8.533073663711547852e-01,1.460536254882812500e+03,9.315402221679687500e+02,8.881032466888427734e-01,1.347600480842115985e+03,5.454450367529929053e+02,1.509066072077523586e+02,4.096517697945620284e+02,0.000000000000000000e+00,0.000000000000000000e+00,0.000000000000000000e+00
1.895300000000000000e+04,8.800000000000000000e+01,2.668000000000000000e+03,1.290000000000000000e+02,1.378963256835937500e+03,5.836647949218750000e+02,9.098691344261169434e-01,1.382965332031250000e+03,5.756607055664062500e+02,9.284363985061645508e-01,1.378963256835937500e+03,5.756607055664062500e+02,8.724908232688903809e-01,1.398973388671875000e+03,5.756607055664062500e+02,8.499944210052490234e-01,1.418983642578125000e+03,5.756607055664062500e+02,5.827924609184265137e-01,1.414981567382812500e+03,6.276870727539062500e+02,6.515507102012634277e-01,1.438993774414062500e+03,6.196830444335937500e+02,4.430325329303741455e-01,1.438993774414062500e+03,7.037255859375000000e+02,7.283294796943664551e-01,1.402975463867187500e+03,6.957215576171875000e+02,3.639705777168273926e-01,1.434991699218750000e+03,7.717600708007812500e+02,8.194811940193176270e-01,1.374961303710937500e+03,7.557519531250000000e+02,7.381629347801208496e-01,1.410979492187500000e+03,7.597539672851562500e+02,7.695965170860290527e-01,1.406977539062500000e+03,7.557519531250000000e+02,6.651624441146850586e-01,1.390969360351562500e+03,8.437965087890625000e+02,7.036449313163757324e-01,1.426987670898437500e+03,8.437965087890625000e+02,7.697574496269226074e-01,1.398973388671875000e+03,9.278391113281250000e+02,8.224012851715087891e-01,1.450999755859375000e+03,9.198350219726562500e+02,8.770429491996765137e-01,1.398973388671875000e+03,5.436445312500000000e+02,9.340005517005920410e-01,1.410979492187500000e+03,5.996729125976562500e+02,8.070700168609619141e-01,1.406977539062500000e+03,7.557519531250000000e+02,8.769195675849914551e-01,1.374961303710937500e+03,9.398451538085937500e+02,6.956006288528442383e-01,1.430989624023437500e+03,9.358431396484375000e+02,7.076942324638366699e-01,1.382965332031250000e+03,9.438472290039062500e+02,6.958337426185607910e-01,1.430989624023437500e+03,9.318411254882812500e+02,7.804901599884033203e-01,1.410979492187500000e+03,9.358431396484375000e+02,8.665296435356140137e-01,1.463005859375000000e+03,9.318411254882812500e+02,8.900414109230041504e-01,1.336136661834082815e+03,5.449103383747254838e+02,1.492420809554423613e+02,4.102416887635687317e+02,0.000000000000000000e+00,0.000000000000000000e+00,0.000000000000000000e+00
1.895400000000000000e+04,8.800000000000000000e+01,2.668000000000000000e+03,1.300000000000000000e+02,1.366474365234375000e+03,5.805742797851562500e+02,9.108007550239562988e-01,1.374462158203125000e+03,5.725864257812500000e+02,9.292975664138793945e-01,1.370468261718750000e+03,5.725864257812500000e+02,8.829737901687622070e-01,1.390437866210937500e+03,5.805742797851562500e+02,8.370330929756164551e-01,1.410407470703125000e+03,5.805742797851562500e+02,7.980650067329406738e-01,1.386443969726562500e+03,6.324953002929687500e+02,8.069024682044982910e-01,1.430377197265625000e+03,6.245074462890625000e+02,7.899753451347351074e-01,1.378456054687500000e+03,7.043859863281250000e+02,7.773628234863281250e-01,1.438364990234375000e+03,7.003920898437500000e+02,7.545968890190124512e-01,1.362480346679687500e+03,7.642949218750000000e+02,4.573535025119781494e-01,1.438364990234375000e+03,7.682888183593750000e+02,6.557199954986572266e-01,1.390437866210937500e+03,7.563070678710937500e+02,8.003799915313720703e-01,1.418395385742187500e+03,7.563070678710937500e+02,6.773201823234558105e-01,1.374462158203125000e+03,8.441734619140625000e+02,5.420118570327758789e-01,1.422389282226562500e+03,8.441734619140625000e+02,3.794659078121185303e-01,1.370468261718750000e+03,9.240520019531250000e+02,5.853365063667297363e-01,1.454340698242187500e+03,9.200580444335937500e+02,5.157505869865417480e-01,1.394431762695312500e+03,5.486228637695312500e+02,9.818724393844604492e-01,1.398425781250000000e+03,6.045378417968750000e+02,8.366629481315612793e-01,1.402419677734375000e+03,7.563070678710937500e+02,8.932639360427856445e-01,1.358486450195312500e+03,9.320398559570312500e+02,4.214989244937896729e-01,1.422389282226562500e+03,9.400277099609375000e+02,4.637674987316131592e-01,1.354492553710937500e+03,9.320398559570312500e+02,4.172898232936859131e-01,1.430377197265625000e+03,9.360337524414062500e+02,3.668464422225952148e-01,1.458334594726562500e+03,9.280458984375000000e+02,5.604933500289916992e-01,1.458334594726562500e+03,9.320398559570312500e+02,4.789129197597503662e-01,1.329027212569958238e+03,5.453693030277064508e+02,1.487880146754828274e+02,4.098649133260493045e+02,0.000000000000000000e+00,0.000000000000000000e+00,0.000000000000000000e+00
1.895500000000000000e+04,8.800000000000000000e+01,2.679000000000000000e+03,1.310000000000000000e+02,1.357410766601562500e+03,5.839284057617187500e+02,9.456126093864440918e-01,1.361397216796875000e+03,5.759556274414062500e+02,9.531819820404052734e-01,1.357410766601562500e+03,5.759556274414062500e+02,9.207916855812072754e-01,1.377342895507812500e+03,5.839284057617187500e+02,8.634999990463256836e-01,1.401261352539062500e+03,5.799420166015625000e+02,7.927043437957763672e-01,1.373356445312500000e+03,6.357517700195312500e+02,8.209130764007568359e-01,1.421193359375000000e+03,6.277789306640625000e+02,8.819563388824462891e-01,1.369369995117187500e+03,7.114935302734375000e+02,7.801748514175415039e-01,1.429166137695312500e+03,7.035206909179687500e+02,8.745999336242675781e-01,1.361397216796875000e+03,7.712896728515625000e+02,5.941318273544311523e-01,1.441125366210937500e+03,7.712896728515625000e+02,8.823607563972473145e-01,1.381329223632812500e+03,7.633168334960937500e+02,8.372627496719360352e-01,1.413220581054687500e+03,7.633168334960937500e+02,7.587599158287048340e-01,1.357410766601562500e+03,8.430450439453125000e+02,8.358687758445739746e-01,1.413220581054687500e+03,8.430450439453125000e+02,8.547639250755310059e-01,1.349437988281250000e+03,9.227732543945312500e+02,8.117965459823608398e-01,1.449098266601562500e+03,9.187868041992187500e+02,9.165025949478149414e-01,1.381329223632812500e+03,5.520371704101562500e+02,9.697977304458618164e-01,1.389302124023437500e+03,6.078468627929687500e+02,8.576846122741699219e-01,1.397274902343750000e+03,7.593304443359375000e+02,9.050016403198242188e-01,1.325519531250000000e+03,9.347324829101562500e+02,6.859799623489379883e-01,1.425179809570312500e+03,9.387188720703125000e+02,8.221521973609924316e-01,1.325519531250000000e+03,9.387188720703125000e+02,7.167193293571472168e-01,1.429166137695312500e+03,9.347324829101562500e+02,7.317376732826232910e-01,1.353424438476562500e+03,9.347324829101562500e+02,7.333233952522277832e-01,1.461057495117187500e+03,9.307460327148437500e+02,9.387591481208801270e-01,1.317532385154123631e+03,5.478138061330503206e+02,1.496230336331914259e+02,4.091638245208902163e+02,0.000000000000000000e+00,0.000000000000000000e+00,1.000000000000000000e+00
1.895600000000000000e+04,8.800000000000000000e+01,2.667000000000000000e+03,1.320000000000000000e+02,1.344821411132812500e+03,5.889486083984375000e+02,9.383707046508789062e-01,1.348844238281250000e+03,5.809030151367187500e+02,9.521509408950805664e-01,1.348844238281250000e+03,5.809030151367187500e+02,9.056002497673034668e-01,1.364935302734375000e+03,5.849257812500000000e+02,9.321910738945007324e-01,1.377003662109375000e+03,5.849257812500000000e+02,7.347714900970458984e-01,1.368958129882812500e+03,6.372219238281250000e+02,7.176218032836914062e-01,1.405163085937500000e+03,6.291763305664062500e+02,6.498523950576782227e-01,1.352867065429687500e+03,7.136546630859375000e+02,5.948353409767150879e-01,1.421254272460937500e+03,7.136546630859375000e+02,6.867344975471496582e-01,1.340798706054687500e+03,7.659507446289062500e+02,5.859986543655395508e-01,1.437345336914062500e+03,7.739962768554687500e+02,6.856835484504699707e-01,1.385049194335937500e+03,7.619279785156250000e+02,7.014357447624206543e-01,1.381026489257812500e+03,7.579052124023437500e+02,6.130858063697814941e-01,1.409185913085937500e+03,8.504290161132812500e+02,7.969886064529418945e-01,1.348844238281250000e+03,8.504290161132812500e+02,8.001916408538818359e-01,1.449413696289062500e+03,9.188162231445312500e+02,7.953372597694396973e-01,1.320684814453125000e+03,9.349073486328125000e+02,6.068243980407714844e-01,1.364935302734375000e+03,5.527435913085937500e+02,1.000960469245910645e+00,1.377003662109375000e+03,6.090624389648437500e+02,8.409378528594970703e-01,1.381026489257812500e+03,7.579052124023437500e+02,8.721440434455871582e-01,1.425276977539062500e+03,9.429528808593750000e+02,8.183469772338867188e-01,1.292525390625000000e+03,9.509984741210937500e+02,7.967928647994995117e-01,1.433322509765625000e+03,9.429528808593750000e+02,7.351596355438232422e-01,1.292525390625000000e+03,9.469756469726562500e+02,8.469746112823486328e-01,1.457459228515625000e+03,9.268618164062500000e+02,8.259568810462951660e-01,1.324707641601562500e+03,9.469756469726562500e+02,7.931252121925354004e-01,1.306552968912294318e+03,5.491991684913396057e+02,1.529959260531497875e+02,4.113130477981306967e+02,0.000000000000000000e+00,0.000000000000000000e+00,1.000000000000000000e+00
1.895700000000000000e+04,8.800000000000000000e+01,2.667000000000000000e+03,1.330000000000000000e+02,1.331879760742187500e+03,5.913828735351562500e+02,9.317228794097900391e-01,1.340137573242187500e+03,5.831250610351562500e+02,9.466241002082824707e-01,1.336008666992187500e+03,5.831250610351562500e+02,9.175502061843872070e-01,1.356653076171875000e+03,5.913828735351562500e+02,9.170920252799987793e-01,1.364910766601562500e+03,5.913828735351562500e+02,7.486330270767211914e-01,1.377297485351562500e+03,6.491871337890625000e+02,6.645004153251647949e-01,1.348395263671875000e+03,6.368005371093750000e+02,5.827866792678833008e-01,1.414457397460937500e+03,7.193780517578125000e+02,8.115646243095397949e-01,1.344266357421875000e+03,7.276358032226562500e+02,6.472327709197998047e-01,1.435101684570312500e+03,7.813112182617187500e+02,8.625777959823608398e-01,1.327750854492187500e+03,7.854401245117187500e+02,7.350926995277404785e-01,1.373168579101562500e+03,7.730534667968750000e+02,7.426751852035522461e-01,1.356653076171875000e+03,7.730534667968750000e+02,6.402586102485656738e-01,1.331879760742187500e+03,8.597599487304687500e+02,4.996630251407623291e-01,1.402070678710937500e+03,8.556310424804687500e+02,5.194332003593444824e-01,1.302977661132812500e+03,9.382086181640625000e+02,7.791535258293151855e-01,1.447488403320312500e+03,9.216931152343750000e+02,6.796018481254577637e-01,1.356653076171875000e+03,5.624807128906250000e+02,9.417839050292968750e-01,1.360781982421875000e+03,6.161561279296875000e+02,8.690214157104492188e-01,1.364910766601562500e+03,7.689246215820312500e+02,8.716955780982971191e-01,1.265817749023437500e+03,9.464663696289062500e+02,7.109016180038452148e-01,1.418586181640625000e+03,9.464663696289062500e+02,8.221712112426757812e-01,1.265817749023437500e+03,9.505952758789062500e+02,7.567154169082641602e-01,1.426843994140625000e+03,9.423375244140625000e+02,7.441572546958923340e-01,1.302977661132812500e+03,9.505952758789062500e+02,8.373222947120666504e-01,1.459875000000000000e+03,9.299508666992187500e+02,8.308212757110595703e-01,1.292084971648449482e+03,5.479282798954951659e+02,1.598665930379170277e+02,4.192430100653806448e+02,0.000000000000000000e+00,0.000000000000000000e+00,1.000000000000000000e+00
1.895800000000000000e+04,8.800000000000000000e+01,2.667000000000000000e+03,1.340000000000000000e+02,1.318766723632812500e+03,5.987081298828125000e+02,9.418914318084716797e-01,1.327070556640625000e+03,5.904041748046875000e+02,9.378221035003662109e-01,1.322918579101562500e+03,5.904041748046875000e+02,8.961527347564697266e-01,1.343678466796875000e+03,5.987081298828125000e+02,9.286430478096008301e-01,1.356134277343750000e+03,5.987081298828125000e+02,7.221881151199340820e-01,1.368590209960937500e+03,6.526835937500000000e+02,5.957765579223632812e-01,1.335374511718750000e+03,6.443796386718750000e+02,5.009750723838806152e-01,1.405957763671875000e+03,7.232668457031250000e+02,8.563998937606811523e-01,1.327070556640625000e+03,7.274188232421875000e+02,4.672059416770935059e-01,1.426717529296875000e+03,7.813942260742187500e+02,8.859291076660156250e-01,1.314614746093750000e+03,7.896981201171875000e+02,3.437574207782745361e-01,1.364438232421875000e+03,7.772423095703125000e+02,6.964574456214904785e-01,1.335374511718750000e+03,7.772423095703125000e+02,6.210451126098632812e-01,1.389349975585937500e+03,8.561294555664062500e+02,5.956181883811950684e-01,1.318766723632812500e+03,8.644333496093750000e+02,5.874662995338439941e-01,1.439173461914062500e+03,9.184088134765625000e+02,5.204558372497558594e-01,1.447477294921875000e+03,9.184088134765625000e+02,4.933648407459259033e-01,1.347830322265625000e+03,5.654924316406250000e+02,9.114168882369995117e-01,1.351982299804687500e+03,6.194678955078125000e+02,8.356888890266418457e-01,1.351982299804687500e+03,7.730903320312500000e+02,7.889889478683471680e-01,1.273095092773437500e+03,9.474725341796875000e+02,5.595066547393798828e-01,1.422565551757812500e+03,9.433205566406250000e+02,7.716484665870666504e-01,1.273095092773437500e+03,9.474725341796875000e+02,6.191469430923461914e-01,1.430869506835937500e+03,9.391685791015625000e+02,7.293961048126220703e-01,1.293854980468750000e+03,9.474725341796875000e+02,7.122989892959594727e-01,1.455781250000000000e+03,9.225607910156250000e+02,8.516292572021484375e-01,1.284886547954590469e+03,5.466432374271115577e+02,1.659534462796711978e+02,4.237451749382902335e+02,0.000000000000000000e+00,0.000000000000000000e+00,1.000000000000000000e+00
1.895900000000000000e+04,8.800000000000000000e+01,2.667000000000000000e+03,1.350000000000000000e+02,1.310214721679687500e+03,6.016724853515625000e+02,9.364891648292541504e-01,1.318346923828125000e+03,5.935402832031250000e+02,9.500752687454223633e-01,1.310214721679687500e+03,5.935402832031250000e+02,9.234712123870849609e-01,1.338677490234375000e+03,5.976063842773437500e+02,9.107804894447326660e-01,1.342743652343750000e+03,5.976063842773437500e+02,7.127607464790344238e-01,1.363074218750000000e+03,6.545321044921875000e+02,8.186882138252258301e-01,1.318346923828125000e+03,6.423337402343750000e+02,7.846949696540832520e-01,1.391537109375000000e+03,7.277222900390625000e+02,8.890075087547302246e-01,1.314280761718750000e+03,7.236561279296875000e+02,6.887410283088684082e-01,1.420000000000000000e+03,7.846479492187500000e+02,8.949432373046875000e-01,1.306148559570312500e+03,7.765157470703125000e+02,4.017576873302459717e-01,1.354942016601562500e+03,7.805818481445312500e+02,8.129748702049255371e-01,1.318346923828125000e+03,7.805818481445312500e+02,7.951923608779907227e-01,1.375272705078125000e+03,8.578381347656250000e+02,7.165480256080627441e-01,1.302082519531250000e+03,8.741026611328125000e+02,7.578938007354736328e-01,1.432198364257812500e+03,9.147638549804687500e+02,5.924865603446960449e-01,1.440330566406250000e+03,9.147638549804687500e+02,4.618704617023468018e-01,1.334611450195312500e+03,5.650773925781250000e+02,9.022124409675598145e-01,1.338677490234375000e+03,6.220031127929687500e+02,8.920084238052368164e-01,1.334611450195312500e+03,7.765157470703125000e+02,8.651652932167053223e-01,1.420000000000000000e+03,9.472928466796875000e+02,5.200433731079101562e-01,1.424066162109375000e+03,9.472928466796875000e+02,5.922505855560302734e-01,1.257355102539062500e+03,9.554250488281250000e+02,5.116038322448730469e-01,1.428132202148437500e+03,9.432266845703125000e+02,5.766448378562927246e-01,1.281751831054687500e+03,9.513589477539062500e+02,6.398447155952453613e-01,1.444396728515625000e+03,9.188299560546875000e+02,6.330236196517944336e-01,1.273717109346943062e+03,5.514707587005269716e+02,1.678907940891915587e+02,4.196430980346626711e+02,0.000000000000000000e+00,0.000000000000000000e+00,1.000000000000000000e+00
1.896000000000000000e+04,8.800000000000000000e+01,2.667000000000000000e+03,1.360000000000000000e+02,1.293936645507812500e+03,5.997139892578125000e+02,9.658065438270568848e-01,1.301966674804687500e+03,5.956989135742187500e+02,9.583185315132141113e-01,1.297951660156250000e+03,5.916838989257812500e+02,9.459449052810668945e-01,1.322041992187500000e+03,5.997139892578125000e+02,9.018096327781677246e-01,1.326057006835937500e+03,5.997139892578125000e+02,7.063515782356262207e-01,1.342117187500000000e+03,6.599396362304687500e+02,6.794127225875854492e-01,1.301966674804687500e+03,6.478945312500000000e+02,6.855200529098510742e-01,1.378252563476562500e+03,7.322104492187500000e+02,8.819212317466735840e-01,1.301966674804687500e+03,7.281954345703125000e+02,4.813248217105865479e-01,1.406357910156250000e+03,7.884210815429687500e+02,9.259526133537292480e-01,1.293936645507812500e+03,7.924361572265625000e+02,2.665120065212249756e-01,1.322041992187500000e+03,7.884210815429687500e+02,6.623913645744323730e-01,1.314011840820312500e+03,7.884210815429687500e+02,6.229957342147827148e-01,1.285906494140625000e+03,8.887972412109375000e+02,7.547336220741271973e-01,1.354162353515625000e+03,8.687219848632812500e+02,7.843366265296936035e-01,1.269846313476562500e+03,9.530379638671875000e+02,7.261762022972106934e-01,1.418403076171875000e+03,9.088724365234375000e+02,8.406981825828552246e-01,1.318026855468750000e+03,5.716086425781250000e+02,8.951923251152038574e-01,1.322041992187500000e+03,6.238042602539062500e+02,8.698937892913818359e-01,1.318026855468750000e+03,7.844060668945312500e+02,8.517433404922485352e-01,1.253786132812500000e+03,9.490228881835937500e+02,6.469414234161376953e-01,1.418403076171875000e+03,9.490228881835937500e+02,7.816541790962219238e-01,1.249771118164062500e+03,9.530379638671875000e+02,6.577194333076477051e-01,1.418403076171875000e+03,9.450078735351562500e+02,7.397342324256896973e-01,1.269846313476562500e+03,9.610680541992187500e+02,7.393538355827331543e-01,1.430448120117187500e+03,9.088724365234375000e+02,8.643303513526916504e-01,1.266959922146219242e+03,5.550805640420541067e+02,1.679913984533068287e+02,4.145270195445657464e+02,0.000000000000000000e+00,0.000000000000000000e+00,1.000000000000000000e+00
1.896100000000000000e+04,8.800000000000000000e+01,2.667000000000000000e+03,1.370000000000000000e+02,1.277503540039062500e+03,6.016425170898437500e+02,9.355005621910095215e-01,1.289459838867187500e+03,5.936716308593750000e+02,9.353217482566833496e-01,1.281489013671875000e+03,5.936716308593750000e+02,9.078008532524108887e-01,1.305401611328125000e+03,6.016425170898437500e+02,8.979415297508239746e-01,1.309387084960937500e+03,6.016425170898437500e+02,6.906347870826721191e-01,1.297430786132812500e+03,6.614240722656250000e+02,5.732743740081787109e-01,1.337285156250000000e+03,6.494677734375000000e+02,4.846667647361755371e-01,1.361197753906250000e+03,7.291765136718750000e+02,5.279370546340942383e-01,1.357212280273437500e+03,7.291765136718750000e+02,5.001925230026245117e-01,1.389095825195312500e+03,7.889580688476562500e+02,7.061959505081176758e-01,1.385110351562500000e+03,7.849726562500000000e+02,4.659341573715209961e-01,1.297430786132812500e+03,7.969289550781250000e+02,7.137954831123352051e-01,1.313372436523437500e+03,7.929435424804687500e+02,6.386629343032836914e-01,1.273518066406250000e+03,8.885940551757812500e+02,6.676597595214843750e-01,1.333299682617187500e+03,8.686668701171875000e+02,8.290371298789978027e-01,1.265547241210937500e+03,9.523610229492187500e+02,7.214595675468444824e-01,1.397066650390625000e+03,9.045357666015625000e+02,8.756630420684814453e-01,1.305401611328125000e+03,5.657735595703125000e+02,8.306501507759094238e-01,1.305401611328125000e+03,6.255551147460937500e+02,8.673713803291320801e-01,1.305401611328125000e+03,7.889580688476562500e+02,8.371825814247131348e-01,1.253590942382812500e+03,9.483756103515625000e+02,4.427101314067840576e-01,1.409022949218750000e+03,9.483756103515625000e+02,6.612894535064697266e-01,1.245619995117187500e+03,9.563464965820312500e+02,5.640185475349426270e-01,1.413008422851562500e+03,9.364193115234375000e+02,6.478840112686157227e-01,1.269532714843750000e+03,9.603319091796875000e+02,6.515486836433410645e-01,1.405037597656250000e+03,9.005503540039062500e+02,8.308959007263183594e-01,1.256376283999159568e+03,5.579152181931444829e+02,1.677569654662611356e+02,4.105311217269985491e+02,0.000000000000000000e+00,0.000000000000000000e+00,1.000000000000000000e+00
1.896200000000000000e+04,8.800000000000000000e+01,2.667000000000000000e+03,1.380000000000000000e+02,1.268132568359375000e+03,5.957869262695312500e+02,9.644337296485900879e-01,1.276017089843750000e+03,5.879023437500000000e+02,9.605984091758728027e-01,1.272074829101562500e+03,5.879023437500000000e+02,9.444736242294311523e-01,1.295728515625000000e+03,5.957869262695312500e+02,8.989452123641967773e-01,1.299670776367187500e+03,5.957869262695312500e+02,6.776266098022460938e-01,1.299670776367187500e+03,6.470365600585937500e+02,6.158292889595031738e-01,1.279959472656250000e+03,6.391519775390625000e+02,6.734427809715270996e-01,1.339093627929687500e+03,7.258822021484375000e+02,7.732273936271667480e-01,1.276017089843750000e+03,7.179976196289062500e+02,2.665838599205017090e-01,1.366689575195312500e+03,7.929010009765625000e+02,8.803839087486267090e-01,1.279959472656250000e+03,7.731895751953125000e+02,8.856586366891860962e-02,1.295728515625000000e+03,7.810740966796875000e+02,7.736678719520568848e-01,1.283901733398437500e+03,7.771318359375000000e+02,6.995595693588256836e-01,1.264190307617187500e+03,8.638620605468750000e+02,7.734508514404296875e-01,1.311497680664062500e+03,8.638620605468750000e+02,6.174247264862060547e-01,1.264190307617187500e+03,9.466499023437500000e+02,8.857953548431396484e-01,1.378516479492187500e+03,9.111694335937500000e+02,7.798489928245544434e-01,1.291786254882812500e+03,5.681909179687500000e+02,8.931311368942260742e-01,1.295728515625000000e+03,6.194406127929687500e+02,8.295384645462036133e-01,1.291786254882812500e+03,7.771318359375000000e+02,8.458760380744934082e-01,1.244478881835937500e+03,9.505922241210937500e+02,6.240045428276062012e-01,1.386401000976562500e+03,9.466499023437500000e+02,8.440381288528442383e-01,1.248421142578125000e+03,9.545344848632812500e+02,6.449476480484008789e-01,1.386401000976562500e+03,9.427076416015625000e+02,8.448762297630310059e-01,1.272074829101562500e+03,9.545344848632812500e+02,8.025783300399780273e-01,1.394285522460937500e+03,9.032848510742187500e+02,8.146309256553649902e-01,1.242981062436914044e+03,5.606022800142521874e+02,1.686493503048170624e+02,4.060746983034799769e+02,0.000000000000000000e+00,0.000000000000000000e+00,1.000000000000000000e+00
1.896300000000000000e+04,8.800000000000000000e+01,2.667000000000000000e+03,1.390000000000000000e+02,1.253667236328125000e+03,5.955118408203125000e+02,9.390310645103454590e-01,1.261654541015625000e+03,5.915181884765625000e+02,9.375877380371093750e-01,1.257660888671875000e+03,5.875245971679687500e+02,9.124903678894042969e-01,1.281622558593750000e+03,5.995054321289062500e+02,8.544937372207641602e-01,1.289609863281250000e+03,5.955118408203125000e+02,7.709892988204956055e-01,1.269641723632812500e+03,6.514223632812500000e+02,7.170409560203552246e-01,1.313571533203125000e+03,6.394415283203125000e+02,7.271085381507873535e-01,1.265648193359375000e+03,7.233073730468750000e+02,5.850939154624938965e-01,1.321558715820312500e+03,7.233073730468750000e+02,6.547117829322814941e-01,1.241686523437500000e+03,7.872052001953125000e+02,4.522805511951446533e-01,1.341526733398437500e+03,7.911987915039062500e+02,7.895004749298095703e-01,1.277628906250000000e+03,7.832115478515625000e+02,7.850872278213500977e-01,1.285616210937500000e+03,7.792179565429687500e+02,6.401408910751342773e-01,1.261654541015625000e+03,8.870454711914062500e+02,6.710089445114135742e-01,1.281622558593750000e+03,8.670773925781250000e+02,5.303846001625061035e-01,1.261654541015625000e+03,9.549368896484375000e+02,3.833838701248168945e-01,1.345520385742187500e+03,9.070135498046875000e+02,5.741490125656127930e-01,1.277628906250000000e+03,5.635629272460937500e+02,8.939267396926879883e-01,1.281622558593750000e+03,6.194735107421875000e+02,8.045170903205871582e-01,1.281622558593750000e+03,7.752243652343750000e+02,8.412523269653320312e-01,1.353507568359375000e+03,9.509432373046875000e+02,7.645812630653381348e-01,1.357501220703125000e+03,9.549368896484375000e+02,5.258615612983703613e-01,1.357501220703125000e+03,9.469496459960937500e+02,7.764877080917358398e-01,1.357501220703125000e+03,9.469496459960937500e+02,5.313840508460998535e-01,1.369482055664062500e+03,9.030198974609375000e+02,7.227146625518798828e-01,1.373475585937500000e+03,9.150007324218750000e+02,4.846580922603607178e-01,1.225783176860843923e+03,5.584401412248386123e+02,1.705054205441181239e+02,4.078867081819304303e+02,0.000000000000000000e+00,0.000000000000000000e+00,1.000000000000000000e+00
1.896400000000000000e+04,8.800000000000000000e+01,2.658000000000000000e+03,1.400000000000000000e+02,1.239203125000000000e+03,5.971510009765625000e+02,9.346386790275573730e-01,1.251457885742187500e+03,5.889811401367187500e+02,9.345897436141967773e-01,1.243288085937500000e+03,5.848962402343750000e+02,9.520466327667236328e-01,1.271882446289062500e+03,5.930660400390625000e+02,9.224680662155151367e-01,1.275967407226562500e+03,5.889811401367187500e+02,7.550137042999267578e-01,1.275967407226562500e+03,6.420850219726562500e+02,6.810609698295593262e-01,1.259627685546875000e+03,6.339152221679687500e+02,5.141986012458801270e-01,1.255542846679687500e+03,7.196984252929687500e+02,5.697309970855712891e-01,1.255542846679687500e+03,7.156135253906250000e+02,4.276190698146820068e-01,1.235118286132812500e+03,7.809721679687500000e+02,3.148044049739837646e-01,1.226948364257812500e+03,7.809721679687500000e+02,3.930831253528594971e-01,1.267797607421875000e+03,7.809721679687500000e+02,7.538323402404785156e-01,1.259627685546875000e+03,7.768872680664062500e+02,6.505982875823974609e-01,1.255542846679687500e+03,8.749252319335937500e+02,7.464581727981567383e-01,1.275967407226562500e+03,8.626704711914062500e+02,6.143233776092529297e-01,1.255542846679687500e+03,9.525385742187500000e+02,3.242804408073425293e-01,1.329071289062500000e+03,9.157743530273437500e+02,6.822790503501892090e-01,1.263712646484375000e+03,5.603867187500000000e+02,8.666031956672668457e-01,1.271882446289062500e+03,6.175755615234375000e+02,8.534706234931945801e-01,1.267797607421875000e+03,7.728023071289062500e+02,8.719114065170288086e-01,1.316816528320312500e+03,9.484536743164062500e+02,7.791817784309387207e-01,1.316816528320312500e+03,9.566235351562500000e+02,3.827608823776245117e-01,1.324986328125000000e+03,9.484536743164062500e+02,7.821343541145324707e-01,1.312731689453125000e+03,9.484536743164062500e+02,3.918434679508209229e-01,1.337241088867187500e+03,9.157743530273437500e+02,7.975353598594665527e-01,1.271882446289062500e+03,9.607084350585937500e+02,3.798938095569610596e-01,1.204822549580609120e+03,5.526941101438710575e+02,1.726448429705781109e+02,4.147521189601396827e+02,0.000000000000000000e+00,0.000000000000000000e+00,1.000000000000000000e+00
1.896500000000000000e+04,8.800000000000000000e+01,2.672000000000000000e+03,1.410000000000000000e+02,1.225841674804687500e+03,5.926555786132812500e+02,9.636778831481933594e-01,1.234051269531250000e+03,5.844459838867187500e+02,9.604930877685546875e-01,1.229946533203125000e+03,5.844459838867187500e+02,9.615383744239807129e-01,1.254575317382812500e+03,5.926555786132812500e+02,8.880013227462768555e-01,1.258680175781250000e+03,5.926555786132812500e+02,7.740122675895690918e-01,1.242260864257812500e+03,6.460181884765625000e+02,8.027908802032470703e-01,1.287413818359375000e+03,6.378085327148437500e+02,7.373865842819213867e-01,1.238156127929687500e+03,7.240095825195312500e+02,7.552764415740966797e-01,1.275099365234375000e+03,7.157999877929687500e+02,5.986890196800231934e-01,1.279204223632812500e+03,8.061058349609375000e+02,6.345334053039550781e-01,1.221736816406250000e+03,7.814769897460937500e+02,2.463220506906509399e-01,1.250470581054687500e+03,7.855817871093750000e+02,8.899265527725219727e-01,1.254575317382812500e+03,7.814769897460937500e+02,6.878393888473510742e-01,1.221736816406250000e+03,8.964117431640625000e+02,7.597945928573608398e-01,1.254575317382812500e+03,8.840972900390625000e+02,6.641026735305786133e-01,1.279204223632812500e+03,9.292502441406250000e+02,6.425546407699584961e-01,1.283309082031250000e+03,9.333550415039062500e+02,6.162764430046081543e-01,1.250470581054687500e+03,5.557122802734375000e+02,9.110106825828552246e-01,1.254575317382812500e+03,6.172844848632812500e+02,7.833302021026611328e-01,1.254575317382812500e+03,7.773721923828125000e+02,8.381231427192687988e-01,1.258680175781250000e+03,9.497742919921875000e+02,4.938824772834777832e-01,1.250470581054687500e+03,9.579839477539062500e+02,6.644685864448547363e-01,1.262785034179687500e+03,9.538790893554687500e+02,5.193458199501037598e-01,1.254575317382812500e+03,9.497742919921875000e+02,7.245702147483825684e-01,1.303833129882812500e+03,9.292502441406250000e+02,7.267347574234008789e-01,1.299728271484375000e+03,9.374598388671875000e+02,6.249581575393676758e-01,1.176921306078681482e+03,5.501034883725143345e+02,1.699497236172123849e+02,4.186688048217748701e+02,0.000000000000000000e+00,0.000000000000000000e+00,1.000000000000000000e+00
1.896600000000000000e+04,8.800000000000000000e+01,2.664000000000000000e+03,1.420000000000000000e+02,1.213936035156250000e+03,5.907492675781250000e+02,9.497169256210327148e-01,1.222157836914062500e+03,5.825274658203125000e+02,9.425525665283203125e-01,1.213936035156250000e+03,5.825274658203125000e+02,9.430988430976867676e-01,1.242712402343750000e+03,5.907492675781250000e+02,8.884986042976379395e-01,1.246823242187500000e+03,5.907492675781250000e+02,7.436419129371643066e-01,1.230379638671875000e+03,6.441909790039062500e+02,8.292379975318908691e-01,1.267377807617187500e+03,6.400800781250000000e+02,6.861147880554199219e-01,1.242712402343750000e+03,7.305198364257812500e+02,7.878928184509277344e-01,1.250934204101562500e+03,7.222980346679687500e+02,6.554328799247741699e-01,1.242712402343750000e+03,8.045159912109375000e+02,9.318937063217163086e-01,1.209825195312500000e+03,7.839614868164062500e+02,6.069312691688537598e-01,1.242712402343750000e+03,7.921832885742187500e+02,7.674984335899353027e-01,1.242712402343750000e+03,7.880723876953125000e+02,6.446872949600219727e-01,1.246823242187500000e+03,9.031775512695312500e+02,7.249043583869934082e-01,1.242712402343750000e+03,9.031775512695312500e+02,6.507433056831359863e-01,1.259156005859375000e+03,9.771737060546875000e+02,6.417903304100036621e-01,1.259156005859375000e+03,9.771737060546875000e+02,6.146228909492492676e-01,1.238601440429687500e+03,5.537512207031250000e+02,8.937481045722961426e-01,1.242712402343750000e+03,6.154146728515625000e+02,7.875227332115173340e-01,1.242712402343750000e+03,7.839614868164062500e+02,8.243302106857299805e-01,1.213936035156250000e+03,9.648410034179687500e+02,5.620259046554565430e-01,1.218046997070312500e+03,9.648410034179687500e+02,5.248733162879943848e-01,1.218046997070312500e+03,9.689519042968750000e+02,5.557686686515808105e-01,1.218046997070312500e+03,9.607301025390625000e+02,5.498282313346862793e-01,1.271488647460937500e+03,9.812846069335937500e+02,5.713894963264465332e-01,1.275599609375000000e+03,9.771737060546875000e+02,5.149716138839721680e-01,1.157470457640372388e+03,5.505219181563968505e+02,1.664363251262423091e+02,4.205418712205306520e+02,0.000000000000000000e+00,0.000000000000000000e+00,1.000000000000000000e+00
1.896700000000000000e+04,8.800000000000000000e+01,2.659000000000000000e+03,1.430000000000000000e+02,1.200079711914062500e+03,5.937348022460937500e+02,9.643518328666687012e-01,1.208291381835937500e+03,5.855230712890625000e+02,9.547348022460937500e-01,1.200079711914062500e+03,5.855230712890625000e+02,9.628100395202636719e-01,1.232926635742187500e+03,5.896289062500000000e+02,8.927323222160339355e-01,1.232926635742187500e+03,5.896289062500000000e+02,6.131997704505920410e-01,1.232926635742187500e+03,6.430052490234375000e+02,7.336368560791015625e-01,1.220609008789062500e+03,6.347935180664062500e+02,6.582172513008117676e-01,1.220609008789062500e+03,7.251226196289062500e+02,7.594141960144042969e-01,1.212397216796875000e+03,7.210167846679687500e+02,7.226929664611816406e-01,1.212397216796875000e+03,7.990283203125000000e+02,9.264570474624633789e-01,1.195973754882812500e+03,7.826048583984375000e+02,7.533971667289733887e-01,1.241138427734375000e+03,7.784989624023437500e+02,8.671926856040954590e-01,1.208291381835937500e+03,7.743930664062500000e+02,8.544661402702331543e-01,1.245244262695312500e+03,8.647222290039062500e+02,8.534659743309020996e-01,1.191867919921875000e+03,8.606163940429687500e+02,8.848380446434020996e-01,1.265773559570312500e+03,9.468396606445312500e+02,8.993747234344482422e-01,1.212397216796875000e+03,9.468396606445312500e+02,9.025774002075195312e-01,1.224714843750000000e+03,5.526760864257812500e+02,8.996906876564025879e-01,1.228820800781250000e+03,6.142641601562500000e+02,8.703154325485229492e-01,1.228820800781250000e+03,7.743930664062500000e+02,9.318478107452392578e-01,1.241138427734375000e+03,9.591572875976562500e+02,5.317595005035400391e-01,1.179550292968750000e+03,9.632631225585937500e+02,6.761053204536437988e-01,1.249350097656250000e+03,9.591572875976562500e+02,4.671755731105804443e-01,1.179550292968750000e+03,9.591572875976562500e+02,7.302353978157043457e-01,1.265773559570312500e+03,9.591572875976562500e+02,6.816071867942810059e-01,1.224714843750000000e+03,9.550513916015625000e+02,7.151836752891540527e-01,1.145073082722132540e+03,5.526868349515452792e+02,1.632489405100675413e+02,4.208743429515886874e+02,0.000000000000000000e+00,0.000000000000000000e+00,1.000000000000000000e+00
1.896800000000000000e+04,8.800000000000000000e+01,2.670000000000000000e+03,1.440000000000000000e+02,1.188901611328125000e+03,5.890331420898437500e+02,9.460744261741638184e-01,1.197210083007812500e+03,5.807246093750000000e+02,9.541828632354736328e-01,1.188901611328125000e+03,5.807246093750000000e+02,9.588626623153686523e-01,1.217981567382812500e+03,5.890331420898437500e+02,9.338390231132507324e-01,1.222135742187500000e+03,5.890331420898437500e+02,7.434602379798889160e-01,1.213827270507812500e+03,6.430386962890625000e+02,7.596182823181152344e-01,1.230444335937500000e+03,6.347301635742187500e+02,5.583135485649108887e-01,1.205518676757812500e+03,7.261242065429687500e+02,7.991110086441040039e-01,1.217981567382812500e+03,7.178156738281250000e+02,5.142657756805419922e-01,1.176438720703125000e+03,7.967468261718750000e+02,8.668076992034912109e-01,1.180593017578125000e+03,7.759754638671875000e+02,6.155236363410949707e-01,1.230444335937500000e+03,7.759754638671875000e+02,8.167408108711242676e-01,1.201364379882812500e+03,7.759754638671875000e+02,7.299886345863342285e-01,1.242907104492187500e+03,8.673695068359375000e+02,8.109626173973083496e-01,1.168130249023437500e+03,8.590609741210937500e+02,7.954807281494140625e-01,1.263678466796875000e+03,9.463007202148437500e+02,8.436453342437744141e-01,1.172284545898437500e+03,9.421464233398437500e+02,8.743759989738464355e-01,1.213827270507812500e+03,5.557989501953125000e+02,9.081284999847412109e-01,1.217981567382812500e+03,6.139588012695312500e+02,8.410590887069702148e-01,1.217981567382812500e+03,7.718212280273437500e+02,8.542720079421997070e-01,1.251215698242187500e+03,9.504550170898437500e+02,7.340050339698791504e-01,1.147358886718750000e+03,9.587635498046875000e+02,6.883163452148437500e-01,1.263678466796875000e+03,9.504550170898437500e+02,7.223689556121826172e-01,1.147358886718750000e+03,9.546092529296875000e+02,7.377802729606628418e-01,1.267832763671875000e+03,9.463007202148437500e+02,7.639467716217041016e-01,1.180593017578125000e+03,9.504550170898437500e+02,7.807648777961730957e-01,1.128129744422864178e+03,5.473719871705991409e+02,1.623381441386527513e+02,4.242211304853544789e+02,0.000000000000000000e+00,0.000000000000000000e+00,1.000000000000000000e+00
1.896900000000000000e+04,8.800000000000000000e+01,2.670000000000000000e+03,1.450000000000000000e+02,1.172453125000000000e+03,5.940992431640625000e+02,9.549220204353332520e-01,1.180389770507812500e+03,5.861625366210937500e+02,9.575056433677673340e-01,1.176421386718750000e+03,5.861625366210937500e+02,9.602340459823608398e-01,1.204199829101562500e+03,5.901308593750000000e+02,9.142906069755554199e-01,1.204199829101562500e+03,5.940992431640625000e+02,7.169916033744812012e-01,1.196263183593750000e+03,6.456876831054687500e+02,7.747411131858825684e-01,1.216104858398437500e+03,6.377510375976562500e+02,5.448982119560241699e-01,1.188326416015625000e+03,7.290229492187500000e+02,8.200185298919677734e-01,1.204199829101562500e+03,7.171179199218750000e+02,6.054524183273315430e-01,1.148643066406250000e+03,7.845797729492187500e+02,8.800224661827087402e-01,1.180389770507812500e+03,7.647380371093750000e+02,7.566118836402893066e-01,1.216104858398437500e+03,7.766430664062500000e+02,8.080224394798278809e-01,1.188326416015625000e+03,7.726747436523437500e+02,7.730692028999328613e-01,1.235946533203125000e+03,8.639466552734375000e+02,8.253658413887023926e-01,1.152611328125000000e+03,8.639466552734375000e+02,8.594887256622314453e-01,1.259756591796875000e+03,9.433135375976562500e+02,9.586955904960632324e-01,1.136738037109375000e+03,9.393452148437500000e+02,9.473522305488586426e-01,1.196263183593750000e+03,5.583841552734375000e+02,9.066345691680908203e-01,1.204199829101562500e+03,6.139409790039062500e+02,8.077541589736938477e-01,1.204199829101562500e+03,7.726747436523437500e+02,8.858884572982788086e-01,1.239914916992187500e+03,9.552185668945312500e+02,4.343091845512390137e-01,1.116896240234375000e+03,9.552185668945312500e+02,5.077685713768005371e-01,1.247851562500000000e+03,9.552185668945312500e+02,4.186943471431732178e-01,1.116896240234375000e+03,9.512502441406250000e+02,4.999258816242218018e-01,1.267693359375000000e+03,9.512502441406250000e+02,5.145319104194641113e-01,1.148643066406250000e+03,9.472818603515625000e+02,6.975143551826477051e-01,1.117553090887219014e+03,5.526079933795740544e+02,1.590474607567678049e+02,4.129362891447660786e+02,0.000000000000000000e+00,0.000000000000000000e+00,1.000000000000000000e+00
1.897000000000000000e+04,8.800000000000000000e+01,2.657000000000000000e+03,1.460000000000000000e+02,1.163762817382812500e+03,5.973539428710937500e+02,9.366386532783508301e-01,1.171599975585937500e+03,5.895168457031250000e+02,9.563117027282714844e-01,1.163762817382812500e+03,5.895168457031250000e+02,9.331781864166259766e-01,1.195111328125000000e+03,5.973539428710937500e+02,9.596306681632995605e-01,1.195111328125000000e+03,5.973539428710937500e+02,7.404446005821228027e-01,1.187274169921875000e+03,6.482952880859375000e+02,7.895237207412719727e-01,1.187274169921875000e+03,6.404581298828125000e+02,6.709124445915222168e-01,1.175518554687500000e+03,7.305850219726562500e+02,7.954078912734985352e-01,1.183355590820312500e+03,7.188293457031250000e+02,6.407263278961181641e-01,1.120658691406250000e+03,7.776077880859375000e+02,8.763931989669799805e-01,1.155925659179687500e+03,7.697706909179687500e+02,4.591402709484100342e-01,1.206866943359375000e+03,7.776077880859375000e+02,8.391756415367126465e-01,1.175518554687500000e+03,7.776077880859375000e+02,8.020352125167846680e-01,1.234296875000000000e+03,8.716532592773437500e+02,8.522259593009948730e-01,1.136332885742187500e+03,8.677346801757812500e+02,9.215914011001586914e-01,1.257808349609375000e+03,9.461058959960937500e+02,9.467132687568664551e-01,1.104984375000000000e+03,9.421873779296875000e+02,9.710059762001037598e-01,1.187274169921875000e+03,5.660054931640625000e+02,9.240026473999023438e-01,1.191192749023437500e+03,6.247838745117187500e+02,8.752923011779785156e-01,1.191192749023437500e+03,7.736892089843750000e+02,9.087291955947875977e-01,1.242134033203125000e+03,9.578616333007812500e+02,6.632556319236755371e-01,1.077554443359375000e+03,9.500244750976562500e+02,7.767631411552429199e-01,1.257808349609375000e+03,9.578616333007812500e+02,6.008605360984802246e-01,1.081473022460937500e+03,9.461058959960937500e+02,7.848651409149169922e-01,1.265645385742187500e+03,9.539430541992187500e+02,7.054657340049743652e-01,1.108902954101562500e+03,9.500244750976562500e+02,8.320124745368957520e-01,1.099179692499767725e+03,5.597374794170993937e+02,1.601878717116001098e+02,4.051523975063173566e+02,0.000000000000000000e+00,0.000000000000000000e+00,1.000000000000000000e+00
1.897100000000000000e+04,8.800000000000000000e+01,2.657000000000000000e+03,1.470000000000000000e+02,1.144384033203125000e+03,6.030810546875000000e+02,9.617770314216613770e-01,1.156671630859375000e+03,5.948892822265625000e+02,9.502798914909362793e-01,1.148479858398437500e+03,5.948892822265625000e+02,9.397487640380859375e-01,1.177151000976562500e+03,5.989851684570312500e+02,9.767656922340393066e-01,1.177151000976562500e+03,5.989851684570312500e+02,8.592224717140197754e-01,1.177151000976562500e+03,6.481357421875000000e+02,8.159320354461669922e-01,1.173055175781250000e+03,6.440398559570312500e+02,6.846488714218139648e-01,1.156671630859375000e+03,7.300532836914062500e+02,8.755883574485778809e-01,1.164863403320312500e+03,7.218615722656250000e+02,6.377754211425781250e-01,1.095233398437500000e+03,7.710120849609375000e+02,9.018539190292358398e-01,1.136192260742187500e+03,7.751079711914062500e+02,6.371226906776428223e-01,1.189438598632812500e+03,7.792038574218750000e+02,8.692992329597473145e-01,1.164863403320312500e+03,7.792038574218750000e+02,8.059958815574645996e-01,1.226301513671875000e+03,8.775049438476562500e+02,7.914484739303588867e-01,1.119808715820312500e+03,8.775049438476562500e+02,7.605627179145812988e-01,1.259068603515625000e+03,9.553265991210937500e+02,8.524090051651000977e-01,1.082945800781250000e+03,9.430390014648437500e+02,8.626019358634948730e-01,1.168959228515625000e+03,5.703140258789062500e+02,9.115128517150878906e-01,1.177151000976562500e+03,6.235604858398437500e+02,9.226299524307250977e-01,1.177151000976562500e+03,7.751079711914062500e+02,9.334470033645629883e-01,1.242685058593750000e+03,9.594224853515625000e+02,5.520717501640319824e-01,1.058370483398437500e+03,9.471348876953125000e+02,5.910302996635437012e-01,1.259068603515625000e+03,9.594224853515625000e+02,5.048465728759765625e-01,1.058370483398437500e+03,9.430390014648437500e+02,5.891326069831848145e-01,1.267260375976562500e+03,9.594224853515625000e+02,6.006794571876525879e-01,1.087041748046875000e+03,9.512307739257812500e+02,7.427942752838134766e-01,1.084271428739683870e+03,5.515130545784923015e+02,1.692403233915481451e+02,4.143729547082672298e+02,0.000000000000000000e+00,0.000000000000000000e+00,1.000000000000000000e+00
1.897200000000000000e+04,8.800000000000000000e+01,2.670000000000000000e+03,1.480000000000000000e+02,1.131610839843750000e+03,6.038757934570312500e+02,9.683949947357177734e-01,1.139541870117187500e+03,5.959447631835937500e+02,9.722283482551574707e-01,1.135576416015625000e+03,5.919792480468750000e+02,9.791936874389648438e-01,1.163334960937500000e+03,6.038757934570312500e+02,9.666545987129211426e-01,1.163334960937500000e+03,6.038757934570312500e+02,8.025248646736145020e-01,1.159369506835937500e+03,6.514619750976562500e+02,8.637861013412475586e-01,1.175231567382812500e+03,6.474964599609375000e+02,6.653465032577514648e-01,1.139541870117187500e+03,7.347377319335937500e+02,8.265382051467895508e-01,1.163334960937500000e+03,7.228411865234375000e+02,6.094349622726440430e-01,1.072128173828125000e+03,7.664617919921875000e+02,9.280310869216918945e-01,1.123679809570312500e+03,7.823238525390625000e+02,4.284089505672454834e-01,1.163334960937500000e+03,7.862893676757812500e+02,8.095047473907470703e-01,1.167300537109375000e+03,7.823238525390625000e+02,7.133654356002807617e-01,1.103852294921875000e+03,8.695651245117187500e+02,7.523071765899658203e-01,1.214886596679687500e+03,8.774961547851562500e+02,5.941612720489501953e-01,1.254541748046875000e+03,9.449099121093750000e+02,5.908471345901489258e-01,1.076093750000000000e+03,9.409443969726562500e+02,2.587646842002868652e-01,1.155403930664062500e+03,5.681862182617187500e+02,9.249461889266967773e-01,1.163334960937500000e+03,6.237033691406250000e+02,9.075816869735717773e-01,1.167300537109375000e+03,7.823238525390625000e+02,9.064875245094299316e-01,1.056266113281250000e+03,9.409443969726562500e+02,2.574850916862487793e-01,1.230748657226562500e+03,9.647374267578125000e+02,1.758998930454254150e-01,1.056266113281250000e+03,9.488754272460937500e+02,2.944606244564056396e-01,1.064197143554687500e+03,9.488754272460937500e+02,1.221648901700973511e-01,1.076093750000000000e+03,9.488754272460937500e+02,4.047201871871948242e-01,1.076093750000000000e+03,9.528408813476562500e+02,2.886835038661956787e-01,1.065199746098267724e+03,5.553826352612090886e+02,1.721418684128368568e+02,4.090036647777332064e+02,0.000000000000000000e+00,0.000000000000000000e+00,1.000000000000000000e+00
1.897300000000000000e+04,8.800000000000000000e+01,2.664000000000000000e+03,1.490000000000000000e+02,1.118563964843750000e+03,6.086266479492187500e+02,9.439577460289001465e-01,1.126720825195312500e+03,6.004697265625000000e+02,9.391513466835021973e-01,1.118563964843750000e+03,5.963912353515625000e+02,9.415212869644165039e-01,1.147113159179687500e+03,6.045481567382812500e+02,9.667357802391052246e-01,1.147113159179687500e+03,6.045481567382812500e+02,8.228170871734619141e-01,1.151191650390625000e+03,6.534898071289062500e+02,7.643465399742126465e-01,1.134877807617187500e+03,6.453328857421875000e+02,7.018825411796569824e-01,1.122642333984375000e+03,7.309807128906250000e+02,8.126517534255981445e-01,1.130799316406250000e+03,7.269022216796875000e+02,6.919685006141662598e-01,1.053308471679687500e+03,7.595299682617187500e+02,9.194275736808776855e-01,1.110406982421875000e+03,7.840007934570312500e+02,5.339698791503906250e-01,1.155270141601562500e+03,7.880792846679687500e+02,8.371413946151733398e-01,1.130799316406250000e+03,7.880792846679687500e+02,8.205351233482360840e-01,1.196054809570312500e+03,8.818840332031250000e+02,7.892481684684753418e-01,1.085936157226562500e+03,8.778055419921875000e+02,7.299896478652954102e-01,1.244996459960937500e+03,9.430610351562500000e+02,8.937777280807495117e-01,1.065543823242187500e+03,9.471395263671875000e+02,7.055463790893554688e-01,1.138956298828125000e+03,5.759989013671875000e+02,9.108906984329223633e-01,1.147113159179687500e+03,6.290189819335937500e+02,9.052388668060302734e-01,1.147113159179687500e+03,7.840007934570312500e+02,9.124927520751953125e-01,1.236839477539062500e+03,9.593749389648437500e+02,7.096458673477172852e-01,1.045151489257812500e+03,9.593749389648437500e+02,4.642458558082580566e-01,1.249074951171875000e+03,9.552964477539062500e+02,6.502379179000854492e-01,1.041072998046875000e+03,9.512180175781250000e+02,5.412795543670654297e-01,1.257231811523437500e+03,9.512180175781250000e+02,7.840735316276550293e-01,1.069622314453125000e+03,9.552964477539062500e+02,6.770172715187072754e-01,1.049786998322143745e+03,5.537350288092472965e+02,1.795593041664110388e+02,4.146116170157465604e+02,0.000000000000000000e+00,0.000000000000000000e+00,1.000000000000000000e+00
1.897400000000000000e+04,8.800000000000000000e+01,2.657000000000000000e+03,1.510000000000000000e+02,1.082744628906250000e+03,6.018306274414062500e+02,9.439077377319335938e-01,1.095210571289062500e+03,5.976752929687500000e+02,9.345816373825073242e-01,1.086899902343750000e+03,5.976752929687500000e+02,9.342053532600402832e-01,1.120142456054687500e+03,6.018306274414062500e+02,9.441910982131958008e-01,1.115987182617187500e+03,6.018306274414062500e+02,5.906094908714294434e-01,1.136763793945312500e+03,6.516944580078125000e+02,7.954296469688415527e-01,1.099365844726562500e+03,6.516944580078125000e+02,8.693161010742187500e-01,1.107676513671875000e+03,7.306455688476562500e+02,3.687382042407989502e-01,1.086899902343750000e+03,7.306455688476562500e+02,7.945932149887084961e-01,1.032880737304687500e+03,7.597328491210937500e+02,2.575969994068145752e-01,1.037036010742187500e+03,7.555775146484375000e+02,3.667725026607513428e-01,1.120142456054687500e+03,7.846647949218750000e+02,8.476234674453735352e-01,1.091055297851562500e+03,7.888200683593750000e+02,8.517374396324157715e-01,1.136763793945312500e+03,8.802371826171875000e+02,8.359506130218505859e-01,1.061968017578125000e+03,8.760818481445312500e+02,7.592231035232543945e-01,1.215714965820312500e+03,9.384116821289062500e+02,8.902339935302734375e-01,1.053657348632812500e+03,9.425670166015625000e+02,7.347205877304077148e-01,1.111831909179687500e+03,5.727433471679687500e+02,8.848785758018493652e-01,1.111831909179687500e+03,6.309178466796875000e+02,8.893650770187377930e-01,1.107676513671875000e+03,7.846647949218750000e+02,9.176166057586669922e-01,1.236491455078125000e+03,9.508776245117187500e+02,6.735600829124450684e-01,1.045346679687500000e+03,9.591882934570312500e+02,5.732741355895996094e-01,1.240646850585937500e+03,9.425670166015625000e+02,6.670740842819213867e-01,1.032880737304687500e+03,9.550329589843750000e+02,7.221532464027404785e-01,1.228180908203125000e+03,9.384116821289062500e+02,8.347465991973876953e-01,1.061968017578125000e+03,9.508776245117187500e+02,7.419212460517883301e-01,1.026620372670877941e+03,5.555271809066697415e+02,1.943670483460000469e+02,4.206000734283975362e+02,0.000000000000000000e+00,0.000000000000000000e+00,1.000000000000000000e+00
1.897500000000000000e+04,8.800000000000000000e+01,2.657000000000000000e+03,1.520000000000000000e+02,1.070846435546875000e+03,6.010685424804687500e+02,9.520579576492309570e-01,1.078846801757812500e+03,5.930681762695312500e+02,9.521386623382568359e-01,1.070846435546875000e+03,5.930681762695312500e+02,9.490674734115600586e-01,1.098847778320312500e+03,6.010685424804687500e+02,9.441874027252197266e-01,1.102848022460937500e+03,6.010685424804687500e+02,6.924847960472106934e-01,1.110848388671875000e+03,6.530711669921875000e+02,7.270642518997192383e-01,1.082847045898437500e+03,6.410705566406250000e+02,7.708218693733215332e-01,1.086847167968750000e+03,7.330751342773437500e+02,7.434003353118896484e-01,1.078846801757812500e+03,7.250747070312500000e+02,7.999265193939208984e-01,1.018843811035156250e+03,7.570762939453125000e+02,9.518566727638244629e-01,1.058845825195312500e+03,7.850776977539062500e+02,5.999907851219177246e-01,1.102848022460937500e+03,7.890778808593750000e+02,8.703054785728454590e-01,1.082847045898437500e+03,7.890778808593750000e+02,8.301189541816711426e-01,1.106848144531250000e+03,8.810824584960937500e+02,8.275031447410583496e-01,1.050845458984375000e+03,8.970832519531250000e+02,8.919638395309448242e-01,1.190852416992187500e+03,9.290848388671875000e+02,9.424335360527038574e-01,1.054845581054687500e+03,9.810874023437500000e+02,7.452681064605712891e-01,1.094847656250000000e+03,5.690669555664062500e+02,8.887405991554260254e-01,1.094847656250000000e+03,6.250697631835937500e+02,8.779851198196411133e-01,1.094847656250000000e+03,7.850776977539062500e+02,9.041057825088500977e-01,1.214853515625000000e+03,9.490858154296875000e+02,6.965094208717346191e-01,1.018843811035156250e+03,9.890878295898437500e+02,3.547737002372741699e-01,1.218853759765625000e+03,9.330850219726562500e+02,6.847289800643920898e-01,1.018843811035156250e+03,9.770872192382812500e+02,4.147365987300872803e-01,1.202852905273437500e+03,9.290848388671875000e+02,8.318309187889099121e-01,1.062846069335937500e+03,9.850875854492187500e+02,5.816348791122436523e-01,1.006502628875417599e+03,5.573871587557915745e+02,1.956278123621262921e+02,4.137323544964391431e+02,0.000000000000000000e+00,0.000000000000000000e+00,1.000000000000000000e+00
1.897600000000000000e+04,8.800000000000000000e+01,2.664000000000000000e+03,1.530000000000000000e+02,1.053140991210937500e+03,5.997612915039062500e+02,9.253327846527099609e-01,1.065405029296875000e+03,5.915853271484375000e+02,9.496841430664062500e-01,1.057229003906250000e+03,5.874973144531250000e+02,9.461284875869750977e-01,1.085844970703125000e+03,5.997612915039062500e+02,9.430170059204101562e-01,1.089932983398437500e+03,5.997612915039062500e+02,8.612444996833801270e-01,1.077669067382812500e+03,6.488173217773437500e+02,8.462300300598144531e-01,1.098109008789062500e+03,6.406413574218750000e+02,6.900058388710021973e-01,1.065405029296875000e+03,7.305773925781250000e+02,9.083603620529174805e-01,1.077669067382812500e+03,7.224013671875000000e+02,7.912650704383850098e-01,1.008172973632812500e+03,7.591934204101562500e+02,8.958131074905395508e-01,1.040876953125000000e+03,7.714573974609375000e+02,6.067042946815490723e-01,1.081757080078125000e+03,7.918974609375000000e+02,8.899572491645812988e-01,1.077669067382812500e+03,7.878094482421875000e+02,8.311267495155334473e-01,1.073581054687500000e+03,8.859215087890625000e+02,8.027544617652893066e-01,1.053140991210937500e+03,8.900095214843750000e+02,8.229352831840515137e-01,1.163517089843750000e+03,9.349775390625000000e+02,8.199111223220825195e-01,1.053140991210937500e+03,9.635935668945312500e+02,7.266207933425903320e-01,1.081757080078125000e+03,5.629692993164062500e+02,8.818059563636779785e-01,1.085844970703125000e+03,6.242893066406250000e+02,9.056664705276489258e-01,1.081757080078125000e+03,7.837214355468750000e+02,9.067351222038269043e-01,1.179869140625000000e+03,9.513295288085937500e+02,6.495894193649291992e-01,1.020437011718750000e+03,9.840335693359375000e+02,5.111928582191467285e-01,1.188045043945312500e+03,9.349775390625000000e+02,6.518026590347290039e-01,1.024525024414062500e+03,9.758575439453125000e+02,6.069971919059753418e-01,1.179869140625000000e+03,9.308895263671875000e+02,8.245813250541687012e-01,1.061317016601562500e+03,9.799455566406250000e+02,7.459630370140075684e-01,9.871099280028149678e+02,5.511824054475381445e+02,1.980352662953116578e+02,4.170026434017523798e+02,0.000000000000000000e+00,0.000000000000000000e+00,1.000000000000000000e+00
1.897700000000000000e+04,8.800000000000000000e+01,2.664000000000000000e+03,1.540000000000000000e+02,1.038306030273437500e+03,5.924775390625000000e+02,9.164109230041503906e-01,1.051126098632812500e+03,5.882041625976562500e+02,9.277219772338867188e-01,1.042579467773437500e+03,5.839307861328125000e+02,9.537181258201599121e-01,1.072493041992187500e+03,5.967509155273437500e+02,9.351508021354675293e-01,1.076766357421875000e+03,5.924775390625000000e+02,7.686686515808105469e-01,1.063946289062500000e+03,6.437579345703125000e+02,8.735165596008300781e-01,1.076766357421875000e+03,6.352112426757812500e+02,6.854610443115234375e-01,1.055399536132812500e+03,7.249519653320312500e+02,9.116024971008300781e-01,1.068219604492187500e+03,7.164052734375000000e+02,6.981344819068908691e-01,9.998457031250000000e+02,7.676856689453125000e+02,9.055967926979064941e-01,1.029759277343750000e+03,7.719590454101562500e+02,8.778488039970397949e-01,1.063946289062500000e+03,7.762324218750000000e+02,8.976559638977050781e-01,1.068219604492187500e+03,7.762324218750000000e+02,8.267402648925781250e-01,1.046852783203125000e+03,8.702465820312500000e+02,9.412228465080261230e-01,1.063946289062500000e+03,8.702465820312500000e+02,9.363842606544494629e-01,1.051126098632812500e+03,9.514406127929687500e+02,8.188257217407226562e-01,1.128046875000000000e+03,9.300737304687500000e+02,8.569803237915039062e-01,1.068219604492187500e+03,5.582905273437500000e+02,8.885403275489807129e-01,1.068219604492187500e+03,6.181177368164062500e+02,9.399055242538452148e-01,1.068219604492187500e+03,7.719590454101562500e+02,9.627148509025573730e-01,1.021212585449218750e+03,9.728074340820312500e+02,6.746430397033691406e-01,1.149413696289062500e+03,9.428938598632812500e+02,6.416052579879760742e-01,1.025485961914062500e+03,9.770808105468750000e+02,6.547041535377502441e-01,1.153687011718750000e+03,9.428938598632812500e+02,7.182245254516601562e-01,1.059672851562500000e+03,9.685340576171875000e+02,7.260047197341918945e-01,1.145140258789062500e+03,9.300737304687500000e+02,8.106836676597595215e-01,9.691147174954794536e+02,5.453273340325920344e+02,2.036161569647756551e+02,4.307244984407370794e+02,0.000000000000000000e+00,0.000000000000000000e+00,1.000000000000000000e+00
1.897800000000000000e+04,8.800000000000000000e+01,2.657000000000000000e+03,1.550000000000000000e+02,1.024819824218750000e+03,5.889935913085937500e+02,9.322991967201232910e-01,1.033083740234375000e+03,5.848616943359375000e+02,9.336862564086914062e-01,1.028951782226562500e+03,5.807297363281250000e+02,9.465130567550659180e-01,1.053743408203125000e+03,5.889935913085937500e+02,8.987640142440795898e-01,1.057875366210937500e+03,5.889935913085937500e+02,6.534343957901000977e-01,1.053743408203125000e+03,6.427088012695312500e+02,8.888855576515197754e-01,1.066139282226562500e+03,6.344449462890625000e+02,7.395881414413452148e-01,1.041347656250000000e+03,7.253475341796875000e+02,8.562828302383422852e-01,1.053743408203125000e+03,7.129517211914062500e+02,7.429678440093994141e-01,1.000028259277343750e+03,7.707988281250000000e+02,9.568861126899719238e-01,1.016556030273437500e+03,7.707988281250000000e+02,7.286062836647033691e-01,1.053743408203125000e+03,7.749307861328125000e+02,8.729795217514038086e-01,1.053743408203125000e+03,7.707988281250000000e+02,8.291037082672119141e-01,1.037215698242187500e+03,8.617014770507812500e+02,8.452225923538208008e-01,1.045479614257812500e+03,8.617014770507812500e+02,8.618469834327697754e-01,1.049611450195312500e+03,9.526041259765625000e+02,7.396625876426696777e-01,1.099194702148437500e+03,9.319444580078125000e+02,8.215842247009277344e-01,1.049611450195312500e+03,5.559381103515625000e+02,8.650107383728027344e-01,1.057875366210937500e+03,6.137852172851562500e+02,8.672218918800354004e-01,1.057875366210937500e+03,7.707988281250000000e+02,9.384509325027465820e-01,1.028951782226562500e+03,9.773957519531250000e+02,7.225382328033447266e-01,1.103326660156250000e+03,9.608679809570312500e+02,4.795027673244476318e-01,1.037215698242187500e+03,9.773957519531250000e+02,6.849719285964965820e-01,1.107458618164062500e+03,9.567360839843750000e+02,5.134416818618774414e-01,1.062007324218750000e+03,9.649999389648437500e+02,6.491711735725402832e-01,1.115722534179687500e+03,9.402083129882812500e+02,7.823519110679626465e-01,9.518108555829148827e+02,5.500236553806588518e+02,1.978453861328302992e+02,4.264263847647788452e+02,0.000000000000000000e+00,0.000000000000000000e+00,1.000000000000000000e+00
1.897900000000000000e+04,8.800000000000000000e+01,2.657000000000000000e+03,1.560000000000000000e+02,1.009616088867187500e+03,5.898075561523437500e+02,9.199684262275695801e-01,1.021565734863281250e+03,5.818411254882812500e+02,9.383601546287536621e-01,1.009616088867187500e+03,5.778578491210937500e+02,9.181181788444519043e-01,1.041481933593750000e+03,5.858243408203125000e+02,8.982653021812438965e-01,1.045465209960937500e+03,5.858243408203125000e+02,6.706406474113464355e-01,1.029532226562500000e+03,6.415895996093750000e+02,8.508251309394836426e-01,1.065381347656250000e+03,6.336231079101562500e+02,8.989634513854980469e-01,1.025548950195312500e+03,7.252374877929687500e+02,8.635433912277221680e-01,1.057414916992187500e+03,7.093045654296875000e+02,8.390551805496215820e-01,9.976663818359375000e+02,7.849859619140625000e+02,9.527174234390258789e-01,1.033515502929687500e+03,7.730363159179687500e+02,6.347536444664001465e-01,1.037498657226562500e+03,7.849859619140625000e+02,8.480313420295715332e-01,1.053431640625000000e+03,7.810027465820312500e+02,7.645471692085266113e-01,9.817334594726562500e+02,8.965165405273437500e+02,3.301679193973541260e-01,1.029532226562500000e+03,8.646506347656250000e+02,5.713232159614562988e-01,1.053431640625000000e+03,9.323656005859375000e+02,6.489517688751220703e-01,1.053431640625000000e+03,9.323656005859375000e+02,6.283344030380249023e-01,1.037498657226562500e+03,5.539584350585937500e+02,9.852949976921081543e-01,1.041481933593750000e+03,6.097237548828125000e+02,8.672682642936706543e-01,1.049448364257812500e+03,7.810027465820312500e+02,8.894872665405273438e-01,1.033515502929687500e+03,9.482985229492187500e+02,4.966248869895935059e-01,1.025548950195312500e+03,9.562650146484375000e+02,4.817501902580261230e-01,1.037498657226562500e+03,9.522817993164062500e+02,4.755869507789611816e-01,1.029532226562500000e+03,9.482985229492187500e+02,4.486477971076965332e-01,1.073347778320312500e+03,9.363488159179687500e+02,6.599911451339721680e-01,1.077331054687500000e+03,9.443153076171875000e+02,6.561163067817687988e-01,9.416087856890394505e+02,5.532856740834643006e+02,1.880464514635932574e+02,4.146205737731656882e+02,0.000000000000000000e+00,0.000000000000000000e+00,1.000000000000000000e+00
1.898000000000000000e+04,8.800000000000000000e+01,2.647000000000000000e+03,1.570000000000000000e+02,9.923831787109375000e+02,5.878962402343750000e+02,9.204092025756835938e-01,1.004612915039062500e+03,5.797431030273437500e+02,9.400255680084228516e-01,9.964597778320312500e+02,5.797431030273437500e+02,9.458769559860229492e-01,1.024995849609375000e+03,5.838196411132812500e+02,9.191067814826965332e-01,1.029072387695312500e+03,5.838196411132812500e+02,6.151295304298400879e-01,1.016842651367187500e+03,6.408917236328125000e+02,8.670175075531005859e-01,1.049455322265625000e+03,6.286619873046875000e+02,8.298108577728271484e-01,1.012766052246093750e+03,7.224232788085937500e+02,8.258073329925537109e-01,1.037225585937500000e+03,7.061170043945312500e+02,5.969772338867187500e-01,1.000536315917968750e+03,7.876485595703125000e+02,9.406399130821228027e-01,1.008689514160156250e+03,7.754188232421875000e+02,5.719895958900451660e-01,1.029072387695312500e+03,7.835719604492187500e+02,9.031287431716918945e-01,1.033148925781250000e+03,7.794953613281250000e+02,7.397407889366149902e-01,1.020919250488281250e+03,8.691800537109375000e+02,5.655867457389831543e-01,1.024995849609375000e+03,8.691800537109375000e+02,6.484886407852172852e-01,1.041302124023437500e+03,9.507116088867187500e+02,7.036272883415222168e-01,1.041302124023437500e+03,9.507116088867187500e+02,6.453800797462463379e-01,1.016842651367187500e+03,5.512070312500000000e+02,8.571817278861999512e-01,1.024995849609375000e+03,6.082791137695312500e+02,8.832247257232666016e-01,1.033148925781250000e+03,7.794953613281250000e+02,8.946469426155090332e-01,1.000536315917968750e+03,9.670179443359375000e+02,6.443101167678833008e-01,9.964597778320312500e+02,9.751710815429687500e+02,5.812094211578369141e-01,1.004612915039062500e+03,9.670179443359375000e+02,6.684593558311462402e-01,1.000536315917968750e+03,9.670179443359375000e+02,5.873876214027404785e-01,1.053531860351562500e+03,9.588648071289062500e+02,6.658499836921691895e-01,1.061685058593750000e+03,9.629413452148437500e+02,6.885215640068054199e-01,9.297672271536297330e+02,5.554415108861676345e+02,1.849055724163873720e+02,4.164532597287834506e+02,0.000000000000000000e+00,0.000000000000000000e+00,1.000000000000000000e+00
1.898100000000000000e+04,8.800000000000000000e+01,2.647000000000000000e+03,1.580000000000000000e+02,9.811981201171875000e+02,5.896298828125000000e+02,9.510251283645629883e-01,9.891427001953125000e+02,5.816853027343750000e+02,9.305260181427001953e-01,9.811981201171875000e+02,5.816853027343750000e+02,9.113406538963317871e-01,1.009004150390625000e+03,5.856575927734375000e+02,8.713822364807128906e-01,9.970872802734375000e+02,5.856575927734375000e+02,5.300114154815673828e-01,1.016948730468750000e+03,6.372973022460937500e+02,8.175933361053466797e-01,1.005031860351562500e+03,6.293527221679687500e+02,7.860825657844543457e-01,1.016948730468750000e+03,7.207153320312500000e+02,7.423479557037353516e-01,1.009004150390625000e+03,7.167430419921875000e+02,8.223998546600341797e-01,1.005031860351562500e+03,7.961887207031250000e+02,9.080793857574462891e-01,9.811981201171875000e+02,7.802996215820312500e+02,7.991060614585876465e-01,1.024893310546875000e+03,7.882442016601562500e+02,8.301841616630554199e-01,1.016948730468750000e+03,7.842719116210937500e+02,7.407465577125549316e-01,9.772258300781250000e+02,8.756344604492187500e+02,7.274718284606933594e-01,1.028865600585937500e+03,8.756344604492187500e+02,7.899773716926574707e-01,9.891427001953125000e+02,9.630247802734375000e+02,7.063268423080444336e-01,1.048727050781250000e+03,9.590524902343750000e+02,7.410729527473449707e-01,1.001059570312500000e+03,5.538792724609375000e+02,8.714793324470520020e-01,1.009004150390625000e+03,6.094912719726562500e+02,8.592191934585571289e-01,1.020921020507812500e+03,7.802996215820312500e+02,8.690908551216125488e-01,9.494198608398437500e+02,9.630247802734375000e+02,6.636231541633605957e-01,1.020921020507812500e+03,9.709693603515625000e+02,3.865433037281036377e-01,9.573644409179687500e+02,9.669970703125000000e+02,6.773960590362548828e-01,1.024893310546875000e+03,9.630247802734375000e+02,4.793854653835296631e-01,1.001059570312500000e+03,9.709693603515625000e+02,5.362156033515930176e-01,1.060643920898437500e+03,9.669970703125000000e+02,7.024284005165100098e-01,9.150130984087389834e+02,5.552857950989800884e+02,1.790849338083731936e+02,4.100749513335524625e+02,0.000000000000000000e+00,0.000000000000000000e+00,1.000000000000000000e+00
1.898200000000000000e+04,8.800000000000000000e+01,2.647000000000000000e+03,1.590000000000000000e+02,9.669252319335937500e+02,5.893748168945312500e+02,9.364045262336730957e-01,9.785968627929687500e+02,5.815936889648437500e+02,9.400699734687805176e-01,9.708157348632812500e+02,5.777031250000000000e+02,9.509658217430114746e-01,9.980496215820312500e+02,5.893748168945312500e+02,9.024827480316162109e-01,1.001940185546875000e+03,5.893748168945312500e+02,6.148803830146789551e-01,9.980496215820312500e+02,6.399520263671875000e+02,8.435985445976257324e-01,1.009721313476562500e+03,6.321708984375000000e+02,5.743482112884521484e-01,1.001940185546875000e+03,7.255442504882812500e+02,6.963245272636413574e-01,1.005830749511718750e+03,7.177631225585937500e+02,5.914584398269653320e-01,1.001940185546875000e+03,7.994647827148437500e+02,7.306643128395080566e-01,9.669252319335937500e+02,7.761214599609375000e+02,6.830779910087585449e-01,9.941591186523437500e+02,7.839025878906250000e+02,8.213189840316772461e-01,1.009721313476562500e+03,7.800120239257812500e+02,6.206906437873840332e-01,9.552535400390625000e+02,8.656041870117187500e+02,8.097969889640808105e-01,1.025283569335937500e+03,8.694947509765625000e+02,8.305227756500244141e-01,9.513629760742187500e+02,9.473058471679687500e+02,8.550652265548706055e-01,1.044736328125000000e+03,9.473058471679687500e+02,7.733925580978393555e-01,9.941591186523437500e+02,5.543598022460937500e+02,9.385684132575988770e-01,9.941591186523437500e+02,6.088275756835937500e+02,8.953164815902709961e-01,1.001940185546875000e+03,7.761214599609375000e+02,8.553982973098754883e-01,9.280196533203125000e+02,9.511964111328125000e+02,5.347735285758972168e-01,1.033064697265625000e+03,9.511964111328125000e+02,6.741361021995544434e-01,9.280196533203125000e+02,9.550869750976562500e+02,5.988376140594482422e-01,1.040845703125000000e+03,9.511964111328125000e+02,5.966705679893493652e-01,9.552535400390625000e+02,9.589775390625000000e+02,7.897978425025939941e-01,1.048626831054687500e+03,9.550869750976562500e+02,7.039936184883117676e-01,9.072772790866334844e+02,5.581066849081802275e+02,1.732363770401526608e+02,4.020896443889623697e+02,0.000000000000000000e+00,0.000000000000000000e+00,1.000000000000000000e+00
1.898300000000000000e+04,8.800000000000000000e+01,2.647000000000000000e+03,1.600000000000000000e+02,9.523649902343750000e+02,5.942310791015625000e+02,8.923261165618896484e-01,9.601970214843750000e+02,5.863990478515625000e+02,9.056248068809509277e-01,9.523649902343750000e+02,5.863990478515625000e+02,9.367058277130126953e-01,9.836932373046875000e+02,5.903150634765625000e+02,8.896806240081787109e-01,9.797772216796875000e+02,5.942310791015625000e+02,6.386395096778869629e-01,9.797772216796875000e+02,6.412235107421875000e+02,8.031554222106933594e-01,1.007189392089843750e+03,6.294754028320312500e+02,6.705573797225952148e-01,9.719451293945312500e+02,7.195441284179687500e+02,7.909201979637145996e-01,9.954413452148437500e+02,7.156281127929687500e+02,5.747746825218200684e-01,9.562810058593750000e+02,7.861166992187500000e+02,3.344416320323944092e-01,9.680291137695312500e+02,7.665364990234375000e+02,3.514508008956909180e-01,9.797772216796875000e+02,7.782846069335937500e+02,8.374623060226440430e-01,9.993573608398437500e+02,7.782846069335937500e+02,7.511723637580871582e-01,9.406168823242187500e+02,8.605213012695312500e+02,8.930940032005310059e-01,1.018937500000000000e+03,8.683533325195312500e+02,8.746222257614135742e-01,9.210367431640625000e+02,9.427579956054687500e+02,9.301963448524475098e-01,1.046349731445312500e+03,9.427579956054687500e+02,8.393521904945373535e-01,9.719451293945312500e+02,5.589868164062500000e+02,9.307522177696228027e-01,9.797772216796875000e+02,6.098952636718750000e+02,8.634685277938842773e-01,9.876092529296875000e+02,7.743685913085937500e+02,8.939139842987060547e-01,9.014565429687500000e+02,9.466740112304687500e+02,6.823547482490539551e-01,1.030685668945312500e+03,9.505900268554687500e+02,7.099690437316894531e-01,9.053725585937500000e+02,9.505900268554687500e+02,7.669734954833984375e-01,1.038517700195312500e+03,9.505900268554687500e+02,6.443874835968017578e-01,9.249527587890625000e+02,9.505900268554687500e+02,7.755165696144104004e-01,1.054181762695312500e+03,9.545060424804687500e+02,7.570904493331909180e-01,8.978873960179283813e+02,5.596487691183747302e+02,1.713384483269356906e+02,4.008754822424568829e+02,0.000000000000000000e+00,0.000000000000000000e+00,1.000000000000000000e+00
1.898400000000000000e+04,8.800000000000000000e+01,2.651000000000000000e+03,1.610000000000000000e+02,9.376818237304687500e+02,5.940745849609375000e+02,9.304279088973999023e-01,9.495659790039062500e+02,5.861517944335937500e+02,9.377511739730834961e-01,9.416431884765625000e+02,5.861517944335937500e+02,9.629216194152832031e-01,9.693729858398437500e+02,5.940745849609375000e+02,9.489708542823791504e-01,9.654116210937500000e+02,5.940745849609375000e+02,7.061005830764770508e-01,9.693729858398437500e+02,6.416113891601562500e+02,8.501520156860351562e-01,9.654116210937500000e+02,6.336885986328125000e+02,6.723454594612121582e-01,9.654116210937500000e+02,7.208393554687500000e+02,6.109263896942138672e-01,9.654116210937500000e+02,7.168779907226562500e+02,6.899908185005187988e-01,1.012948364257812500e+03,8.040287475585937500e+02,5.987551212310791016e-01,9.416431884765625000e+02,7.842217407226562500e+02,6.470546126365661621e-01,9.654116210937500000e+02,7.842217407226562500e+02,8.600695133209228516e-01,9.772957763671875000e+02,7.842217407226562500e+02,8.402843475341796875e-01,9.257976074218750000e+02,8.674111328125000000e+02,9.014054536819458008e-01,1.008986999511718750e+03,8.713725585937500000e+02,8.223849534988403320e-01,8.901450195312500000e+02,9.506005249023437500e+02,8.497210144996643066e-01,1.044639526367187500e+03,9.466390991210937500e+02,8.496600389480590820e-01,9.614501953125000000e+02,5.623834228515625000e+02,9.508135914802551270e-01,9.654116210937500000e+02,6.178430175781250000e+02,9.111204147338867188e-01,9.733344116210937500e+02,7.802603759765625000e+02,8.991011381149291992e-01,8.624152221679687500e+02,9.545618896484375000e+02,7.890016436576843262e-01,1.024832641601562500e+03,9.585233154296875000e+02,6.104382276535034180e-01,8.663766479492187500e+02,9.585233154296875000e+02,7.490860223770141602e-01,1.032755371093750000e+03,9.545618896484375000e+02,5.527961850166320801e-01,8.941064453125000000e+02,9.585233154296875000e+02,7.208597064018249512e-01,1.052562377929687500e+03,9.545618896484375000e+02,7.852268815040588379e-01,8.834763768283021363e+02,5.571988857623880449e+02,1.745054421729580554e+02,4.035677218046508870e+02,0.000000000000000000e+00,0.000000000000000000e+00,1.000000000000000000e+00
1.898500000000000000e+04,8.800000000000000000e+01,2.657000000000000000e+03,1.620000000000000000e+02,9.222046508789062500e+02,5.988225708007812500e+02,9.453139901161193848e-01,9.342788696289062500e+02,5.907730712890625000e+02,9.591748714447021484e-01,9.262293701171875000e+02,5.907730712890625000e+02,9.561541080474853516e-01,9.584273681640625000e+02,5.988225708007812500e+02,9.189714193344116211e-01,9.584273681640625000e+02,5.947978515625000000e+02,6.659129858016967773e-01,9.503778686523437500e+02,6.430948486328125000e+02,8.413760662078857422e-01,9.624521484375000000e+02,6.390700683593750000e+02,6.439296603202819824e-01,9.624521484375000000e+02,7.235898437500000000e+02,5.132746100425720215e-01,9.664768676757812500e+02,7.195650634765625000e+02,6.372407674789428711e-01,1.002699645996093750e+03,7.960353393554687500e+02,3.535085022449493408e-01,9.302541503906250000e+02,7.799363403320312500e+02,5.356301665306091309e-01,9.503778686523437500e+02,7.799363403320312500e+02,8.250418305397033691e-01,9.664768676757812500e+02,7.799363403320312500e+02,8.367434740066528320e-01,9.101303710937500000e+02,8.604313354492187500e+02,8.753103613853454590e-01,9.946501464843750000e+02,8.644560546875000000e+02,8.293628096580505371e-01,8.779323730468750000e+02,9.449510498046875000e+02,9.220943450927734375e-01,1.038922363281250000e+03,9.409263305664062500e+02,9.193869233131408691e-01,9.503778686523437500e+02,5.625998535156250000e+02,8.934158086776733398e-01,9.503778686523437500e+02,6.189463500976562500e+02,8.840392827987670898e-01,9.584273681640625000e+02,7.759115600585937500e+02,9.240243434906005859e-01,8.537838745117187500e+02,9.489758300781250000e+02,8.092270493507385254e-01,1.022823364257812500e+03,9.489758300781250000e+02,6.883801221847534180e-01,8.578086547851562500e+02,9.570253295898437500e+02,8.852593898773193359e-01,1.030872924804687500e+03,9.489758300781250000e+02,6.887834668159484863e-01,8.819571533203125000e+02,9.489758300781250000e+02,7.089795470237731934e-01,1.046971923828125000e+03,9.449510498046875000e+02,8.412178158760070801e-01,8.745755748834343422e+02,5.563369270649975533e+02,1.799298143551874318e+02,4.089146513157925256e+02,0.000000000000000000e+00,0.000000000000000000e+00,1.000000000000000000e+00
1.898600000000000000e+04,8.800000000000000000e+01,2.651000000000000000e+03,1.630000000000000000e+02,9.089620971679687500e+02,5.979246215820312500e+02,9.308896660804748535e-01,9.170255737304687500e+02,5.938928222656250000e+02,9.511687755584716797e-01,9.089620971679687500e+02,5.898610839843750000e+02,9.378052949905395508e-01,9.412161865234375000e+02,6.019563598632812500e+02,9.199544787406921387e-01,9.412161865234375000e+02,5.979246215820312500e+02,7.011951804161071777e-01,9.452479248046875000e+02,6.503375244140625000e+02,8.133383989334106445e-01,9.291208496093750000e+02,6.422739868164062500e+02,7.346794605255126953e-01,9.775020141601562500e+02,7.309727172851562500e+02,7.560133934020996094e-01,9.654067382812500000e+02,7.229091796875000000e+02,4.258393645286560059e-01,1.005724365234375000e+03,8.035444335937500000e+02,7.607471942901611328e-01,9.210573730468750000e+02,7.793538818359375000e+02,2.031950056552886963e-01,9.371843872070312500e+02,7.874173583984375000e+02,7.933618426322937012e-01,9.452479248046875000e+02,7.874173583984375000e+02,6.988796591758728027e-01,8.928350219726562500e+02,8.680526123046875000e+02,7.833028435707092285e-01,9.815337524414062500e+02,8.720843505859375000e+02,8.049535155296325684e-01,8.646126708984375000e+02,9.486878051757812500e+02,8.641741275787353516e-01,1.037978393554687500e+03,9.446560668945312500e+02,8.749412298202514648e-01,9.371843872070312500e+02,5.616387329101562500e+02,9.098936915397644043e-01,9.371843872070312500e+02,6.221151733398437500e+02,9.247896075248718262e-01,9.412161865234375000e+02,7.833856201171875000e+02,8.385983705520629883e-01,8.525173950195312500e+02,9.486878051757812500e+02,6.320069432258605957e-01,1.017819641113281250e+03,9.567513427734375000e+02,6.172646880149841309e-01,8.484856567382812500e+02,9.527196044921875000e+02,7.237005233764648438e-01,1.021851379394531250e+03,9.527196044921875000e+02,6.172863245010375977e-01,8.646126708984375000e+02,9.567513427734375000e+02,7.712019085884094238e-01,1.046041992187500000e+03,9.486878051757812500e+02,8.586339354515075684e-01,8.700659069108369295e+02,5.553627107495087785e+02,1.838558712749461392e+02,4.114279868073406305e+02,0.000000000000000000e+00,0.000000000000000000e+00,1.000000000000000000e+00
1.898700000000000000e+04,8.800000000000000000e+01,2.651000000000000000e+03,1.640000000000000000e+02,8.936787109375000000e+02,5.980964965820312500e+02,9.598065614700317383e-01,9.016686401367187500e+02,5.901065673828125000e+02,9.608463048934936523e-01,8.936787109375000000e+02,5.901065673828125000e+02,9.628779888153076172e-01,9.256383666992187500e+02,6.020914916992187500e+02,9.787481427192687988e-01,9.256383666992187500e+02,6.020914916992187500e+02,7.323164343833923340e-01,9.256383666992187500e+02,6.500309448242187500e+02,8.558941483497619629e-01,9.216434326171875000e+02,6.420410156250000000e+02,7.403721213340759277e-01,9.655878906250000000e+02,7.339249877929687500e+02,7.434217333793640137e-01,9.456131591796875000e+02,7.219401245117187500e+02,4.281088113784790039e-01,9.975475463867187500e+02,7.978442993164062500e+02,8.394412398338317871e-01,9.096585083007812500e+02,7.818644409179687500e+02,2.642121613025665283e-01,9.216434326171875000e+02,7.858594360351562500e+02,7.429965734481811523e-01,9.296333007812500000e+02,7.858594360351562500e+02,6.371903419494628906e-01,8.776989135742187500e+02,8.737484741210937500e+02,7.561630606651306152e-01,9.655878906250000000e+02,8.777434082031250000e+02,7.689017653465270996e-01,8.577241210937500000e+02,9.536475830078125000e+02,8.283431529998779297e-01,1.029507202148437500e+03,9.416627197265625000e+02,8.586606383323669434e-01,9.176484375000000000e+02,5.661368408203125000e+02,9.362025260925292969e-01,9.216434326171875000e+02,6.220662231445312500e+02,9.447025060653686523e-01,9.256383666992187500e+02,7.818644409179687500e+02,8.524965643882751465e-01,8.337543945312500000e+02,9.496525878906250000e+02,5.907866954803466797e-01,1.021517272949218750e+03,9.616374511718750000e+02,5.692461133003234863e-01,8.337543945312500000e+02,9.536475830078125000e+02,6.874177455902099609e-01,1.025512207031250000e+03,9.576425170898437500e+02,4.937033355236053467e-01,8.577241210937500000e+02,9.616374511718750000e+02,7.153673171997070312e-01,1.037497070312500000e+03,9.456576538085937500e+02,7.729733586311340332e-01,8.539629014448216822e+02,5.553608965916612306e+02,1.837409369740321381e+02,4.099051423370624434e+02,0.000000000000000000e+00,0.000000000000000000e+00,1.000000000000000000e+00
1.898800000000000000e+04,8.800000000000000000e+01,2.658000000000000000e+03,1.650000000000000000e+02,8.766874389648437500e+02,5.985935058593750000e+02,9.488066434860229492e-01,8.848859252929687500e+02,5.944942626953125000e+02,9.381449222564697266e-01,8.807866821289062500e+02,5.903950195312500000e+02,9.070008993148803711e-01,9.094814453125000000e+02,5.985935058593750000e+02,9.121525883674621582e-01,9.094814453125000000e+02,5.985935058593750000e+02,7.219119668006896973e-01,9.135806884765625000e+02,6.518837890625000000e+02,7.972540855407714844e-01,8.930844726562500000e+02,6.436852416992187500e+02,7.729562520980834961e-01,9.545731811523437500e+02,7.297695312500000000e+02,8.240640163421630859e-01,8.930844726562500000e+02,7.256702880859375000e+02,3.266965448856353760e-01,9.832679443359375000e+02,7.953575439453125000e+02,8.823353052139282227e-01,8.848859252929687500e+02,7.912583007812500000e+02,2.801159322261810303e-01,9.053822021484375000e+02,7.912583007812500000e+02,7.289715409278869629e-01,9.012829589843750000e+02,7.871590576171875000e+02,6.388587355613708496e-01,8.643897094726562500e+02,8.773425292968750000e+02,6.528927683830261230e-01,9.422754516601562500e+02,8.773425292968750000e+02,8.074588179588317871e-01,8.438934326171875000e+02,9.552283325195312500e+02,7.342430353164672852e-01,1.016061950683593750e+03,9.388312988281250000e+02,8.987765312194824219e-01,9.053822021484375000e+02,5.657994995117187500e+02,8.745503425598144531e-01,9.053822021484375000e+02,6.231890258789062500e+02,8.930812478065490723e-01,9.053822021484375000e+02,7.871590576171875000e+02,8.085768222808837891e-01,8.274964599609375000e+02,9.511290893554687500e+02,4.283167123794555664e-01,1.016061950683593750e+03,9.593275756835937500e+02,4.999746382236480713e-01,8.274964599609375000e+02,9.511290893554687500e+02,5.122721791267395020e-01,1.020161193847656250e+03,9.552283325195312500e+02,4.999724924564361572e-01,8.438934326171875000e+02,9.634268188476562500e+02,5.627608299255371094e-01,1.028359741210937500e+03,9.429305419921875000e+02,7.543036937713623047e-01,8.441702039891584946e+02,5.549500568422249671e+02,1.875514216403283854e+02,4.163887927579105508e+02,0.000000000000000000e+00,0.000000000000000000e+00,1.000000000000000000e+00
1.898900000000000000e+04,8.800000000000000000e+01,2.658000000000000000e+03,1.660000000000000000e+02,8.610616455078125000e+02,5.992344970703125000e+02,9.379483461380004883e-01,8.689127197265625000e+02,5.913834228515625000e+02,9.320759773254394531e-01,8.649871826171875000e+02,5.913834228515625000e+02,9.299976229667663574e-01,8.924659423828125000e+02,5.953089599609375000e+02,9.427677392959594727e-01,8.924659423828125000e+02,5.913834228515625000e+02,7.573542594909667969e-01,8.885404052734375000e+02,6.502664794921875000e+02,8.590698242187500000e-01,8.924659423828125000e+02,6.424154052734375000e+02,6.842287182807922363e-01,9.317213134765625000e+02,7.287772216796875000e+02,7.431870698928833008e-01,9.199447021484375000e+02,7.248516845703125000e+02,2.898842096328735352e-01,9.670511474609375000e+02,7.994368896484375000e+02,8.904253244400024414e-01,9.670511474609375000e+02,7.837347412109375000e+02,4.731767997145652771e-02,8.767637939453125000e+02,7.915858154296875000e+02,7.723979353904724121e-01,8.963914794921875000e+02,7.915858154296875000e+02,7.186704277992248535e-01,8.532105712890625000e+02,8.818731689453125000e+02,7.463303208351135254e-01,9.199447021484375000e+02,8.857987060546875000e+02,7.958108782768249512e-01,8.453594970703125000e+02,9.564583740234375000e+02,6.861779093742370605e-01,9.984554443359375000e+02,9.329051513671875000e+02,8.475455641746520996e-01,8.846148681640625000e+02,5.639046630859375000e+02,9.411204457283020020e-01,8.885404052734375000e+02,6.227877197265625000e+02,9.246318340301513672e-01,8.846148681640625000e+02,7.876602783203125000e+02,8.577995300292968750e-01,1.022008666992187500e+03,9.525328369140625000e+02,2.214535623788833618e-01,1.022008666992187500e+03,9.368306884765625000e+02,6.163489222526550293e-01,8.257318115234375000e+02,9.564583740234375000e+02,3.904957771301269531e-01,1.010232055664062500e+03,9.446817626953125000e+02,6.354441642761230469e-01,8.453594970703125000e+02,9.643094482421875000e+02,5.686753988265991211e-01,1.002380981445312500e+03,9.368306884765625000e+02,7.381703257560729980e-01,8.357848940711679688e+02,5.641715317205560041e+02,1.854319144667340424e+02,4.071347810986593458e+02,0.000000000000000000e+00,0.000000000000000000e+00,1.000000000000000000e+00
1.899000000000000000e+04,8.800000000000000000e+01,2.658000000000000000e+03,1.670000000000000000e+02,8.467938232421875000e+02,5.980981445312500000e+02,9.457657337188720703e-01,8.544456176757812500e+02,5.904463500976562500e+02,9.176819920539855957e-01,8.467938232421875000e+02,5.866204223632812500e+02,9.264955520629882812e-01,8.774010620117187500e+02,5.942722167968750000e+02,9.065302014350891113e-01,8.774010620117187500e+02,5.942722167968750000e+02,6.895206570625305176e-01,8.735751953125000000e+02,6.478348999023437500e+02,8.549040555953979492e-01,8.812269897460937500e+02,6.363572387695312500e+02,6.862351298332214355e-01,9.041824340820312500e+02,7.243530273437500000e+02,7.164551019668579102e-01,8.927047119140625000e+02,7.167012329101562500e+02,5.297336578369140625e-01,9.424414672851562500e+02,7.970452880859375000e+02,8.032875061035156250e-01,8.506197509765625000e+02,7.855675659179687500e+02,2.587637007236480713e-01,8.697492675781250000e+02,7.855675659179687500e+02,8.310073614120483398e-01,8.697492675781250000e+02,7.855675659179687500e+02,7.275052666664123535e-01,8.391420288085937500e+02,8.735634155273437500e+02,7.551789879798889160e-01,9.003565063476562500e+02,8.773892822265625000e+02,7.534767389297485352e-01,8.391420288085937500e+02,9.615592041015625000e+02,6.998628973960876465e-01,9.730487060546875000e+02,9.309519653320312500e+02,8.476037383079528809e-01,8.735751953125000000e+02,5.598391113281250000e+02,9.621939063072204590e-01,8.735751953125000000e+02,6.210535888671875000e+02,8.521624803543090820e-01,8.697492675781250000e+02,7.817416381835937500e+02,8.908088207244873047e-01,8.161865844726562500e+02,9.653851318359375000e+02,4.255957603454589844e-01,9.807005615234375000e+02,9.577333374023437500e+02,3.756026327610015869e-01,8.161865844726562500e+02,9.653851318359375000e+02,5.009093284606933594e-01,9.807005615234375000e+02,9.539074096679687500e+02,4.217037856578826904e-01,8.429678955078125000e+02,9.692110595703125000e+02,5.333318114280700684e-01,9.845264282226562500e+02,9.309519653320312500e+02,5.391604304313659668e-01,8.167060946624052349e+02,5.649230366272594210e+02,1.809299744192937851e+02,3.967647833434535869e+02,0.000000000000000000e+00,0.000000000000000000e+00,1.000000000000000000e+00
1.899100000000000000e+04,8.800000000000000000e+01,2.668000000000000000e+03,1.680000000000000000e+02,8.294002075195312500e+02,5.954932861328125000e+02,9.662426710128784180e-01,8.411527099609375000e+02,5.876583251953125000e+02,9.430373907089233398e-01,8.333176879882812500e+02,5.837408447265625000e+02,9.308527708053588867e-01,8.646576538085937500e+02,5.915758056640625000e+02,8.860465884208679199e-01,8.607401733398437500e+02,5.915758056640625000e+02,6.112390756607055664e-01,8.607401733398437500e+02,6.425032348632812500e+02,8.499956727027893066e-01,8.568226318359375000e+02,6.346682128906250000e+02,6.828638911247253418e-01,8.842451171875000000e+02,7.208530883789062500e+02,7.045640945434570312e-01,8.842451171875000000e+02,7.208530883789062500e+02,6.303534507751464844e-01,9.195025634765625000e+02,8.031204223632812500e+02,7.960696816444396973e-01,9.195025634765625000e+02,7.952854614257812500e+02,3.472650349140167236e-01,8.607401733398437500e+02,7.874505004882812500e+02,8.024365901947021484e-01,8.568226318359375000e+02,7.835329589843750000e+02,7.169702053070068359e-01,8.411527099609375000e+02,8.736353149414062500e+02,6.952462792396545410e-01,8.489876708984375000e+02,8.697178344726562500e+02,3.729225397109985352e-01,8.411527099609375000e+02,9.598201904296875000e+02,6.769340038299560547e-01,9.430075073242187500e+02,9.323977050781250000e+02,7.570605874061584473e-01,8.568226318359375000e+02,5.563183593750000000e+02,8.916964530944824219e-01,8.607401733398437500e+02,6.150807495117187500e+02,8.678651452064514160e-01,8.607401733398437500e+02,7.835329589843750000e+02,8.497629761695861816e-01,8.137302246093750000e+02,9.676551513671875000e+02,4.865667223930358887e-01,9.547600097656250000e+02,9.519851684570312500e+02,5.176562666893005371e-01,8.176477050781250000e+02,9.715726318359375000e+02,4.767672121524810791e-01,9.586774902343750000e+02,9.441502075195312500e+02,5.703096985816955566e-01,8.450701904296875000e+02,9.676551513671875000e+02,4.712727665901184082e-01,9.625949707031250000e+02,9.284802246093750000e+02,6.999633908271789551e-01,7.977229194836672832e+02,5.602664732823051281e+02,1.824579892266040133e+02,3.991870527860140783e+02,0.000000000000000000e+00,0.000000000000000000e+00,1.000000000000000000e+00
1.899200000000000000e+04,8.800000000000000000e+01,2.659000000000000000e+03,1.690000000000000000e+02,8.143021240234375000e+02,5.923583984375000000e+02,9.600393176078796387e-01,8.259239501953125000e+02,5.846105346679687500e+02,9.651873111724853516e-01,8.181760864257812500e+02,5.807365722656250000e+02,9.526919126510620117e-01,8.452936401367187500e+02,5.884844360351562500e+02,9.391894936561584473e-01,8.491676025390625000e+02,5.884844360351562500e+02,7.185493111610412598e-01,8.491676025390625000e+02,6.388456420898437500e+02,7.934445738792419434e-01,8.452936401367187500e+02,6.310977783203125000e+02,7.283576726913452148e-01,8.646633300781250000e+02,7.240723266601562500e+02,7.405703663825988770e-01,8.491676025390625000e+02,7.124505004882812500e+02,5.652442574501037598e-01,8.917808837890625000e+02,8.054250488281250000e+02,8.011920452117919922e-01,8.879069824218750000e+02,7.976771850585937500e+02,2.214938104152679443e-01,8.491676025390625000e+02,7.783074951171875000e+02,8.358317613601684570e-01,8.375457763671875000e+02,7.783074951171875000e+02,7.996522784233093262e-01,8.336718139648437500e+02,8.751559448242187500e+02,8.111024498939514160e-01,8.336718139648437500e+02,8.712820434570312500e+02,7.232333421707153320e-01,9.111506347656250000e+02,9.332650756835937500e+02,4.993827641010284424e-01,9.111506347656250000e+02,9.293911132812500000e+02,4.282432496547698975e-01,8.414196777343750000e+02,5.574929199218750000e+02,9.239766001701354980e-01,8.452936401367187500e+02,6.117280883789062500e+02,8.844207525253295898e-01,8.452936401367187500e+02,7.744335327148437500e+02,8.733069896697998047e-01,9.111506347656250000e+02,9.487608032226562500e+02,6.961206197738647461e-01,8.104281616210937500e+02,9.720044555664062500e+02,5.328570604324340820e-01,9.227723999023437500e+02,9.410129394531250000e+02,6.675728559494018555e-01,8.104281616210937500e+02,9.720044555664062500e+02,5.488292574882507324e-01,9.227723999023437500e+02,9.293911132812500000e+02,6.617977023124694824e-01,8.452936401367187500e+02,9.603826293945312500e+02,5.267542004585266113e-01,7.813791881906810204e+02,5.618693057302361922e+02,1.816836938219101967e+02,3.971642876929186059e+02,0.000000000000000000e+00,0.000000000000000000e+00,1.000000000000000000e+00
1.899300000000000000e+04,8.800000000000000000e+01,2.659000000000000000e+03,1.700000000000000000e+02,8.017901000976562500e+02,5.932338867187500000e+02,9.531557559967041016e-01,8.098752441406250000e+02,5.851486816406250000e+02,9.538571834564208984e-01,8.058326416015625000e+02,5.811060791015625000e+02,9.585469365119934082e-01,8.341307983398437500e+02,5.891912841796875000e+02,9.181429743766784668e-01,8.300881958007812500e+02,5.891912841796875000e+02,7.646631598472595215e-01,8.341307983398437500e+02,6.377023925781250000e+02,8.144452571868896484e-01,8.300881958007812500e+02,6.296171875000000000e+02,7.652720212936401367e-01,8.422160034179687500e+02,7.225968627929687500e+02,7.900459170341491699e-01,8.341307983398437500e+02,7.104690551757812500e+02,7.707332372665405273e-01,8.583863525390625000e+02,8.034486694335937500e+02,5.610675811767578125e-01,8.179604492187500000e+02,7.711079711914062500e+02,6.420883536338806152e-01,8.381734008789062500e+02,7.832357177734375000e+02,8.676682114601135254e-01,8.300881958007812500e+02,7.791931152343750000e+02,8.028359413146972656e-01,8.260456542968750000e+02,8.762153320312500000e+02,8.080058693885803223e-01,8.220030517578125000e+02,8.681301879882812500e+02,7.113623619079589844e-01,8.381734008789062500e+02,9.570671997070312500e+02,6.732299923896789551e-01,8.745567626953125000e+02,9.328116455078125000e+02,7.074297070503234863e-01,8.260456542968750000e+02,5.528079833984375000e+02,9.712026715278625488e-01,8.300881958007812500e+02,6.134468383789062500e+02,9.153084754943847656e-01,8.341307983398437500e+02,7.791931152343750000e+02,8.797437548637390137e-01,8.179604492187500000e+02,9.651524047851562500e+02,4.758929014205932617e-01,8.866845092773437500e+02,9.530245971679687500e+02,5.922547578811645508e-01,8.260456542968750000e+02,9.651524047851562500e+02,4.924264848232269287e-01,8.826419067382812500e+02,9.489819946289062500e+02,6.639793515205383301e-01,8.543437500000000000e+02,9.570671997070312500e+02,6.025135517120361328e-01,8.866845092773437500e+02,9.408968505859375000e+02,6.899138689041137695e-01,7.548493899798108941e+02,5.568092116940021015e+02,1.830052714141077104e+02,4.079175771461362956e+02,0.000000000000000000e+00,0.000000000000000000e+00,1.000000000000000000e+00
1.899400000000000000e+04,8.800000000000000000e+01,2.659000000000000000e+03,1.710000000000000000e+02,7.875375366210937500e+02,5.913402099609375000e+02,9.511997699737548828e-01,7.956715087890625000e+02,5.832062377929687500e+02,9.703872203826904297e-01,7.875375366210937500e+02,5.832062377929687500e+02,9.899891614913940430e-01,8.200734863281250000e+02,5.872731933593750000e+02,9.144186377525329590e-01,8.160064697265625000e+02,5.872731933593750000e+02,7.620127797126770020e-01,8.160064697265625000e+02,6.401441650390625000e+02,8.553727269172668457e-01,8.160064697265625000e+02,6.320101928710937500e+02,7.540601491928100586e-01,8.241405029296875000e+02,7.255511474609375000e+02,7.490186095237731934e-01,8.200734863281250000e+02,7.092831420898437500e+02,7.514574527740478516e-01,8.241405029296875000e+02,8.068910522460937500e+02,8.412269353866577148e-01,7.834705200195312500e+02,6.970821533203125000e+02,4.869048297405242920e-01,8.282075195312500000e+02,7.824890747070312500e+02,8.179382681846618652e-01,8.160064697265625000e+02,7.824890747070312500e+02,7.310730218887329102e-01,8.241405029296875000e+02,8.719630126953125000e+02,7.643693089485168457e-01,7.834705200195312500e+02,8.597620239257812500e+02,7.863616943359375000e-01,8.404085083007812500e+02,9.451690063476562500e+02,8.310018777847290039e-01,8.404085083007812500e+02,9.411019897460937500e+02,7.484565377235412598e-01,8.119395141601562500e+02,5.547372436523437500e+02,9.223629236221313477e-01,8.160064697265625000e+02,6.116751708984375000e+02,9.082877039909362793e-01,8.241405029296875000e+02,7.743551025390625000e+02,8.368763923645019531e-01,8.200734863281250000e+02,9.573699951171875000e+02,7.131345272064208984e-01,8.200734863281250000e+02,9.533029785156250000e+02,7.370583415031433105e-01,8.241405029296875000e+02,9.573699951171875000e+02,7.238333225250244141e-01,8.200734863281250000e+02,9.492359619140625000e+02,7.145881056785583496e-01,8.566764526367187500e+02,9.573699951171875000e+02,8.579400777816772461e-01,8.607434692382812500e+02,9.533029785156250000e+02,8.676314353942871094e-01,7.345484785974834949e+02,5.535229786141126169e+02,1.814241781738385271e+02,4.135771359563771057e+02,0.000000000000000000e+00,0.000000000000000000e+00,1.000000000000000000e+00
1.899500000000000000e+04,8.800000000000000000e+01,2.676000000000000000e+03,1.720000000000000000e+02,7.713809204101562500e+02,5.919676513671875000e+02,9.158490896224975586e-01,7.796437988281250000e+02,5.837047729492187500e+02,9.107716083526611328e-01,7.755123901367187500e+02,5.795733032226562500e+02,9.004080891609191895e-01,8.003009643554687500e+02,5.878361816406250000e+02,9.116632342338562012e-01,8.044324340820312500e+02,5.878361816406250000e+02,6.947031617164611816e-01,8.085638427734375000e+02,6.415448608398437500e+02,8.233888149261474609e-01,8.003009643554687500e+02,6.332819824218750000e+02,6.626451015472412109e-01,8.044324340820312500e+02,7.283049316406250000e+02,7.274081707000732422e-01,8.003009643554687500e+02,7.159106445312500000e+02,6.641694903373718262e-01,7.920380859375000000e+02,8.068021850585937500e+02,8.838447928428649902e-01,7.796437988281250000e+02,7.861450195312500000e+02,4.122606217861175537e-01,8.168267211914062500e+02,7.778821411132812500e+02,8.332566618919372559e-01,7.961695556640625000e+02,7.737507324218750000e+02,7.851856350898742676e-01,8.209581298828125000e+02,8.646422729492187500e+02,8.479953408241271973e-01,7.631181030273437500e+02,8.522479858398437500e+02,9.124848246574401855e-01,8.374838867187500000e+02,9.514024047851562500e+02,8.861668705940246582e-01,8.003009643554687500e+02,9.431395263671875000e+02,9.042959809303283691e-01,7.961695556640625000e+02,5.547847290039062500e+02,9.398929476737976074e-01,8.044324340820312500e+02,6.126248168945312500e+02,8.592461347579956055e-01,8.126953125000000000e+02,7.696193237304687500e+02,8.903153538703918457e-01,8.168267211914062500e+02,9.637966918945312500e+02,7.228398323059082031e-01,7.713809204101562500e+02,9.679281616210937500e+02,6.928030848503112793e-01,8.209581298828125000e+02,9.679281616210937500e+02,6.678981184959411621e-01,7.713809204101562500e+02,9.637966918945312500e+02,7.557212114334106445e-01,8.457467651367187500e+02,9.596652832031250000e+02,8.439970612525939941e-01,8.126953125000000000e+02,9.514024047851562500e+02,8.994563221931457520e-01,7.150921408084302584e+02,5.495644320245517065e+02,1.794662741286872460e+02,4.200633170677062935e+02,0.000000000000000000e+00,0.000000000000000000e+00,1.000000000000000000e+00
1.899600000000000000e+04,8.800000000000000000e+01,2.676000000000000000e+03,1.730000000000000000e+02,7.572914428710937500e+02,5.891368408203125000e+02,9.391865730285644531e-01,7.654594726562500000e+02,5.809688720703125000e+02,9.329448938369750977e-01,7.613754882812500000e+02,5.809688720703125000e+02,9.637094736099243164e-01,7.899634399414062500e+02,5.850528564453125000e+02,9.466781020164489746e-01,7.899634399414062500e+02,5.850528564453125000e+02,6.626525521278381348e-01,7.817954101562500000e+02,6.422287597656250000e+02,9.273893237113952637e-01,8.185513916015625000e+02,6.299768066406250000e+02,7.649835944175720215e-01,7.777114257812500000e+02,7.279926757812500000e+02,8.461915254592895508e-01,8.103834228515625000e+02,7.075726928710937500e+02,5.804842710494995117e-01,7.572914428710937500e+02,8.015045776367187500e+02,8.955945968627929688e-01,7.981314086914062500e+02,7.688325805664062500e+02,4.173572957515716553e-01,7.899634399414062500e+02,7.810845947265625000e+02,8.583487868309020996e-01,8.185513916015625000e+02,7.770006103515625000e+02,7.683115005493164062e-01,7.491234741210937500e+02,8.505125122070312500e+02,8.989583253860473633e-01,8.185513916015625000e+02,8.668484497070312500e+02,8.288388848304748535e-01,7.654594726562500000e+02,9.485283813476562500e+02,8.689717054367065430e-01,8.348873901367187500e+02,9.485283813476562500e+02,9.031924605369567871e-01,7.817954101562500000e+02,5.523809204101562500e+02,9.314260482788085938e-01,7.899634399414062500e+02,6.095568237304687500e+02,8.701148033142089844e-01,8.022153930664062500e+02,7.729166259765625000e+02,8.884934782981872559e-01,7.450394897460937500e+02,9.607803344726562500e+02,7.616857886314392090e-01,8.185513916015625000e+02,9.566963500976562500e+02,7.504028081893920898e-01,7.450394897460937500e+02,9.607803344726562500e+02,7.894464731216430664e-01,8.226353759765625000e+02,9.526123657226562500e+02,6.964284777641296387e-01,7.736274414062500000e+02,9.607803344726562500e+02,8.337196707725524902e-01,8.389713745117187500e+02,9.607803344726562500e+02,8.434363007545471191e-01,7.055519828722123066e+02,5.492300024307343165e+02,1.758864512029298339e+02,4.193225104509987204e+02,0.000000000000000000e+00,0.000000000000000000e+00,1.000000000000000000e+00
1.899700000000000000e+04,8.800000000000000000e+01,2.666000000000000000e+03,1.740000000000000000e+02,7.428851318359375000e+02,5.931895141601562500e+02,9.330900907516479492e-01,7.508750000000000000e+02,5.851996459960937500e+02,9.218268394470214844e-01,7.468800659179687500e+02,5.851996459960937500e+02,9.638072848320007324e-01,7.748444824218750000e+02,5.891945800781250000e+02,9.144518971443176270e-01,7.748444824218750000e+02,5.931895141601562500e+02,6.999488472938537598e-01,7.708495483398437500e+02,6.451234130859375000e+02,8.460441231727600098e-01,8.028088989257812500e+02,6.331386718750000000e+02,7.585721611976623535e-01,7.628597412109375000e+02,7.330115356445312500e+02,8.429195284843444824e-01,7.948190307617187500e+02,7.090420532226562500e+02,5.823802351951599121e-01,7.269055175781250000e+02,7.929352416992187500e+02,9.215584993362426758e-01,7.748444824218750000e+02,7.569810180664062500e+02,4.028817117214202881e-01,7.748444824218750000e+02,7.769555664062500000e+02,8.065416216850280762e-01,7.988139648437500000e+02,7.729606933593750000e+02,7.465507388114929199e-01,7.348953247070312500e+02,8.568538818359375000e+02,8.676318526268005371e-01,8.107987060546875000e+02,8.608488159179687500e+02,8.675617575645446777e-01,7.309003906250000000e+02,9.447420043945312500e+02,8.407170772552490234e-01,8.347681884765625000e+02,9.447420043945312500e+02,7.892773747444152832e-01,7.668546752929687500e+02,5.532403564453125000e+02,9.235123395919799805e-01,7.748444824218750000e+02,6.131640625000000000e+02,8.566346168518066406e-01,7.828342895507812500e+02,7.689657592773437500e+02,8.927297592163085938e-01,7.149207763671875000e+02,9.527318725585937500e+02,7.021570205688476562e-01,8.227834472656250000e+02,9.567267456054687500e+02,7.794494628906250000e-01,7.109258422851562500e+02,9.607216796875000000e+02,7.308851480484008789e-01,8.267783813476562500e+02,9.527318725585937500e+02,6.957262158393859863e-01,7.348953247070312500e+02,9.567267456054687500e+02,8.564729690551757812e-01,8.387631225585937500e+02,9.567267456054687500e+02,8.446077108383178711e-01,6.941064911327227946e+02,5.550036077946082287e+02,1.713606973345292772e+02,4.129780431289597118e+02,0.000000000000000000e+00,0.000000000000000000e+00,1.000000000000000000e+00
1.899800000000000000e+04,8.800000000000000000e+01,2.670000000000000000e+03,1.750000000000000000e+02,7.299386596679687500e+02,5.980430908203125000e+02,9.427073001861572266e-01,7.379686889648437500e+02,5.859980468750000000e+02,9.519765377044677734e-01,7.339536743164062500e+02,5.859980468750000000e+02,9.912825822830200195e-01,7.620588378906250000e+02,5.900130615234375000e+02,8.991929888725280762e-01,7.660738525390625000e+02,5.900130615234375000e+02,7.257018089294433594e-01,7.540288085937500000e+02,6.462233886718750000e+02,8.987708687782287598e-01,7.861489868164062500e+02,6.341783447265625000e+02,8.322790861129760742e-01,7.459987182617187500e+02,7.345539550781250000e+02,8.581978678703308105e-01,7.781189575195312500e+02,7.104638061523437500e+02,6.541616916656494141e-01,6.978184204101562500e+02,7.867492675781250000e+02,8.999073505401611328e-01,7.419837036132812500e+02,7.666741333007812500e+02,5.425761342048645020e-01,7.660738525390625000e+02,7.787192382812500000e+02,7.984880805015563965e-01,7.781189575195312500e+02,7.747041625976562500e+02,7.657870054244995117e-01,7.219085693359375000e+02,8.630347290039062500e+02,6.830570101737976074e-01,8.062241210937500000e+02,8.630347290039062500e+02,7.204686403274536133e-01,8.303142700195312500e+02,9.473502807617187500e+02,7.168472409248352051e-01,7.018334350585937500e+02,9.473502807617187500e+02,6.945086121559143066e-01,7.500137329101562500e+02,5.578928222656250000e+02,9.414263963699340820e-01,7.620588378906250000e+02,6.181182250976562500e+02,8.781667947769165039e-01,7.700888671875000000e+02,7.706891479492187500e+02,9.139633774757385254e-01,6.656982421875000000e+02,9.553803100585937500e+02,2.741474211215972900e-01,6.616832275390625000e+02,9.593953247070312500e+02,5.948508381843566895e-01,6.697132568359375000e+02,9.593953247070312500e+02,2.994239926338195801e-01,6.697132568359375000e+02,9.513652954101562500e+02,5.092191100120544434e-01,7.098635253906250000e+02,9.553803100585937500e+02,4.505792260169982910e-01,8.383442993164062500e+02,9.593953247070312500e+02,5.507914423942565918e-01,6.776247980922906891e+02,5.576715100719781049e+02,1.730210453267299044e+02,4.118833428579657721e+02,0.000000000000000000e+00,0.000000000000000000e+00,1.000000000000000000e+00
1.899900000000000000e+04,8.800000000000000000e+01,2.670000000000000000e+03,1.760000000000000000e+02,7.171023559570312500e+02,5.967279052734375000e+02,9.271538257598876953e-01,7.251893920898437500e+02,5.886408691406250000e+02,9.193367958068847656e-01,7.171023559570312500e+02,5.886408691406250000e+02,9.371089935302734375e-01,7.454071044921875000e+02,5.926843872070312500e+02,8.882151246070861816e-01,7.494506225585937500e+02,5.926843872070312500e+02,7.085488438606262207e-01,7.413635864257812500e+02,6.492938842773437500e+02,9.227296710014343262e-01,7.656247558593750000e+02,6.371632690429687500e+02,8.209061622619628906e-01,7.251893920898437500e+02,7.342081298828125000e+02,8.862755894660949707e-01,7.696683349609375000e+02,7.180339965820312500e+02,6.644614934921264648e-01,6.726234741210937500e+02,7.786870117187500000e+02,9.180240035057067871e-01,7.413635864257812500e+02,7.584693603515625000e+02,3.750433623790740967e-01,7.615812377929687500e+02,7.827305908203125000e+02,8.509732484817504883e-01,7.494506225585937500e+02,7.786870117187500000e+02,8.009258508682250977e-01,7.939295043945312500e+02,8.676448364257812500e+02,8.200889825820922852e-01,7.090152587890625000e+02,8.676448364257812500e+02,8.003680109977722168e-01,8.303213500976562500e+02,9.485155029296875000e+02,7.891757488250732422e-01,6.766669921875000000e+02,9.525590820312500000e+02,7.258145213127136230e-01,7.373200073242187500e+02,5.562925415039062500e+02,9.629600048065185547e-01,7.494506225585937500e+02,6.209891357421875000e+02,8.844020366668701172e-01,7.575377197265625000e+02,7.746434936523437500e+02,9.226928353309631348e-01,8.101036376953125000e+02,9.566026000976562500e+02,5.198627710342407227e-01,6.200574951171875000e+02,9.606461181640625000e+02,8.776427507400512695e-01,8.181907348632812500e+02,9.606461181640625000e+02,5.109135508537292480e-01,6.281445312500000000e+02,9.566026000976562500e+02,8.644008040428161621e-01,8.384084472656250000e+02,9.566026000976562500e+02,7.589619159698486328e-01,6.807105102539062500e+02,9.606461181640625000e+02,8.990336656570434570e-01,6.444478007403656648e+02,5.602930783811997344e+02,1.800252937269320910e+02,4.133922168424307984e+02,0.000000000000000000e+00,0.000000000000000000e+00,1.000000000000000000e+00
1.900000000000000000e+04,8.800000000000000000e+01,2.670000000000000000e+03,1.770000000000000000e+02,7.019143676757812500e+02,6.010964355468750000e+02,9.669070243835449219e-01,7.097764282226562500e+02,5.932343750000000000e+02,9.412103891372680664e-01,7.058453979492187500e+02,5.893034057617187500e+02,9.227126836776733398e-01,7.294313964843750000e+02,5.971654052734375000e+02,9.222229123115539551e-01,7.372933959960937500e+02,5.932343750000000000e+02,7.147648334503173828e-01,7.255004272460937500e+02,6.521994628906250000e+02,9.226070046424865723e-01,7.569484252929687500e+02,6.404064331054687500e+02,8.331147432327270508e-01,7.137073974609375000e+02,7.308195190429687500e+02,8.502236604690551758e-01,7.490864257812500000e+02,7.229575195312500000e+02,6.570110321044921875e-01,6.508113403320312500e+02,7.779915771484375000e+02,9.513754248619079590e-01,6.704663696289062500e+02,7.583365478515625000e+02,3.368835747241973877e-01,7.412244262695312500e+02,7.858535766601562500e+02,8.045450448989868164e-01,7.451554565429687500e+02,7.858535766601562500e+02,7.735839486122131348e-01,7.844654541015625000e+02,8.801976928710937500e+02,6.625196337699890137e-01,6.940523681640625000e+02,8.723356323242187500e+02,7.802302241325378418e-01,8.277064819335937500e+02,9.509557495117187500e+02,7.437248826026916504e-01,6.586733398437500000e+02,9.509557495117187500e+02,6.495859622955322266e-01,7.255004272460937500e+02,5.617863769531250000e+02,9.485091567039489746e-01,7.333624267578125000e+02,6.207514038085937500e+02,8.627281188964843750e-01,7.412244262695312500e+02,7.819225463867187500e+02,8.990527987480163574e-01,8.041204833984375000e+02,9.627487182617187500e+02,3.237541317939758301e-01,6.075703125000000000e+02,9.627487182617187500e+02,7.580450177192687988e-01,8.119824829101562500e+02,9.588177490234375000e+02,3.635567426681518555e-01,6.154323120117187500e+02,9.548867187500000000e+02,7.318013906478881836e-01,8.355685424804687500e+02,9.548867187500000000e+02,5.395593643188476562e-01,6.626043701171875000e+02,9.627487182617187500e+02,8.398873805999755859e-01,6.294920674107188461e+02,5.647986045114469107e+02,1.838974843992068600e+02,4.063497293042555611e+02,0.000000000000000000e+00,0.000000000000000000e+00,1.000000000000000000e+00
1.900100000000000000e+04,8.800000000000000000e+01,2.670000000000000000e+03,1.780000000000000000e+02,6.884902343750000000e+02,6.025713500976562500e+02,9.263324141502380371e-01,6.966542358398437500e+02,5.944072875976562500e+02,9.221439361572265625e-01,6.884902343750000000e+02,5.944072875976562500e+02,9.504494071006774902e-01,7.170643310546875000e+02,6.025713500976562500e+02,9.122442007064819336e-01,7.211463623046875000e+02,5.984893188476562500e+02,7.561443448066711426e-01,7.089003295898437500e+02,6.515555419921875000e+02,9.520125985145568848e-01,7.374744262695312500e+02,6.474735107421875000e+02,8.841246366500854492e-01,6.925722045898437500e+02,7.372779541015625000e+02,8.603019714355468750e-01,7.333923950195312500e+02,7.209498901367187500e+02,7.787175178527832031e-01,6.272599487304687500e+02,7.699340820312500000e+02,9.700330495834350586e-01,7.048182983398437500e+02,7.536060180664062500e+02,5.738437175750732422e-01,7.211463623046875000e+02,7.862621459960937500e+02,8.662754893302917480e-01,7.333923950195312500e+02,7.862621459960937500e+02,8.076667189598083496e-01,6.803261718750000000e+02,8.679025268554687500e+02,5.675148367881774902e-01,6.803261718750000000e+02,8.679025268554687500e+02,4.772157073020935059e-01,6.599160766601562500e+02,9.454608764648437500e+02,4.962330162525177002e-01,6.558340454101562500e+02,9.495429077148437500e+02,5.713762640953063965e-01,7.089003295898437500e+02,5.658331909179687500e+02,9.740608334541320801e-01,7.170643310546875000e+02,6.270634155273437500e+02,9.422971010208129883e-01,7.252283935546875000e+02,7.821801147460937500e+02,9.332314133644104004e-01,7.987047119140625000e+02,9.577069702148437500e+02,2.991549968719482422e-01,6.272599487304687500e+02,9.617889404296875000e+02,7.281545996665954590e-01,8.027867431640625000e+02,9.577069702148437500e+02,2.655838131904602051e-01,6.272599487304687500e+02,9.577069702148437500e+02,7.262403368949890137e-01,8.354428710937500000e+02,9.536249389648437500e+02,4.324342012405395508e-01,6.639981079101562500e+02,9.617889404296875000e+02,7.128354310989379883e-01,6.179228669333288053e+02,5.638829874317322037e+02,1.927817648861386033e+02,4.139414436066675762e+02,0.000000000000000000e+00,0.000000000000000000e+00,1.000000000000000000e+00
1.900200000000000000e+04,8.800000000000000000e+01,2.672000000000000000e+03,1.790000000000000000e+02,6.681119384765625000e+02,6.056258544921875000e+02,9.388368725776672363e-01,6.760543212890625000e+02,5.976834716796875000e+02,8.927536606788635254e-01,6.720831298828125000e+02,5.937122802734375000e+02,9.448603987693786621e-01,6.998815917968750000e+02,5.976834716796875000e+02,9.211484789848327637e-01,7.038527832031250000e+02,5.976834716796875000e+02,7.410153746604919434e-01,6.959104003906250000e+02,6.532803344726562500e+02,9.100987911224365234e-01,7.078239746093750000e+02,6.453379516601562500e+02,7.809393405914306641e-01,6.800255737304687500e+02,7.366756591796875000e+02,8.954743146896362305e-01,6.839967651367187500e+02,7.327044677734375000e+02,7.563602924346923828e-01,6.085438232421875000e+02,7.684453125000000000e+02,9.248561263084411621e-01,6.164862670898437500e+02,7.644740600585937500e+02,5.989947915077209473e-01,7.078239746093750000e+02,7.922725219726562500e+02,7.744511961936950684e-01,7.078239746093750000e+02,7.922725219726562500e+02,7.835919857025146484e-01,6.641407470703125000e+02,8.756678466796875000e+02,6.231872439384460449e-01,7.594496459960937500e+02,8.836102294921875000e+02,4.003219306468963623e-01,8.150465087890625000e+02,9.471495361328125000e+02,6.020357608795166016e-01,6.442847290039062500e+02,9.550919189453125000e+02,5.170694589614868164e-01,6.919391479492187500e+02,5.659138183593750000e+02,9.479721784591674805e-01,6.998815917968750000e+02,6.254818725585937500e+02,8.779438734054565430e-01,7.078239746093750000e+02,7.883013305664062500e+02,8.764647841453552246e-01,7.951904907226562500e+02,9.590631713867187500e+02,5.216577649116516113e-01,6.164862670898437500e+02,9.670055541992187500e+02,6.114339828491210938e-01,8.031329345703125000e+02,9.590631713867187500e+02,4.945095181465148926e-01,6.164862670898437500e+02,9.630343627929687500e+02,5.763906836509704590e-01,8.309313354492187500e+02,9.550919189453125000e+02,5.927851796150207520e-01,6.482559204101562500e+02,9.630343627929687500e+02,6.784158945083618164e-01,6.163183950012603418e+02,5.688452388294839466e+02,1.950556288378930958e+02,4.093007448514806583e+02,0.000000000000000000e+00,0.000000000000000000e+00,1.000000000000000000e+00
1.900300000000000000e+04,8.800000000000000000e+01,2.667000000000000000e+03,1.800000000000000000e+02,6.549938964843750000e+02,6.043886718750000000e+02,9.457920789718627930e-01,6.632689208984375000e+02,5.961136474609375000e+02,9.216139316558837891e-01,6.549938964843750000e+02,5.919761352539062500e+02,9.529484510421752930e-01,6.839564208984375000e+02,5.961136474609375000e+02,9.022750258445739746e-01,6.839564208984375000e+02,5.961136474609375000e+02,7.655890583992004395e-01,6.756813964843750000e+02,6.540386352539062500e+02,9.801446795463562012e-01,7.170563964843750000e+02,6.416260986328125000e+02,8.687598109245300293e-01,6.591314086914062500e+02,7.367885742187500000e+02,9.223083853721618652e-01,7.294688720703125000e+02,7.243760986328125000e+02,7.698602676391601562e-01,5.970689086914062500e+02,7.657510986328125000e+02,9.508432745933532715e-01,6.880938720703125000e+02,7.326510620117187500e+02,9.498582482337951660e-01,6.798189086914062500e+02,7.905760498046875000e+02,9.024331569671630859e-01,7.046439208984375000e+02,7.864385375976562500e+02,8.439909219741821289e-01,6.467189331054687500e+02,8.733260498046875000e+02,8.732622861862182617e-01,7.418813476562500000e+02,8.816010131835937500e+02,7.757964730262756348e-01,6.384439086914062500e+02,9.519384765625000000e+02,8.309324383735656738e-01,7.998063354492187500e+02,9.436635131835937500e+02,8.073343038558959961e-01,6.756813964843750000e+02,5.630136718750000000e+02,9.301174879074096680e-01,6.880938720703125000e+02,6.209386596679687500e+02,9.385849833488464355e-01,6.922313842773437500e+02,7.823010864257812500e+02,8.928756713867187500e-01,6.177564086914062500e+02,9.602135009765625000e+02,6.573441624641418457e-01,8.204938354492187500e+02,9.519384765625000000e+02,3.089158535003662109e-01,6.136189575195312500e+02,9.643510131835937500e+02,6.923254132270812988e-01,8.163563232421875000e+02,9.436635131835937500e+02,3.498037755489349365e-01,6.425814208984375000e+02,9.643510131835937500e+02,7.851065993309020996e-01,8.080813598632812500e+02,9.519384765625000000e+02,5.983917713165283203e-01,6.139918251336468984e+02,5.607059444918506870e+02,2.028121643121322677e+02,4.187924895660413540e+02,0.000000000000000000e+00,0.000000000000000000e+00,1.000000000000000000e+00
1.900400000000000000e+04,8.800000000000000000e+01,2.667000000000000000e+03,1.810000000000000000e+02,6.410318603515625000e+02,5.974957275390625000e+02,9.409902691841125488e-01,6.452829589843750000e+02,5.889935913085937500e+02,9.275627136230468750e-01,6.410318603515625000e+02,5.889935913085937500e+02,9.032343626022338867e-01,6.622872314453125000e+02,5.932446289062500000e+02,9.475253224372863770e-01,6.750404663085937500e+02,5.932446289062500000e+02,7.514188885688781738e-01,6.622872314453125000e+02,6.485085449218750000e+02,9.379425048828125000e-01,7.005468750000000000e+02,6.400064086914062500e+02,8.589565157890319824e-01,6.452829589843750000e+02,7.377810058593750000e+02,8.567070960998535156e-01,6.920447387695312500e+02,7.165256958007812500e+02,7.369624376296997070e-01,5.857680053710937500e+02,7.675385131835937500e+02,9.369486570358276367e-01,6.622872314453125000e+02,7.505342407226562500e+02,7.342749834060668945e-01,6.665383300781250000e+02,7.802916870117187500e+02,8.535540103912353516e-01,6.877936401367187500e+02,7.802916870117187500e+02,7.982134222984313965e-01,6.367808227539062500e+02,8.695641479492187500e+02,8.651072382926940918e-01,7.175511474609375000e+02,8.695641479492187500e+02,6.862729787826538086e-01,6.367808227539062500e+02,9.503344726562500000e+02,7.767246961593627930e-01,7.813171997070312500e+02,9.375812988281250000e+02,5.113545656204223633e-01,6.622872314453125000e+02,5.634871826171875000e+02,9.175809621810913086e-01,6.750404663085937500e+02,6.187510986328125000e+02,9.291744828224182129e-01,6.750404663085937500e+02,7.760406494140625000e+02,9.159271121025085449e-01,6.155254516601562500e+02,9.588366088867187500e+02,5.574039816856384277e-01,8.153257446289062500e+02,9.460834350585937500e+02,3.415896892547607422e-01,6.155254516601562500e+02,9.630877075195312500e+02,5.990071296691894531e-01,8.153257446289062500e+02,9.460834350585937500e+02,3.553274571895599365e-01,6.367808227539062500e+02,9.630877075195312500e+02,7.465032935142517090e-01,7.855682373046875000e+02,9.460834350585937500e+02,3.990017175674438477e-01,6.054040995396095468e+02,5.522645439744062514e+02,2.116119326783967836e+02,4.299418454058140924e+02,0.000000000000000000e+00,0.000000000000000000e+00,1.000000000000000000e+00
1.900500000000000000e+04,8.800000000000000000e+01,2.665000000000000000e+03,1.820000000000000000e+02,6.222828369140625000e+02,5.973489379882812500e+02,9.436377286911010742e-01,6.305702514648437500e+02,5.932052001953125000e+02,9.275734424591064453e-01,6.264265747070312500e+02,5.890615234375000000e+02,9.461587071418762207e-01,6.512887573242187500e+02,5.932052001953125000e+02,9.107954502105712891e-01,6.637198486328125000e+02,5.890615234375000000e+02,7.578023672103881836e-01,6.430013427734375000e+02,6.512170410156250000e+02,8.794620633125305176e-01,6.844383544921875000e+02,6.387858886718750000e+02,7.770293951034545898e-01,6.305702514648437500e+02,7.340910034179687500e+02,8.933173418045043945e-01,6.720072631835937500e+02,7.092288208007812500e+02,5.562865138053894043e-01,5.725584716796875000e+02,7.672406005859375000e+02,9.033212661743164062e-01,6.057080688476562500e+02,6.719354858398437500e+02,2.798008024692535400e-01,6.471450195312500000e+02,7.796716918945312500e+02,8.848353624343872070e-01,6.761509399414062500e+02,7.755280151367187500e+02,8.262783885002136230e-01,6.305702514648437500e+02,8.666893920898437500e+02,8.894841074943542480e-01,6.968694458007812500e+02,8.666893920898437500e+02,7.726412415504455566e-01,6.305702514648437500e+02,9.495634155273437500e+02,9.119824171066284180e-01,7.548812255859375000e+02,9.329885864257812500e+02,8.296803832054138184e-01,6.471450195312500000e+02,5.600556030273437500e+02,9.227918386459350586e-01,6.554324340820312500e+02,6.180674438476562500e+02,8.637582063674926758e-01,6.595761718750000000e+02,7.755280151367187500e+02,9.074478149414062500e-01,6.222828369140625000e+02,9.578507690429687500e+02,6.561979055404663086e-01,7.880308227539062500e+02,9.454196777343750000e+02,7.589721083641052246e-01,6.139954223632812500e+02,9.619945068359375000e+02,7.366307377815246582e-01,7.880308227539062500e+02,9.454196777343750000e+02,8.301334977149963379e-01,6.305702514648437500e+02,9.661381835937500000e+02,8.351494669914245605e-01,7.631686401367187500e+02,9.412760009765625000e+02,8.168084025382995605e-01,5.849192650193848522e+02,5.605755608572053461e+02,2.124878693604815680e+02,4.269874382068101113e+02,0.000000000000000000e+00,0.000000000000000000e+00,1.000000000000000000e+00
1.900600000000000000e+04,8.800000000000000000e+01,2.665000000000000000e+03,1.830000000000000000e+02,6.088914794921875000e+02,5.975270996093750000e+02,9.517522454261779785e-01,6.167749633789062500e+02,5.896436767578125000e+02,9.781092405319213867e-01,6.128332519531250000e+02,5.896436767578125000e+02,9.571970701217651367e-01,6.364835815429687500e+02,5.935853881835937500e+02,9.539917111396789551e-01,6.443670043945312500e+02,5.896436767578125000e+02,7.508164048194885254e-01,6.364835815429687500e+02,6.527112426757812500e+02,7.887338995933532715e-01,6.640756225585937500e+02,6.330026245117187500e+02,7.349537611007690430e-01,6.207166748046875000e+02,7.315457153320312500e+02,7.964533567428588867e-01,6.443670043945312500e+02,7.118370971679687500e+02,6.804479360580444336e-01,5.694742431640625000e+02,7.709629516601562500e+02,9.624364376068115234e-01,5.931246337890625000e+02,6.645364379882812500e+02,4.400182068347930908e-01,6.364835815429687500e+02,7.867298583984375000e+02,8.745078444480895996e-01,6.483087768554687500e+02,7.827881469726562500e+02,7.911407351493835449e-01,6.286001586914062500e+02,8.734478149414062500e+02,8.906045556068420410e-01,6.561921997070312500e+02,8.734478149414062500e+02,6.722272634506225586e-01,6.286001586914062500e+02,9.562239990234375000e+02,7.999348640441894531e-01,7.271432495117187500e+02,9.325736694335937500e+02,5.961577296257019043e-01,6.286001586914062500e+02,5.581098632812500000e+02,9.273252487182617188e-01,6.404252929687500000e+02,6.172357177734375000e+02,8.594954013824462891e-01,6.404252929687500000e+02,7.788464355468750000e+02,9.182307124137878418e-01,7.586770019531250000e+02,9.522822875976562500e+02,7.091817259788513184e-01,6.088914794921875000e+02,9.759326171875000000e+02,6.804981827735900879e-01,7.626187744140625000e+02,9.443988647460937500e+02,7.608712911605834961e-01,6.088914794921875000e+02,9.759326171875000000e+02,6.858084797859191895e-01,7.389683837890625000e+02,9.404570922851562500e+02,4.983737468719482422e-01,6.404252929687500000e+02,9.680491943359375000e+02,7.251651883125305176e-01,5.668051230413922212e+02,5.675695204512726377e+02,2.072732992254558440e+02,4.121300104011251051e+02,0.000000000000000000e+00,0.000000000000000000e+00,1.000000000000000000e+00
1.900700000000000000e+04,8.800000000000000000e+01,2.648000000000000000e+03,1.840000000000000000e+02,5.921174316406250000e+02,5.931981811523437500e+02,9.639788866043090820e-01,6.000519409179687500e+02,5.852636718750000000e+02,9.332644939422607422e-01,5.960846557617187500e+02,5.852636718750000000e+02,9.453638792037963867e-01,6.159210205078125000e+02,5.892308959960937500e+02,9.656665921211242676e-01,6.317901000976562500e+02,5.892308959960937500e+02,7.876701951026916504e-01,6.119537353515625000e+02,6.527072143554687500e+02,8.469687700271606445e-01,6.555936889648437500e+02,6.368381347656250000e+02,8.634970188140869141e-01,6.040192260742187500e+02,7.360197753906250000e+02,8.817371726036071777e-01,6.397246093750000000e+02,7.122161865234375000e+02,7.778502702713012695e-01,5.603792724609375000e+02,7.796597290039062500e+02,9.429646134376525879e-01,5.921174316406250000e+02,7.637906494140625000e+02,2.306151092052459717e-01,6.238555297851562500e+02,7.875942993164062500e+02,8.942534327507019043e-01,6.436918945312500000e+02,7.836270141601562500e+02,8.730373978614807129e-01,6.198883056640625000e+02,8.748741455078125000e+02,9.482221007347106934e-01,6.436918945312500000e+02,8.748741455078125000e+02,8.333112597465515137e-01,6.278228149414062500e+02,9.542194824218750000e+02,9.321326613426208496e-01,6.952663574218750000e+02,9.343831787109375000e+02,8.335219025611877441e-01,6.159210205078125000e+02,5.574927978515625000e+02,9.444636106491088867e-01,6.278228149414062500e+02,6.130345458984375000e+02,8.761639595031738281e-01,6.357573242187500000e+02,7.836270141601562500e+02,8.968998193740844727e-01,6.079864501953125000e+02,9.700885620117187500e+02,8.605378866195678711e-01,7.230372314453125000e+02,9.502522583007812500e+02,6.643371582031250000e-01,6.119537353515625000e+02,9.740558471679687500e+02,8.761368989944458008e-01,7.230372314453125000e+02,9.502522583007812500e+02,7.834544777870178223e-01,6.397246093750000000e+02,9.661213378906250000e+02,9.000747203826904297e-01,7.111354370117187500e+02,9.383504638671875000e+02,7.271845936775207520e-01,5.444459483764899232e+02,5.672242243668081301e+02,2.048865671810159483e+02,4.081358548853697812e+02,0.000000000000000000e+00,0.000000000000000000e+00,1.000000000000000000e+00
1.900800000000000000e+04,8.800000000000000000e+01,2.665000000000000000e+03,1.850000000000000000e+02,5.767856445312500000e+02,5.926937255859375000e+02,9.294331669807434082e-01,5.849349365234375000e+02,5.845444946289062500e+02,9.437574744224548340e-01,5.808602905273437500e+02,5.845444946289062500e+02,9.152432084083557129e-01,6.012334594726562500e+02,5.886191406250000000e+02,9.430429339408874512e-01,6.175319824218750000e+02,5.845444946289062500e+02,7.064383625984191895e-01,6.012334594726562500e+02,6.456639404296875000e+02,8.749985098838806152e-01,6.419797363281250000e+02,6.334400634765625000e+02,8.394448161125183105e-01,6.012334594726562500e+02,7.271565551757812500e+02,9.077389240264892578e-01,6.297558593750000000e+02,7.067833862304687500e+02,7.594013214111328125e-01,5.645617675781250000e+02,7.801267700195312500e+02,9.414956569671630859e-01,6.012334594726562500e+02,7.638282470703125000e+02,6.029176115989685059e-01,6.175319824218750000e+02,7.842014160156250000e+02,9.058164954185485840e-01,6.297558593750000000e+02,7.801267700195312500e+02,8.277311325073242188e-01,6.012334594726562500e+02,8.738432617187500000e+02,8.870953917503356934e-01,6.216066284179687500e+02,8.738432617187500000e+02,8.649823069572448730e-01,6.297558593750000000e+02,9.553358764648437500e+02,8.752449154853820801e-01,6.745767822265625000e+02,9.431119995117187500e+02,8.016784191131591797e-01,5.971588134765625000e+02,5.519474487304687500e+02,9.335852861404418945e-01,6.134573364257812500e+02,6.130668945312500000e+02,8.628284931182861328e-01,6.256812133789062500e+02,7.760521240234375000e+02,9.649513959884643555e-01,6.053081054687500000e+02,9.716343994140625000e+02,7.046985626220703125e-01,6.664275512695312500e+02,9.716343994140625000e+02,7.140589356422424316e-01,6.134573364257812500e+02,9.757090454101562500e+02,6.640782952308654785e-01,6.705021972656250000e+02,9.675597534179687500e+02,7.192593216896057129e-01,6.379051513671875000e+02,9.675597534179687500e+02,8.160772323608398438e-01,6.949499511718750000e+02,9.471866455078125000e+02,8.687270283699035645e-01,5.241854176127285427e+02,5.635458354458546637e+02,2.049215847454213417e+02,4.139835411802209819e+02,0.000000000000000000e+00,0.000000000000000000e+00,1.000000000000000000e+00
1.900900000000000000e+04,8.800000000000000000e+01,2.647000000000000000e+03,1.860000000000000000e+02,5.643856201171875000e+02,5.965629882812500000e+02,9.352844953536987305e-01,5.686174316406250000e+02,5.880994873046875000e+02,9.484622478485107422e-01,5.643856201171875000e+02,5.838677978515625000e+02,9.385371208190917969e-01,5.855444335937500000e+02,5.880994873046875000e+02,9.070815443992614746e-01,6.024714355468750000e+02,5.838677978515625000e+02,7.320705652236938477e-01,5.855444335937500000e+02,6.431123046875000000e+02,8.799400925636291504e-01,6.320936279296875000e+02,6.346488037109375000e+02,8.745611310005187988e-01,5.855444335937500000e+02,7.277473144531250000e+02,9.033043384552001953e-01,6.236301269531250000e+02,7.065885009765625000e+02,7.011504173278808594e-01,5.601539306640625000e+02,7.869918212890625000e+02,9.720094203948974609e-01,5.982396240234375000e+02,7.616013183593750000e+02,7.498665452003479004e-01,5.982396240234375000e+02,7.827600097656250000e+02,8.876724839210510254e-01,6.236301269531250000e+02,7.785283203125000000e+02,8.243553042411804199e-01,5.728491210937500000e+02,8.673950195312500000e+02,8.736289143562316895e-01,6.151666259765625000e+02,8.716268310546875000e+02,8.561854958534240723e-01,6.320936279296875000e+02,9.435665283203125000e+02,7.871519923210144043e-01,6.278619384765625000e+02,9.520300292968750000e+02,7.859835028648376465e-01,5.813126220703125000e+02,5.542454833984375000e+02,8.770890235900878906e-01,5.982396240234375000e+02,6.134899902343750000e+02,8.329871892929077148e-01,6.109349365234375000e+02,7.742965087890625000e+02,9.893208146095275879e-01,6.447889404296875000e+02,9.647253417968750000e+02,6.234622597694396973e-01,6.024714355468750000e+02,9.689570312500000000e+02,6.732579469680786133e-01,6.405571289062500000e+02,9.604935302734375000e+02,6.544746756553649902e-01,6.067031250000000000e+02,9.647253417968750000e+02,7.171648144721984863e-01,6.532524414062500000e+02,9.520300292968750000e+02,6.839699745178222656e-01,6.405571289062500000e+02,9.647253417968750000e+02,7.687886953353881836e-01,5.096401337606782249e+02,5.555486766466293602e+02,2.058918274060532099e+02,4.267693307857044829e+02,0.000000000000000000e+00,0.000000000000000000e+00,1.000000000000000000e+00
1.901000000000000000e+04,8.800000000000000000e+01,2.672000000000000000e+03,1.870000000000000000e+02,5.492241210937500000e+02,5.945109252929687500e+02,9.308460354804992676e-01,5.574183349609375000e+02,5.822196044921875000e+02,9.050906300544738770e-01,5.492241210937500000e+02,5.822196044921875000e+02,8.882292509078979492e-01,5.738067626953125000e+02,5.863167114257812500e+02,9.288235306739807129e-01,5.860980834960937500e+02,5.822196044921875000e+02,6.836531758308410645e-01,5.738067626953125000e+02,6.436762695312500000e+02,8.827654719352722168e-01,6.147778930664062500e+02,6.313849487304687500e+02,8.463590145111083984e-01,5.697096557617187500e+02,7.297156372070312500e+02,8.882080912590026855e-01,6.106807861328125000e+02,7.010358276367187500e+02,7.155892848968505859e-01,5.574183349609375000e+02,7.952694091796875000e+02,9.112633466720581055e-01,5.942923583984375000e+02,7.624924926757812500e+02,6.794461607933044434e-01,5.901951904296875000e+02,7.829780883789062500e+02,8.662937283515930176e-01,6.147778930664062500e+02,7.788809814453125000e+02,8.216887116432189941e-01,5.492241210937500000e+02,8.608231811523437500e+02,8.678269982337951660e-01,6.106807861328125000e+02,8.690174560546875000e+02,8.544884324073791504e-01,5.983894653320312500e+02,9.509596557617187500e+02,8.337709903717041016e-01,6.270692138671875000e+02,9.468625488281250000e+02,8.067565560340881348e-01,5.697096557617187500e+02,5.535397949218750000e+02,9.096672534942626953e-01,5.820009765625000000e+02,6.108993530273437500e+02,8.634040355682373047e-01,6.024865722656250000e+02,7.747838745117187500e+02,8.987652063369750977e-01,5.779038696289062500e+02,9.714452514648437500e+02,7.400590777397155762e-01,6.024865722656250000e+02,9.673481445312500000e+02,6.427780389785766602e-01,5.860980834960937500e+02,9.714452514648437500e+02,7.200897932052612305e-01,6.106807861328125000e+02,9.591538696289062500e+02,5.947192311286926270e-01,6.106807861328125000e+02,9.591538696289062500e+02,7.086456418037414551e-01,6.352634277343750000e+02,9.632509765625000000e+02,8.334931731224060059e-01,4.953733815741263697e+02,5.574786693034886866e+02,1.975501104359802866e+02,4.225830453994117306e+02,0.000000000000000000e+00,0.000000000000000000e+00,1.000000000000000000e+00
1.901100000000000000e+04,8.800000000000000000e+01,2.647000000000000000e+03,1.880000000000000000e+02,5.348126831054687500e+02,5.975409545898437500e+02,9.499331712722778320e-01,5.390071411132812500e+02,5.891521606445312500e+02,9.411299824714660645e-01,5.348126831054687500e+02,5.891521606445312500e+02,9.337980747222900391e-01,5.557847290039062500e+02,5.891521606445312500e+02,8.655995726585388184e-01,5.725623779296875000e+02,5.849577026367187500e+02,6.635112762451171875e-01,5.599791870117187500e+02,6.478739013671875000e+02,8.912461996078491211e-01,6.019232788085937500e+02,6.352906494140625000e+02,8.382297158241271973e-01,5.599791870117187500e+02,7.275676879882812500e+02,8.745530843734741211e-01,5.977288208007812500e+02,7.065955810546875000e+02,7.377698421478271484e-01,5.599791870117187500e+02,7.988726196289062500e+02,8.942275047302246094e-01,5.809512329101562500e+02,7.653173217773437500e+02,5.831081271171569824e-01,5.725623779296875000e+02,7.862893676757812500e+02,8.067378401756286621e-01,6.019232788085937500e+02,7.820949707031250000e+02,8.032870292663574219e-01,5.348126831054687500e+02,8.617887573242187500e+02,9.315460324287414551e-01,6.019232788085937500e+02,8.743720092773437500e+02,8.350788950920104980e-01,5.599791870117187500e+02,9.540657958984375000e+02,8.845191001892089844e-01,6.270897216796875000e+02,9.498713989257812500e+02,7.938663363456726074e-01,5.515903320312500000e+02,5.555968627929687500e+02,8.867588639259338379e-01,5.683679809570312500e+02,6.143186035156250000e+02,8.214585781097412109e-01,5.893400268554687500e+02,7.779005737304687500e+02,8.466423749923706055e-01,5.390071411132812500e+02,9.708434448242187500e+02,6.528984308242797852e-01,6.145064697265625000e+02,9.624545898437500000e+02,7.404706478118896484e-01,5.390071411132812500e+02,9.750378417968750000e+02,6.703854799270629883e-01,6.187008666992187500e+02,9.624545898437500000e+02,7.049840092658996582e-01,5.725623779296875000e+02,9.666489868164062500e+02,8.749273419380187988e-01,6.354785156250000000e+02,9.624545898437500000e+02,8.051974177360534668e-01,4.819975910213200905e+02,5.541619381289451667e+02,1.937480362043270361e+02,4.274656013364176488e+02,0.000000000000000000e+00,0.000000000000000000e+00,1.000000000000000000e+00
1.901200000000000000e+04,8.800000000000000000e+01,2.665000000000000000e+03,1.890000000000000000e+02,5.180439453125000000e+02,5.969989624023437500e+02,9.353754520416259766e-01,5.223563232421875000e+02,5.883742065429687500e+02,9.213433265686035156e-01,5.223563232421875000e+02,5.883742065429687500e+02,9.182993173599243164e-01,5.396058349609375000e+02,5.883742065429687500e+02,8.800628781318664551e-01,5.611677246093750000e+02,5.840618286132812500e+02,6.690813899040222168e-01,5.482305908203125000e+02,6.487474975585937500e+02,8.301938772201538086e-01,5.870419921875000000e+02,6.314979858398437500e+02,7.194411754608154297e-01,5.525429687500000000e+02,7.306826782226562500e+02,8.296995759010314941e-01,5.870419921875000000e+02,7.134331665039062500e+02,5.570733547210693359e-01,5.611677246093750000e+02,8.039931030273437500e+02,9.080250859260559082e-01,5.870419921875000000e+02,7.781188354492187500e+02,3.768281936645507812e-01,5.482305908203125000e+02,7.867435913085937500e+02,8.846816420555114746e-01,5.870419921875000000e+02,7.867435913085937500e+02,8.198280930519104004e-01,5.223563232421875000e+02,8.643663940429687500e+02,9.907549023628234863e-01,5.956667480468750000e+02,8.686787719726562500e+02,8.172230720520019531e-01,5.266687011718750000e+02,9.549263305664062500e+02,9.065427780151367188e-01,6.258533935546875000e+02,9.506139526367187500e+02,8.407323360443115234e-01,5.396058349609375000e+02,5.538751831054687500e+02,8.514620065689086914e-01,5.568553466796875000e+02,6.142484741210937500e+02,8.317664861679077148e-01,5.697924804687500000e+02,7.824312133789062500e+02,9.154884815216064453e-01,5.051068115234375000e+02,9.678634643554687500e+02,7.568943500518798828e-01,6.129162597656250000e+02,9.678634643554687500e+02,7.333672642707824707e-01,5.094191894531250000e+02,9.721758422851562500e+02,7.317895293235778809e-01,6.172286376953125000e+02,9.635510864257812500e+02,7.909024357795715332e-01,5.309810791015625000e+02,9.678634643554687500e+02,8.601796030998229980e-01,6.301657714843750000e+02,9.592387084960937500e+02,8.216180801391601562e-01,4.723562838231517844e+02,5.489158893581104621e+02,1.934677424656031235e+02,4.371974851551461825e+02,0.000000000000000000e+00,0.000000000000000000e+00,1.000000000000000000e+00
1.901300000000000000e+04,8.800000000000000000e+01,2.665000000000000000e+03,1.900000000000000000e+02,5.036726379394531250e+02,6.012475585937500000e+02,8.983156681060791016e-01,5.078600769042968750e+02,5.928726806640625000e+02,9.437171220779418945e-01,5.078600769042968750e+02,5.928726806640625000e+02,9.013577103614807129e-01,5.287971801757812500e+02,5.928726806640625000e+02,9.318942427635192871e-01,5.497343139648437500e+02,5.886853027343750000e+02,6.451211571693420410e-01,5.287971801757812500e+02,6.473092651367187500e+02,8.776701688766479492e-01,5.748588867187500000e+02,6.347469482421875000e+02,9.327043294906616211e-01,5.329846191406250000e+02,7.268703613281250000e+02,7.723238468170166016e-01,5.706714477539062500e+02,7.143080444335937500e+02,7.591418027877807617e-01,5.581091918945312500e+02,8.064314575195312500e+02,8.807979822158813477e-01,5.581091918945312500e+02,7.687446289062500000e+02,3.777570426464080811e-01,5.413594970703125000e+02,7.813068847656250000e+02,9.273848533630371094e-01,5.706714477539062500e+02,7.771194458007812500e+02,8.492338657379150391e-01,5.078600769042968750e+02,8.650554199218750000e+02,9.004705548286437988e-01,5.874211425781250000e+02,8.650554199218750000e+02,8.295256495475769043e-01,4.952977905273437500e+02,9.529913330078125000e+02,9.022809267044067383e-01,6.251079711914062500e+02,9.529913330078125000e+02,8.790139555931091309e-01,5.246097412109375000e+02,5.593732910156250000e+02,9.417840838432312012e-01,5.413594970703125000e+02,6.179972534179687500e+02,8.526211977005004883e-01,5.539217529296875000e+02,7.729320068359375000e+02,8.609675168991088867e-01,4.701732177734375000e+02,9.697410888671875000e+02,7.133298516273498535e-01,6.041708374023437500e+02,9.655536499023437500e+02,7.289422750473022461e-01,4.743606567382812500e+02,9.697410888671875000e+02,7.614807486534118652e-01,6.125457153320312500e+02,9.613662109375000000e+02,7.076104283332824707e-01,5.036726379394531250e+02,9.655536499023437500e+02,7.503103017807006836e-01,6.334828491210937500e+02,9.613662109375000000e+02,8.616291880607604980e-01,4.526818999405720660e+02,5.534116012815006798e+02,1.891683622901625768e+02,4.324895719248780779e+02,0.000000000000000000e+00,0.000000000000000000e+00,1.000000000000000000e+00
1.901400000000000000e+04,8.800000000000000000e+01,2.648000000000000000e+03,1.910000000000000000e+02,4.918182373046875000e+02,6.075581054687500000e+02,9.111139774322509766e-01,4.959382324218750000e+02,5.993181152343750000e+02,9.439116716384887695e-01,4.918182373046875000e+02,5.993181152343750000e+02,8.965197801589965820e-01,5.165381469726562500e+02,5.993181152343750000e+02,9.238410592079162598e-01,5.247781372070312500e+02,5.951981201171875000e+02,6.876155138015747070e-01,5.165381469726562500e+02,6.487579956054687500e+02,8.824788928031921387e-01,5.577380371093750000e+02,6.363980102539062500e+02,8.304216265678405762e-01,5.206581420898437500e+02,7.270377197265625000e+02,6.304185390472412109e-01,5.577380371093750000e+02,7.187977905273437500e+02,6.050850152969360352e-01,5.618580322265625000e+02,8.094375000000000000e+02,8.381869792938232422e-01,5.659780273437500000e+02,7.847175903320312500e+02,2.324483692646026611e-01,5.288981323242187500e+02,7.805975952148437500e+02,8.411784768104553223e-01,5.536180419921875000e+02,7.764776000976562500e+02,7.166440486907958984e-01,4.918182373046875000e+02,8.712373046875000000e+02,8.329063653945922852e-01,5.783380126953125000e+02,8.712373046875000000e+02,8.398551344871520996e-01,4.670983276367187500e+02,9.577570190429687500e+02,8.271427154541015625e-01,6.195378417968750000e+02,9.536370239257812500e+02,8.645693659782409668e-01,5.082981872558593750e+02,5.663582153320312500e+02,8.917348980903625488e-01,5.288981323242187500e+02,6.199180908203125000e+02,8.326861262321472168e-01,5.371381225585937500e+02,7.764776000976562500e+02,8.111944198608398438e-01,4.341384277343750000e+02,9.659970092773437500e+02,6.104407310485839844e-01,6.071779174804687500e+02,9.701170043945312500e+02,6.057224273681640625e-01,4.382584228515625000e+02,9.701170043945312500e+02,6.242469549179077148e-01,6.112979125976562500e+02,9.659970092773437500e+02,5.981727242469787598e-01,4.753382873535156250e+02,9.701170043945312500e+02,6.481977701187133789e-01,6.318978271484375000e+02,9.618770141601562500e+02,7.479443550109863281e-01,4.373728544945197427e+02,5.571262762584095753e+02,1.877811437075788490e+02,4.260107776026953843e+02,0.000000000000000000e+00,0.000000000000000000e+00,1.000000000000000000e+00
1.901500000000000000e+04,8.800000000000000000e+01,2.665000000000000000e+03,1.920000000000000000e+02,4.795205993652343750e+02,6.121933593750000000e+02,9.472997784614562988e-01,4.837267150878906250e+02,5.995750732421875000e+02,9.439760446548461914e-01,4.795205993652343750e+02,6.037811279296875000e+02,9.117695689201354980e-01,5.005511779785156250e+02,6.037811279296875000e+02,9.424449205398559570e-01,5.131695556640625000e+02,5.953688964843750000e+02,6.640550494194030762e-01,5.089634094238281250e+02,6.542545166015625000e+02,8.915515542030334473e-01,5.384062500000000000e+02,6.458422851562500000e+02,8.355796337127685547e-01,5.384062500000000000e+02,7.341707763671875000e+02,7.033835649490356445e-01,5.426123046875000000e+02,7.257585449218750000e+02,7.578672766685485840e-01,5.636429443359375000e+02,8.056746826171875000e+02,8.762329816818237305e-01,5.594367675781250000e+02,7.972624511718750000e+02,3.179073929786682129e-01,5.173756103515625000e+02,7.846441650390625000e+02,8.755751252174377441e-01,5.299940185546875000e+02,7.846441650390625000e+02,7.193851470947265625e-01,4.795205993652343750e+02,8.729725341796875000e+02,8.612924218177795410e-01,5.762612304687500000e+02,8.813847656250000000e+02,8.106591105461120605e-01,4.500777893066406250e+02,9.570948486328125000e+02,8.548568487167358398e-01,6.225285644531250000e+02,9.528887939453125000e+02,8.711085319519042969e-01,4.921389465332031250e+02,5.701322021484375000e+02,9.062273502349853516e-01,5.131695556640625000e+02,6.248117675781250000e+02,8.544094562530517578e-01,5.257878417968750000e+02,7.804379882812500000e+02,9.195419549942016602e-01,4.122227478027343750e+02,9.613010253906250000e+02,7.404693365097045898e-01,6.057041015625000000e+02,9.697132568359375000e+02,7.774697542190551758e-01,4.164288635253906250e+02,9.655070800781250000e+02,7.491152882575988770e-01,6.099101562500000000e+02,9.697132568359375000e+02,7.286599278450012207e-01,4.542839050292968750e+02,9.655070800781250000e+02,7.529991865158081055e-01,6.309407958984375000e+02,9.655070800781250000e+02,8.853559494018554688e-01,4.246043573493924441e+02,5.553832711268169078e+02,1.928346940778021690e+02,4.293467092627668080e+02,0.000000000000000000e+00,0.000000000000000000e+00,1.000000000000000000e+00
1.901600000000000000e+04,8.800000000000000000e+01,2.666000000000000000e+03,1.930000000000000000e+02,4.639222717285156250e+02,6.113836059570312500e+02,9.191437959671020508e-01,4.681521606445312500e+02,6.029238281250000000e+02,9.174790978431701660e-01,4.639222717285156250e+02,6.029238281250000000e+02,9.081174731254577637e-01,4.850717468261718750e+02,6.029238281250000000e+02,9.256113171577453613e-01,4.977614135742187500e+02,5.986939086914062500e+02,6.884779334068298340e-01,4.977614135742187500e+02,6.536825561523437500e+02,8.044397830963134766e-01,5.146809692382812500e+02,6.452227783203125000e+02,7.423591017723083496e-01,5.273706665039062500e+02,7.340505371093750000e+02,7.798786163330078125e-01,5.316005859375000000e+02,7.255907592773437500e+02,6.067880392074584961e-01,5.527500610351562500e+02,8.059587402343750000e+02,8.570773005485534668e-01,5.527500610351562500e+02,7.932690429687500000e+02,1.912229210138320923e-01,5.062211914062500000e+02,7.848092651367187500e+02,8.202980756759643555e-01,5.146809692382812500e+02,7.848092651367187500e+02,6.557930111885070801e-01,4.639222717285156250e+02,8.736370239257812500e+02,8.085523843765258789e-01,5.612098388671875000e+02,8.820968017578125000e+02,7.562910914421081543e-01,4.427727966308593750e+02,9.624648437500000000e+02,8.498259782791137695e-01,6.161984252929687500e+02,9.540050048828125000e+02,8.508327007293701172e-01,4.766119384765625000e+02,5.733145751953125000e+02,9.344366788864135742e-01,4.977614135742187500e+02,6.240733032226562500e+02,9.210392236709594727e-01,5.104511108398437500e+02,7.805793457031250000e+02,8.640728592872619629e-01,4.173934326171875000e+02,9.666947021484375000e+02,7.055567502975463867e-01,5.950489501953125000e+02,9.666947021484375000e+02,7.654621005058288574e-01,4.173934326171875000e+02,9.709246215820312500e+02,7.355825304985046387e-01,6.035087890625000000e+02,9.624648437500000000e+02,7.552437186241149902e-01,4.427727966308593750e+02,9.666947021484375000e+02,8.093304038047790527e-01,6.288881225585937500e+02,9.624648437500000000e+02,8.916428685188293457e-01,4.259702201246889217e+02,5.539912724035908695e+02,1.966343093546768159e+02,4.321710925535679735e+02,0.000000000000000000e+00,0.000000000000000000e+00,1.000000000000000000e+00
1.901700000000000000e+04,8.800000000000000000e+01,2.665000000000000000e+03,1.940000000000000000e+02,4.475661621093750000e+02,6.130784301757812500e+02,9.088339209556579590e-01,4.517171020507812500e+02,6.047765502929687500e+02,9.247317314147949219e-01,4.475661621093750000e+02,6.047765502929687500e+02,8.836026191711425781e-01,4.683209228515625000e+02,6.047765502929687500e+02,9.337936639785766602e-01,4.766228027343750000e+02,6.006256103515625000e+02,6.928673982620239258e-01,4.766228027343750000e+02,6.504370117187500000e+02,7.891829609870910645e-01,4.973775634765625000e+02,6.421350708007812500e+02,7.609552741050720215e-01,5.056794738769531250e+02,7.334559936523437500e+02,6.491367816925048828e-01,5.056794738769531250e+02,7.251541137695312500e+02,6.517615914344787598e-01,5.388870849609375000e+02,8.040221557617187500e+02,5.955895781517028809e-01,5.471889648437500000e+02,7.998712158203125000e+02,3.404715359210968018e-01,4.849247131347656250e+02,7.832673950195312500e+02,8.057829141616821289e-01,5.098304138183593750e+02,7.832673950195312500e+02,7.907470464706420898e-01,4.475661621093750000e+02,8.662863769531250000e+02,8.536818623542785645e-01,5.430380249023437500e+02,8.745883178710937500e+02,8.238931298255920410e-01,4.309623718261718750e+02,9.576072998046875000e+02,8.957703709602355957e-01,6.094532470703125000e+02,9.493054199218750000e+02,9.287911057472229004e-01,4.600190124511718750e+02,5.715689086914062500e+02,8.765578269958496094e-01,4.807737731933593750e+02,6.255313110351562500e+02,8.574469089508056641e-01,4.973775634765625000e+02,7.791164550781250000e+02,8.985843062400817871e-01,4.143585815429687500e+02,9.617582397460937500e+02,7.149625420570373535e-01,5.928494262695312500e+02,9.659091796875000000e+02,8.291317224502563477e-01,4.102076110839843750e+02,9.659091796875000000e+02,8.418559432029724121e-01,6.011513061523437500e+02,9.617582397460937500e+02,7.842956781387329102e-01,4.351133117675781250e+02,9.659091796875000000e+02,8.462061285972595215e-01,6.219060668945312500e+02,9.617582397460937500e+02,8.619558215141296387e-01,4.269595164668108964e+02,5.580330510719306858e+02,1.968232364263215004e+02,4.278874926485714241e+02,0.000000000000000000e+00,0.000000000000000000e+00,1.000000000000000000e+00
1.901800000000000000e+04,8.800000000000000000e+01,2.665000000000000000e+03,1.950000000000000000e+02,4.282764587402343750e+02,6.158399047851562500e+02,9.578217267990112305e-01,4.367457580566406250e+02,6.031359252929687500e+02,9.299218058586120605e-01,4.282764587402343750e+02,6.031359252929687500e+02,9.272030591964721680e-01,4.536843566894531250e+02,6.073706054687500000e+02,9.601156115531921387e-01,4.621536865234375000e+02,5.989013061523437500e+02,7.397587895393371582e-01,4.663883361816406250e+02,6.539517822265625000e+02,8.128467798233032227e-01,4.748576354980468750e+02,6.454824829101562500e+02,7.228602170944213867e-01,5.002655639648437500e+02,7.301755371093750000e+02,8.341199159622192383e-01,4.917962646484375000e+02,7.259409179687500000e+02,6.757840514183044434e-01,5.299081420898437500e+02,8.063992919921875000e+02,8.474601507186889648e-01,5.341427612304687500e+02,7.936953735351562500e+02,3.461038768291473389e-01,4.748576354980468750e+02,7.852260131835937500e+02,7.716640830039978027e-01,4.833269348144531250e+02,7.852260131835937500e+02,7.209071516990661621e-01,4.325111083984375000e+02,8.699191284179687500e+02,6.353405117988586426e-01,5.214388427734375000e+02,8.826230468750000000e+02,6.780925393104553223e-01,4.240418090820312500e+02,9.588468017578125000e+02,8.874827027320861816e-01,5.976625976562500000e+02,9.503775024414062500e+02,8.549389839172363281e-01,4.494497070312500000e+02,5.734933471679687500e+02,9.190231561660766602e-01,4.621536865234375000e+02,6.285438842773437500e+02,8.298068046569824219e-01,4.790922851562500000e+02,7.809913940429687500e+02,8.930917978286743164e-01,4.028685302734375000e+02,9.673161621093750000e+02,6.467062234878540039e-01,5.849586181640625000e+02,9.673161621093750000e+02,7.859058976173400879e-01,4.028685302734375000e+02,9.715507812500000000e+02,7.251178622245788574e-01,5.891932983398437500e+02,9.630814819335937500e+02,6.696978211402893066e-01,4.282764587402343750e+02,9.715507812500000000e+02,8.194432258605957031e-01,6.146011962890625000e+02,9.588468017578125000e+02,8.097733259201049805e-01,4.195396733059114922e+02,5.579122782063702743e+02,2.015410812240531868e+02,4.318794978163973610e+02,0.000000000000000000e+00,0.000000000000000000e+00,1.000000000000000000e+00
1.901900000000000000e+04,8.800000000000000000e+01,2.667000000000000000e+03,1.960000000000000000e+02,4.137959594726562500e+02,6.143260498046875000e+02,9.546806812286376953e-01,4.181335449218750000e+02,6.056508789062500000e+02,9.345095157623291016e-01,4.181335449218750000e+02,6.056508789062500000e+02,9.241560697555541992e-01,4.354838256835937500e+02,6.056508789062500000e+02,9.501575827598571777e-01,4.484965209960937500e+02,6.013132934570312500e+02,7.618294358253479004e-01,4.484965209960937500e+02,6.533641357421875000e+02,7.895719408988952637e-01,4.484965209960937500e+02,6.490266113281250000e+02,7.252413034439086914e-01,4.875346679687500000e+02,7.357780151367187500e+02,9.045276641845703125e-01,4.745219421386718750e+02,7.314404296875000000e+02,6.808023452758789062e-01,5.135600585937500000e+02,8.051791381835937500e+02,8.792160749435424805e-01,5.178976440429687500e+02,7.921663818359375000e+02,2.358627319335937500e-01,4.528341064453125000e+02,7.921663818359375000e+02,8.827432394027709961e-01,4.745219421386718750e+02,7.921663818359375000e+02,8.048523068428039551e-01,4.224710998535156250e+02,8.702426757812500000e+02,8.975456357002258301e-01,4.918722229003906250e+02,8.789177856445312500e+02,9.277414679527282715e-01,4.137959594726562500e+02,9.613316650390625000e+02,8.897548913955688477e-01,5.742860717773437500e+02,9.396437988281250000e+02,8.158455491065979004e-01,4.311462402343750000e+02,5.752879028320312500e+02,9.020019173622131348e-01,4.441589660644531250e+02,6.273387451171875000e+02,8.534821271896362305e-01,4.615092468261718750e+02,7.878288574218750000e+02,9.166066646575927734e-01,4.094584045410156250e+02,9.700067749023437500e+02,6.606193780899047852e-01,5.786236572265625000e+02,9.656691894531250000e+02,7.124804258346557617e-01,4.007832641601562500e+02,9.743443603515625000e+02,7.664347887039184570e-01,5.959739379882812500e+02,9.569940795898437500e+02,7.276565432548522949e-01,4.181335449218750000e+02,9.743443603515625000e+02,8.978775143623352051e-01,5.916363525390625000e+02,9.483189086914062500e+02,7.805994153022766113e-01,4.066507779685900346e+02,5.530868893388044398e+02,2.082502727140582124e+02,4.402885218130804788e+02,0.000000000000000000e+00,0.000000000000000000e+00,1.000000000000000000e+00
1.902000000000000000e+04,8.800000000000000000e+01,2.667000000000000000e+03,1.970000000000000000e+02,4.005768737792968750e+02,6.094916992187500000e+02,9.032636880874633789e-01,4.088883361816406250e+02,5.970244750976562500e+02,8.908300995826721191e-01,4.047326049804687500e+02,5.970244750976562500e+02,8.558511734008789062e-01,4.213555603027343750e+02,6.011802368164062500e+02,8.973816633224487305e-01,4.338227844238281250e+02,5.970244750976562500e+02,5.338895320892333984e-01,4.379785156250000000e+02,6.593605957031250000e+02,7.388674616813659668e-01,4.462900085449218750e+02,6.510490722656250000e+02,5.017678141593933105e-01,4.670686950683593750e+02,7.341638793945312500e+02,8.762375712394714355e-01,4.629129638671875000e+02,7.300081787109375000e+02,5.594754815101623535e-01,4.961588745117187500e+02,8.048114624023437500e+02,9.334412813186645508e-01,4.005768737792968750e+02,6.344261474609375000e+02,1.587220430374145508e-01,4.338227844238281250e+02,7.923442382812500000e+02,8.391873836517333984e-01,4.546014709472656250e+02,7.923442382812500000e+02,7.542926669120788574e-01,4.088883361816406250e+02,8.754590454101562500e+02,9.071412086486816406e-01,4.670686950683593750e+02,8.796148071289062500e+02,8.543776273727416992e-01,4.130440673828125000e+02,9.668853759765625000e+02,9.243812561035156250e-01,5.543392333984375000e+02,9.377951660156250000e+02,8.267441391944885254e-01,4.213555603027343750e+02,5.679343261718750000e+02,8.451666235923767090e-01,4.338227844238281250e+02,6.261146850585937500e+02,7.693429589271545410e-01,4.421342468261718750e+02,7.881885375976562500e+02,8.685936927795410156e-01,4.047326049804687500e+02,9.710410766601562500e+02,7.504684329032897949e-01,5.668064575195312500e+02,9.710410766601562500e+02,8.044967055320739746e-01,4.005768737792968750e+02,9.751968383789062500e+02,7.889224290847778320e-01,5.709622192382812500e+02,9.627296142578125000e+02,7.250880599021911621e-01,4.171998291015625000e+02,9.793525390625000000e+02,8.831565380096435547e-01,5.668064575195312500e+02,9.377951660156250000e+02,7.955324053764343262e-01,3.879430092977150935e+02,5.580081227339898078e+02,2.056170039377936973e+02,4.312487404794522945e+02,0.000000000000000000e+00,0.000000000000000000e+00,1.000000000000000000e+00
1.902100000000000000e+04,8.800000000000000000e+01,2.664000000000000000e+03,1.980000000000000000e+02,3.820539855957031250e+02,6.035585937500000000e+02,8.775282502174377441e-01,3.861890563964843750e+02,5.952884521484375000e+02,9.324495792388916016e-01,3.820539855957031250e+02,5.952884521484375000e+02,8.699029088020324707e-01,4.027292785644531250e+02,5.994235229492187500e+02,9.365900754928588867e-01,4.234045410156250000e+02,5.952884521484375000e+02,6.627474427223205566e-01,4.192695007324218750e+02,6.531792602539062500e+02,8.211112618446350098e-01,4.440798339843750000e+02,6.407740478515625000e+02,7.923396825790405273e-01,4.440798339843750000e+02,7.317453002929687500e+02,8.842070102691650391e-01,4.482148742675781250e+02,7.234751586914062500e+02,7.061977982521057129e-01,4.688901672363281250e+02,8.061762695312500000e+02,9.373368024826049805e-01,4.730252075195312500e+02,8.020412597656250000e+02,1.549024432897567749e-01,4.151344299316406250e+02,7.896360473632812500e+02,8.716524243354797363e-01,4.399447631835937500e+02,7.896360473632812500e+02,8.773787021636962891e-01,3.985942077636718750e+02,8.723371582031250000e+02,9.108491539955139160e-01,4.523499450683593750e+02,8.764722290039062500e+02,7.910358309745788574e-01,4.109993896484375000e+02,9.633084106445312500e+02,9.180527329444885254e-01,5.267809448242187500e+02,9.343630371093750000e+02,7.964586615562438965e-01,4.027292785644531250e+02,5.663430786132812500e+02,8.920648097991943359e-01,4.192695007324218750e+02,6.242338256835937500e+02,8.669953346252441406e-01,4.275396118164062500e+02,7.855010375976562500e+02,8.901177048683166504e-01,3.944591674804687500e+02,9.798486328125000000e+02,7.834561467170715332e-01,5.391860961914062500e+02,9.715784912109375000e+02,8.984434008598327637e-01,3.944591674804687500e+02,9.798486328125000000e+02,7.878112792968750000e-01,5.474562377929687500e+02,9.591733398437500000e+02,8.538947105407714844e-01,4.192695007324218750e+02,9.757135620117187500e+02,9.178986549377441406e-01,5.433211669921875000e+02,9.302279663085937500e+02,7.841002941131591797e-01,3.687849305459999982e+02,5.589011594664995073e+02,2.043788381622543397e+02,4.262654176045138001e+02,0.000000000000000000e+00,0.000000000000000000e+00,1.000000000000000000e+00
1.902200000000000000e+04,8.800000000000000000e+01,2.664000000000000000e+03,1.990000000000000000e+02,3.707684936523437500e+02,6.058051757812500000e+02,9.233320951461791992e-01,3.749594116210937500e+02,5.974234008789062500e+02,9.049499034881591797e-01,3.749594116210937500e+02,5.974234008789062500e+02,8.517473340034484863e-01,3.917229919433593750e+02,5.974234008789062500e+02,8.980491757392883301e-01,4.126774902343750000e+02,5.974234008789062500e+02,7.744818925857543945e-01,3.875321044921875000e+02,6.519050903320312500e+02,9.663178920745849609e-01,4.336319885253906250e+02,6.477141723632812500e+02,8.674004077911376953e-01,3.833411865234375000e+02,7.231503906250000000e+02,8.660299777984619141e-01,4.336319885253906250e+02,7.231503906250000000e+02,8.269109129905700684e-01,4.042956848144531250e+02,7.943956298828125000e+02,1.815949827432632446e-01,4.462046813964843750e+02,7.985865478515625000e+02,6.366626024246215820e-01,3.959139099121093750e+02,7.902047729492187500e+02,9.354047179222106934e-01,4.336319885253906250e+02,7.860138549804687500e+02,8.290117383003234863e-01,4.001047973632812500e+02,8.824045410156250000e+02,9.675975441932678223e-01,4.420137939453125000e+02,8.740227050781250000e+02,7.608947753906250000e-01,4.084866027832031250e+02,9.620316162109375000e+02,9.178212285041809082e-01,5.006863708496093750e+02,9.368862304687500000e+02,8.538423776626586914e-01,3.917229919433593750e+02,5.680870971679687500e+02,9.188364148139953613e-01,4.042956848144531250e+02,6.225687866210937500e+02,9.109109640121459961e-01,4.126774902343750000e+02,7.860138549804687500e+02,8.700339794158935547e-01,3.875321044921875000e+02,9.787952270507812500e+02,7.742416858673095703e-01,5.048772583007812500e+02,9.704133911132812500e+02,8.283715844154357910e-01,3.917229919433593750e+02,9.829860839843750000e+02,8.216691017150878906e-01,5.090681762695312500e+02,9.662224731445312500e+02,8.658317327499389648e-01,4.210592956542968750e+02,9.704133911132812500e+02,9.090219140052795410e-01,5.132590942382812500e+02,9.368862304687500000e+02,8.674557805061340332e-01,3.441476316615649012e+02,5.575445035270727203e+02,2.040289161122218502e+02,4.281775904428616286e+02,0.000000000000000000e+00,0.000000000000000000e+00,1.000000000000000000e+00
1.902300000000000000e+04,8.800000000000000000e+01,2.651000000000000000e+03,2.000000000000000000e+02,3.523629455566406250e+02,6.069524536132812500e+02,9.512658715248107910e-01,3.566687011718750000e+02,5.983409423828125000e+02,9.104686975479125977e-01,3.566687011718750000e+02,5.940351562500000000e+02,8.839774727821350098e-01,3.738917541503906250e+02,5.983409423828125000e+02,8.897751569747924805e-01,3.911147766113281250e+02,5.940351562500000000e+02,6.908734440803527832e-01,3.825032653808593750e+02,6.500100097656250000e+02,8.075083494186401367e-01,4.212550964355468750e+02,6.413984985351562500e+02,8.275143504142761230e-01,3.781975097656250000e+02,7.232078857421875000e+02,7.574261426925659180e-01,4.212550964355468750e+02,7.145963745117187500e+02,7.628189325332641602e-01,4.126435546875000000e+02,8.093230590820312500e+02,7.484577894210815430e-01,3.738917541503906250e+02,6.672330322265625000e+02,1.921828091144561768e-01,3.954205322265625000e+02,7.877942504882812500e+02,8.680385947227478027e-01,4.255608520507812500e+02,7.834885253906250000e+02,7.652863264083862305e-01,3.911147766113281250e+02,8.825209350585937500e+02,8.316100239753723145e-01,4.255608520507812500e+02,8.739094238281250000e+02,7.441273331642150879e-01,4.126435546875000000e+02,9.643303833007812500e+02,8.154868483543395996e-01,4.686184387207031250e+02,9.428015747070312500e+02,8.468837738037109375e-01,3.738917541503906250e+02,5.638948364257812500e+02,8.818935751914978027e-01,3.868090209960937500e+02,6.155639648437500000e+02,8.274540901184082031e-01,4.083377990722656250e+02,7.791827392578125000e+02,8.893975615501403809e-01,3.997262878417968750e+02,9.729418945312500000e+02,6.838204860687255859e-01,4.729241943359375000e+02,9.729418945312500000e+02,8.437423110008239746e-01,3.997262878417968750e+02,9.772476196289062500e+02,6.587349176406860352e-01,4.729241943359375000e+02,9.686361083984375000e+02,8.805143237113952637e-01,4.169493408203125000e+02,9.729418945312500000e+02,8.800376057624816895e-01,4.858414611816406250e+02,9.471072998046875000e+02,8.321342468261718750e-01,3.187338594178945641e+02,5.540603166054102076e+02,2.040162670419219921e+02,4.366575511917426411e+02,0.000000000000000000e+00,0.000000000000000000e+00,1.000000000000000000e+00
1.902400000000000000e+04,8.800000000000000000e+01,2.664000000000000000e+03,2.010000000000000000e+02,3.400802307128906250e+02,5.982604980468750000e+02,9.171288013458251953e-01,3.486070251464843750e+02,5.897337646484375000e+02,9.134971499443054199e-01,3.443436279296875000e+02,5.897337646484375000e+02,8.489596247673034668e-01,3.656605834960937500e+02,5.939971313476562500e+02,8.703135251998901367e-01,3.827141723632812500e+02,5.897337646484375000e+02,5.694600939750671387e-01,3.784507751464843750e+02,6.536846313476562500e+02,7.076559662818908691e-01,4.040311279296875000e+02,6.451578369140625000e+02,5.903327465057373047e-01,3.912409362792968750e+02,7.304256591796875000e+02,6.903017163276672363e-01,3.784507751464843750e+02,7.176354980468750000e+02,4.661771059036254883e-01,3.869775695800781250e+02,8.029033203125000000e+02,7.838200330734252930e-01,3.400802307128906250e+02,6.451578369140625000e+02,4.027709364891052246e-01,3.869775695800781250e+02,7.858497924804687500e+02,8.465178012847900391e-01,3.955043334960937500e+02,7.858497924804687500e+02,6.476480960845947266e-01,3.912409362792968750e+02,8.839077758789062500e+02,7.676585316658020020e-01,3.955043334960937500e+02,8.839077758789062500e+02,8.081457018852233887e-01,4.168212890625000000e+02,9.649122314453125000e+02,6.919828057289123535e-01,4.338748779296875000e+02,9.478587036132812500e+02,7.501853704452514648e-01,3.613972167968750000e+02,5.598900146484375000e+02,8.498638868331909180e-01,3.784507751464843750e+02,6.195775146484375000e+02,7.725274562835693359e-01,3.912409362792968750e+02,7.773229980468750000e+02,7.987989187240600586e-01,3.997677307128906250e+02,9.734390258789062500e+02,6.959958672523498535e-01,4.509284362792968750e+02,9.691756591796875000e+02,6.660971045494079590e-01,4.040311279296875000e+02,9.777024536132812500e+02,6.645964980125427246e-01,4.466650390625000000e+02,9.691756591796875000e+02,7.251217365264892578e-01,4.210846862792968750e+02,9.734390258789062500e+02,7.126985192298889160e-01,4.466650390625000000e+02,9.563854370117187500e+02,6.608566045761108398e-01,2.960876065644805522e+02,5.474059861980698543e+02,1.974002821981120519e+02,4.369892662915395931e+02,0.000000000000000000e+00,0.000000000000000000e+00,1.000000000000000000e+00
1.902500000000000000e+04,8.800000000000000000e+01,2.672000000000000000e+03,2.020000000000000000e+02,3.263608703613281250e+02,6.007925415039062500e+02,8.842207789421081543e-01,3.352818298339843750e+02,5.918715820312500000e+02,9.025559425354003906e-01,3.308213500976562500e+02,5.918715820312500000e+02,8.700106143951416016e-01,3.531237792968750000e+02,5.918715820312500000e+02,8.352783322334289551e-01,3.709657287597656250e+02,5.874110717773437500e+02,5.529193282127380371e-01,3.798867187500000000e+02,6.498579101562500000e+02,7.361283302307128906e-01,3.620447692871093750e+02,6.453973999023437500e+02,4.709086716175079346e-01,3.843471984863281250e+02,7.301466674804687500e+02,7.082293033599853516e-01,3.531237792968750000e+02,7.256862182617187500e+02,6.595391035079956055e-01,3.665052490234375000e+02,8.059749755859375000e+02,5.980209708213806152e-01,3.352818298339843750e+02,8.015144653320312500e+02,4.715066850185394287e-01,3.843471984863281250e+02,7.881329956054687500e+02,7.508220076560974121e-01,3.709657287597656250e+02,7.881329956054687500e+02,6.288486719131469727e-01,3.754262390136718750e+02,8.773427734375000000e+02,7.074500322341918945e-01,3.665052490234375000e+02,8.773427734375000000e+02,6.962078213691711426e-01,4.066496276855468750e+02,9.620920410156250000e+02,8.611518144607543945e-01,4.066496276855468750e+02,9.576315307617187500e+02,6.592836380004882812e-01,3.442028198242187500e+02,5.561876831054687500e+02,8.433515429496765137e-01,3.665052490234375000e+02,6.141740112304687500e+02,7.395620942115783691e-01,3.798867187500000000e+02,7.836725463867187500e+02,7.923393249511718750e-01,3.798867187500000000e+02,9.799339599609375000e+02,6.419665217399597168e-01,3.665052490234375000e+02,9.799339599609375000e+02,6.528332829475402832e-01,3.977286682128906250e+02,9.799339599609375000e+02,5.288979411125183105e-01,3.709657287597656250e+02,9.665524902343750000e+02,7.312140464782714844e-01,4.200310974121093750e+02,9.754735107421875000e+02,8.759974837303161621e-01,4.155706176757812500e+02,9.710130004882812500e+02,6.895189881324768066e-01,2.772107647220348099e+02,5.390165011637088810e+02,1.955723218127682799e+02,4.503637536365173446e+02,0.000000000000000000e+00,0.000000000000000000e+00,1.000000000000000000e+00
1.902600000000000000e+04,8.800000000000000000e+01,2.672000000000000000e+03,2.030000000000000000e+02,3.124702758789062500e+02,5.997946166992187500e+02,9.151016473770141602e-01,3.170266113281250000e+02,5.906819458007812500e+02,9.114731550216674805e-01,3.124702758789062500e+02,5.906819458007812500e+02,8.122885823249816895e-01,3.306955566406250000e+02,5.952382812500000000e+02,9.449017643928527832e-01,3.671460876464843750e+02,5.906819458007812500e+02,6.962185502052307129e-01,3.352518615722656250e+02,6.499140625000000000e+02,8.077227473258972168e-01,3.899276733398437500e+02,6.408014526367187500e+02,8.154554367065429688e-01,3.352518615722656250e+02,7.273714599609375000e+02,8.382165431976318359e-01,3.808150329589843750e+02,7.091461791992187500e+02,5.246703028678894043e-01,3.215829162597656250e+02,8.093851318359375000e+02,8.377133607864379883e-01,3.215829162597656250e+02,6.590266723632812500e+02,4.624622762203216553e-01,3.443645019531250000e+02,7.820472412109375000e+02,8.521889448165893555e-01,3.853713378906250000e+02,7.774909057617187500e+02,8.251464366912841797e-01,3.398081665039062500e+02,8.640609130859375000e+02,8.508504629135131836e-01,3.853713378906250000e+02,8.640609130859375000e+02,8.834397196769714355e-01,3.580334472656250000e+02,9.506309204101562500e+02,7.952567338943481445e-01,4.081529235839843750e+02,9.506309204101562500e+02,8.268882036209106445e-01,3.352518615722656250e+02,5.587877197265625000e+02,8.971270918846130371e-01,3.534771423339843750e+02,6.180198364257812500e+02,8.281494379043579102e-01,3.671460876464843750e+02,7.729346313476562500e+02,9.386079907417297363e-01,3.398081665039062500e+02,9.734125366210937500e+02,8.274505734443664551e-01,4.035966186523437500e+02,9.734125366210937500e+02,7.086194157600402832e-01,3.398081665039062500e+02,9.779688720703125000e+02,8.363968729972839355e-01,4.081529235839843750e+02,9.688562011718750000e+02,7.436815500259399414e-01,3.671460876464843750e+02,9.642999267578125000e+02,8.853068947792053223e-01,4.127092285156250000e+02,9.642999267578125000e+02,8.594764471054077148e-01,2.654624547782643731e+02,5.402656609732005109e+02,1.942363491566993616e+02,4.617462501535032970e+02,0.000000000000000000e+00,0.000000000000000000e+00,1.000000000000000000e+00
1.902700000000000000e+04,8.800000000000000000e+01,2.667000000000000000e+03,2.040000000000000000e+02,3.028315429687500000e+02,5.928519897460937500e+02,9.326345920562744141e-01,3.073307189941406250e+02,5.838536376953125000e+02,9.290899038314819336e-01,3.073307189941406250e+02,5.838536376953125000e+02,7.444982528686523438e-01,3.163290710449218750e+02,5.883528442382812500e+02,8.360853791236877441e-01,3.523225097656250000e+02,5.838536376953125000e+02,8.373954892158508301e-01,3.253274536132812500e+02,6.423429565429687500e+02,7.674148082733154297e-01,3.748184204101562500e+02,6.288454589843750000e+02,8.629079461097717285e-01,3.208282470703125000e+02,7.278273925781250000e+02,8.932452201843261719e-01,3.703192443847656250e+02,7.053314819335937500e+02,6.905707120895385742e-01,2.938331909179687500e+02,7.998142700195312500e+02,8.964533805847167969e-01,3.433241577148437500e+02,7.638208618164062500e+02,1.414309442043304443e-01,3.343258056640625000e+02,7.773183593750000000e+02,8.159950375556945801e-01,3.703192443847656250e+02,7.728192138671875000e+02,8.046594858169555664e-01,3.163290710449218750e+02,8.628027954101562500e+02,8.279138207435607910e-01,3.748184204101562500e+02,8.628027954101562500e+02,8.065439462661743164e-01,3.253274536132812500e+02,9.527863769531250000e+02,7.530292272567749023e-01,4.063126831054687500e+02,9.572855834960937500e+02,8.113869428634643555e-01,3.253274536132812500e+02,5.568585815429687500e+02,9.718310236930847168e-01,3.388249816894531250e+02,6.063495483398437500e+02,8.286389708518981934e-01,3.523225097656250000e+02,7.683200073242187500e+02,8.901644349098205566e-01,3.028315429687500000e+02,9.707830810546875000e+02,8.929739594459533691e-01,3.973143310546875000e+02,9.752822875976562500e+02,7.482135891914367676e-01,3.028315429687500000e+02,9.752822875976562500e+02,8.902444243431091309e-01,4.063126831054687500e+02,9.707830810546875000e+02,7.376610636711120605e-01,3.343258056640625000e+02,9.662839355468750000e+02,8.388006091117858887e-01,4.153110351562500000e+02,9.662839355468750000e+02,8.647857308387756348e-01,2.595670342124368517e+02,5.426180581194637398e+02,1.900951432409758581e+02,4.622382569314512466e+02,0.000000000000000000e+00,0.000000000000000000e+00,1.000000000000000000e+00
1.902800000000000000e+04,8.800000000000000000e+01,2.667000000000000000e+03,2.050000000000000000e+02,2.859610290527343750e+02,5.994880981445312500e+02,9.377027750015258789e-01,2.903218688964843750e+02,5.907664794921875000e+02,9.260028600692749023e-01,2.859610290527343750e+02,5.864056396484375000e+02,9.105752706527709961e-01,3.077651367187500000e+02,5.907664794921875000e+02,9.220853447914123535e-01,3.295692138671875000e+02,5.864056396484375000e+02,7.992680072784423828e-01,3.121259460449218750e+02,6.430962524414062500e+02,8.153710961341857910e-01,3.513732910156250000e+02,6.343746337890625000e+02,8.444015979766845703e-01,3.034042968750000000e+02,7.215910034179687500e+02,8.620885610580444336e-01,3.426516723632812500e+02,7.041477050781250000e+02,6.388895511627197266e-01,2.685177612304687500e+02,7.913640747070312500e+02,8.940387368202209473e-01,3.208475646972656250e+02,7.608383178710937500e+02,2.268839627504348755e-01,3.208475646972656250e+02,7.782816162109375000e+02,8.423506021499633789e-01,3.557341003417968750e+02,7.739207763671875000e+02,7.611367106437683105e-01,3.034042968750000000e+02,8.698587646484375000e+02,8.567904829978942871e-01,3.688165588378906250e+02,8.654979248046875000e+02,8.454005718231201172e-01,2.946826782226562500e+02,9.570750732421875000e+02,8.168443441390991211e-01,4.037030944824218750e+02,9.570750732421875000e+02,8.817690014839172363e-01,3.077651367187500000e+02,5.602407836914062500e+02,9.371280074119567871e-01,3.208475646972656250e+02,6.125705566406250000e+02,8.586430549621582031e-01,3.382908325195312500e+02,7.739207763671875000e+02,8.905541896820068359e-01,2.597961425781250000e+02,9.701575317382812500e+02,8.197925090789794922e-01,3.949814758300781250e+02,9.745183715820312500e+02,6.888706088066101074e-01,2.641569519042968750e+02,9.788792114257812500e+02,8.077213168144226074e-01,3.993422851562500000e+02,9.701575317382812500e+02,6.860845685005187988e-01,2.990434875488281250e+02,9.701575317382812500e+02,8.032503724098205566e-01,4.124247436523437500e+02,9.657967529296875000e+02,8.980655670166015625e-01,2.470695689007892213e+02,5.489092066535638423e+02,1.859361620942724187e+02,4.530120559179533757e+02,0.000000000000000000e+00,0.000000000000000000e+00,1.000000000000000000e+00
1.902900000000000000e+04,8.800000000000000000e+01,2.667000000000000000e+03,2.060000000000000000e+02,2.706319274902343750e+02,6.017965087890625000e+02,9.370182156562805176e-01,2.794762878417968750e+02,5.929521484375000000e+02,9.042458534240722656e-01,2.750541076660156250e+02,5.929521484375000000e+02,8.712826371192932129e-01,2.927428588867187500e+02,5.973743286132812500e+02,8.935742974281311035e-01,3.192759704589843750e+02,5.929521484375000000e+02,7.722533941268920898e-01,3.015872192382812500e+02,6.504406127929687500e+02,8.835672140121459961e-01,3.369647216796875000e+02,6.415961914062500000e+02,8.173584342002868652e-01,2.838984680175781250e+02,7.300399169921875000e+02,8.432680964469909668e-01,3.104316101074218750e+02,7.211955566406250000e+02,6.155198812484741211e-01,2.440988006591796875e+02,7.875283813476562500e+02,9.012509584426879883e-01,2.706319274902343750e+02,7.786840209960937500e+02,4.205923676490783691e-01,3.148537902832031250e+02,7.831062011718750000e+02,8.469975590705871582e-01,3.281203613281250000e+02,7.786840209960937500e+02,8.072405457496643066e-01,3.590756530761718750e+02,8.803942871093750000e+02,4.695143401622772217e-01,3.590756530761718750e+02,8.848164672851562500e+02,3.677150309085845947e-01,2.662097473144531250e+02,9.599936523437500000e+02,6.937761306762695312e-01,4.032975158691406250e+02,9.644158325195312500e+02,6.218979954719543457e-01,2.927428588867187500e+02,5.619968261718750000e+02,9.497209787368774414e-01,3.104316101074218750e+02,6.239074707031250000e+02,8.480095863342285156e-01,3.236981506347656250e+02,7.786840209960937500e+02,8.956978321075439453e-01,2.264100494384765625e+02,9.599936523437500000e+02,5.867948532104492188e-01,2.264100494384765625e+02,9.644158325195312500e+02,3.834306001663208008e-01,2.264100494384765625e+02,9.644158325195312500e+02,5.967285633087158203e-01,2.352544250488281250e+02,9.599936523437500000e+02,4.356990158557891846e-01,2.662097473144531250e+02,9.776823730468750000e+02,5.194091200828552246e-01,2.706319274902343750e+02,9.776823730468750000e+02,5.446448922157287598e-01,2.260016836676097114e+02,5.495395972878444582e+02,1.873126465604676127e+02,4.534957639673791618e+02,0.000000000000000000e+00,0.000000000000000000e+00,1.000000000000000000e+00
1.903000000000000000e+04,8.800000000000000000e+01,2.667000000000000000e+03,2.070000000000000000e+02,2.600493164062500000e+02,6.052662963867187500e+02,9.546424150466918945e-01,2.600493164062500000e+02,5.965676269531250000e+02,8.729738593101501465e-01,2.600493164062500000e+02,5.965676269531250000e+02,8.671917319297790527e-01,2.774466552734375000e+02,6.009169311523437500e+02,9.356972575187683105e-01,3.078919982910156250e+02,5.965676269531250000e+02,7.823900580406188965e-01,2.861453247070312500e+02,6.531089477539062500e+02,8.188739418983459473e-01,3.209399719238281250e+02,6.444102783203125000e+02,8.362292051315307617e-01,2.687479858398437500e+02,7.313969116210937500e+02,8.782632946968078613e-01,2.948439941406250000e+02,7.226982421875000000e+02,6.456524729728698730e-01,2.209053344726562500e+02,7.835889282226562500e+02,9.162441492080688477e-01,2.339533386230468750e+02,7.618422241210937500e+02,3.406431972980499268e-01,3.078919982910156250e+02,7.922875976562500000e+02,8.750717639923095703e-01,3.122413024902343750e+02,7.879382324218750000e+02,8.122779726982116699e-01,2.774466552734375000e+02,8.792742309570312500e+02,5.869498252868652344e-01,3.470359802246093750e+02,8.836235351562500000e+02,4.952135980129241943e-01,2.470013275146484375e+02,9.575621948242187500e+02,6.374913454055786133e-01,3.992279663085937500e+02,9.619114990234375000e+02,5.449846386909484863e-01,2.774466552734375000e+02,5.661223144531250000e+02,9.285926222801208496e-01,2.948439941406250000e+02,6.226636352539062500e+02,8.965582847595214844e-01,3.122413024902343750e+02,7.835889282226562500e+02,9.224877953529357910e-01,2.035080108642578125e+02,9.532128906250000000e+02,8.361864089965820312e-01,3.861799621582031250e+02,9.749595336914062500e+02,2.479816526174545288e-01,2.078573455810546875e+02,9.619114990234375000e+02,7.517266273498535156e-01,2.165560150146484375e+02,9.575621948242187500e+02,3.111726343631744385e-01,2.470013275146484375e+02,9.749595336914062500e+02,6.933410763740539551e-01,4.079266357421875000e+02,9.706101684570312500e+02,5.374397635459899902e-01,2.140217407818396396e+02,5.497689888158479334e+02,1.878172113291851701e+02,4.487065010352375793e+02,0.000000000000000000e+00,0.000000000000000000e+00,1.000000000000000000e+00
1.903100000000000000e+04,8.800000000000000000e+01,2.667000000000000000e+03,2.080000000000000000e+02,2.449520263671875000e+02,6.106405639648437500e+02,8.977857828140258789e-01,2.493012695312500000e+02,6.019420776367187500e+02,8.829151391983032227e-01,2.493012695312500000e+02,6.019420776367187500e+02,8.421226143836975098e-01,2.666982727050781250e+02,6.062913208007812500e+02,9.157504439353942871e-01,2.971430053710937500e+02,6.019420776367187500e+02,7.849184870719909668e-01,2.753967590332031250e+02,6.628315429687500000e+02,8.688874244689941406e-01,3.101907653808593750e+02,6.584822998046875000e+02,8.318477869033813477e-01,2.493012695312500000e+02,7.411180419921875000e+02,8.624087572097778320e-01,2.884445190429687500e+02,7.237210693359375000e+02,7.111830711364746094e-01,1.971102752685546875e+02,7.802612915039062500e+02,9.049441814422607422e-01,2.449520263671875000e+02,7.150225830078125000e+02,1.684974282979965210e-01,2.884445190429687500e+02,7.976583251953125000e+02,8.725608587265014648e-01,3.058415222167968750e+02,7.933090209960937500e+02,8.484999537467956543e-01,2.623490295410156250e+02,8.802940673828125000e+02,8.713694214820861816e-01,3.362862548828125000e+02,8.889925537109375000e+02,8.105781674385070801e-01,2.362535247802734375e+02,9.585805053710937500e+02,9.058712124824523926e-01,3.928265075683593750e+02,9.585805053710937500e+02,8.816780447959899902e-01,2.666982727050781250e+02,5.671480712890625000e+02,9.311665296554565430e-01,2.840952758789062500e+02,6.323868408203125000e+02,8.962034583091735840e-01,2.971430053710937500e+02,7.889597778320312500e+02,9.146958589553833008e-01,1.927610321044921875e+02,9.629298095703125000e+02,8.890701532363891602e-01,3.754295043945312500e+02,9.759775390625000000e+02,7.717311978340148926e-01,1.971102752685546875e+02,9.716282958984375000e+02,8.488906025886535645e-01,3.797787475585937500e+02,9.672790527343750000e+02,7.162579894065856934e-01,2.406027679443359375e+02,9.759775390625000000e+02,8.240590691566467285e-01,4.015249938964843750e+02,9.672790527343750000e+02,8.331514000892639160e-01,1.957440345585260388e+02,5.505461108134825281e+02,1.910380220175819659e+02,4.468175679628376429e+02,0.000000000000000000e+00,0.000000000000000000e+00,1.000000000000000000e+00
1.903200000000000000e+04,8.800000000000000000e+01,2.672000000000000000e+03,2.090000000000000000e+02,2.312347106933593750e+02,6.087280273437500000e+02,9.392340183258056641e-01,2.355749816894531250e+02,6.000474853515625000e+02,9.254784584045410156e-01,2.355749816894531250e+02,6.000474853515625000e+02,9.226248860359191895e-01,2.572763061523437500e+02,6.043877563476562500e+02,8.950609564781188965e-01,2.789776000976562500e+02,6.000474853515625000e+02,7.943828701972961426e-01,2.572763061523437500e+02,6.608112182617187500e+02,7.914070487022399902e-01,2.963386535644531250e+02,6.521306762695312500e+02,9.235035181045532227e-01,2.355749816894531250e+02,7.389359130859375000e+02,8.474165201187133789e-01,2.702970886230468750e+02,7.259151611328125000e+02,7.315970659255981445e-01,1.791515502929687500e+02,7.736580200195312500e+02,9.314341545104980469e-01,1.965126037597656250e+02,7.606372680664062500e+02,3.823861777782440186e-01,2.702970886230468750e+02,7.996996459960937500e+02,9.041661024093627930e-01,2.919984130859375000e+02,7.953593750000000000e+02,8.772009015083312988e-01,2.485957641601562500e+02,8.821646118164062500e+02,9.068160057067871094e-01,3.223802490234375000e+02,8.908451538085937500e+02,8.729250431060791016e-01,2.268944549560546875e+02,9.646296386718750000e+02,9.409418702125549316e-01,3.831439208984375000e+02,9.559490966796875000e+02,9.113152623176574707e-01,2.572763061523437500e+02,5.696656494140625000e+02,9.370822310447692871e-01,2.702970886230468750e+02,6.304293823242187500e+02,9.411689043045043945e-01,2.789776000976562500e+02,7.910191040039062500e+02,9.061502814292907715e-01,1.878320770263671875e+02,9.776504516601562500e+02,9.053341150283813477e-01,3.744634094238281250e+02,9.733101806640625000e+02,6.742841005325317383e-01,1.921723480224609375e+02,9.819906616210937500e+02,9.253199100494384766e-01,3.874841918945312500e+02,9.689699096679687500e+02,6.549470424652099609e-01,2.312347106933593750e+02,9.776504516601562500e+02,8.765383958816528320e-01,3.961647338867187500e+02,9.646296386718750000e+02,8.072065114974975586e-01,1.847375643602821071e+02,5.496620586705574851e+02,1.948854525385048930e+02,4.454654820473223253e+02,0.000000000000000000e+00,0.000000000000000000e+00,1.000000000000000000e+00
1.903300000000000000e+04,8.800000000000000000e+01,2.670000000000000000e+03,2.100000000000000000e+02,2.169163970947265625e+02,6.087678833007812500e+02,9.561781883239746094e-01,2.213008728027343750e+02,5.999989013671875000e+02,9.308527708053588867e-01,2.213008728027343750e+02,5.999989013671875000e+02,8.436027765274047852e-01,2.344543151855468750e+02,6.043833618164062500e+02,8.667758107185363770e-01,2.651456604003906250e+02,5.999989013671875000e+02,8.186073899269104004e-01,2.300698394775390625e+02,6.526126098632812500e+02,7.947742938995361328e-01,2.870680541992187500e+02,6.482281494140625000e+02,9.074749350547790527e-01,2.169163970947265625e+02,7.359177246093750000e+02,8.692022562026977539e-01,2.695301513671875000e+02,7.096108398437500000e+02,6.881487369537353516e-01,1.643026580810546875e+02,7.709935302734375000e+02,9.255654811859130859e-01,2.213008728027343750e+02,6.701505737304687500e+02,4.406941831111907959e-01,2.519922180175781250e+02,7.929159545898437500e+02,8.209131956100463867e-01,2.782991027832031250e+02,7.885314941406250000e+02,7.879838943481445312e-01,2.388387908935546875e+02,8.849899902343750000e+02,7.311609387397766113e-01,3.002214965820312500e+02,8.937589721679687500e+02,5.445053577423095703e-01,2.213008728027343750e+02,9.639105834960937500e+02,5.197268128395080566e-01,2.213008728027343750e+02,9.726795654296875000e+02,4.368804097175598145e-01,2.432232666015625000e+02,5.693075561523437500e+02,9.050885438919067383e-01,2.519922180175781250e+02,6.219212646484375000e+02,9.341077804565429688e-01,2.607611694335937500e+02,7.841469726562500000e+02,8.302997946739196777e-01,3.572196960449218750e+02,9.770640258789062500e+02,4.391262531280517578e-01,1.862250518798828125e+02,9.858330078125000000e+02,6.048749685287475586e-01,3.747576293945312500e+02,9.726795654296875000e+02,3.264319896697998047e-01,1.862250518798828125e+02,9.814484863281250000e+02,5.833260416984558105e-01,2.300698394775390625e+02,9.814484863281250000e+02,5.174084901809692383e-01,2.300698394775390625e+02,9.814484863281250000e+02,6.855737566947937012e-01,1.760427414605613876e+02,5.489594772801490308e+02,2.000008035561284032e+02,4.479281907329630030e+02,0.000000000000000000e+00,0.000000000000000000e+00,1.000000000000000000e+00
1.903400000000000000e+04,8.800000000000000000e+01,2.648000000000000000e+03,2.110000000000000000e+02,2.040589447021484375e+02,6.038451538085937500e+02,9.648180007934570312e-01,2.084189758300781250e+02,5.951251220703125000e+02,9.363942146301269531e-01,2.040589447021484375e+02,5.951251220703125000e+02,9.057215452194213867e-01,2.258591308593750000e+02,5.994851074218750000e+02,9.044914841651916504e-01,2.476593322753906250e+02,5.951251220703125000e+02,7.908547520637512207e-01,2.171390533447265625e+02,6.474455566406250000e+02,7.965097427368164062e-01,2.650994873046875000e+02,6.430855102539062500e+02,8.836330771446228027e-01,2.084189758300781250e+02,7.302863159179687500e+02,8.999060392379760742e-01,2.432992858886718750e+02,7.172061767578125000e+02,5.271010398864746094e-01,1.560985107421875000e+02,7.695266723632812500e+02,9.021734595298767090e-01,2.127790222167968750e+02,7.564465332031250000e+02,2.715316414833068848e-01,2.345792083740234375e+02,7.869667968750000000e+02,8.596803545951843262e-01,2.563793945312500000e+02,7.826067504882812500e+02,7.797778844833374023e-01,2.214990997314453125e+02,8.741676025390625000e+02,9.030912518501281738e-01,2.694595336914062500e+02,8.872476806640625000e+02,7.864506244659423828e-01,2.171390533447265625e+02,9.657283935546875000e+02,8.316317200660705566e-01,3.435801696777343750e+02,9.439282226562500000e+02,7.064957022666931152e-01,2.258591308593750000e+02,5.689648437500000000e+02,9.168724417686462402e-01,2.389392547607421875e+02,6.212853393554687500e+02,8.842712640762329102e-01,2.432992858886718750e+02,7.782467041015625000e+02,8.853883743286132812e-01,3.828205261230468750e+02,9.700884399414062500e+02,5.526232719421386719e-01,1.822587432861328125e+02,9.875285644531250000e+02,3.344250023365020752e-01,3.828205261230468750e+02,9.570083007812500000e+02,5.924229025840759277e-01,1.866187896728515625e+02,9.875285644531250000e+02,3.675862848758697510e-01,2.258591308593750000e+02,9.831685180664062500e+02,5.620283484458923340e-01,2.258591308593750000e+02,9.831685180664062500e+02,4.729110896587371826e-01,1.611424308470965912e+02,5.485523691219209468e+02,2.030480708473048139e+02,4.471868980975698378e+02,0.000000000000000000e+00,0.000000000000000000e+00,1.000000000000000000e+00
1.903500000000000000e+04,8.800000000000000000e+01,2.658000000000000000e+03,2.120000000000000000e+02,1.885963439941406250e+02,6.012225952148437500e+02,9.382365345954895020e-01,1.929139404296875000e+02,5.925874023437500000e+02,9.543296098709106445e-01,1.885963439941406250e+02,5.925874023437500000e+02,9.144026637077331543e-01,2.058667144775390625e+02,5.969049682617187500e+02,9.206404685974121094e-01,2.360898590087890625e+02,5.925874023437500000e+02,8.621756434440612793e-01,2.058667144775390625e+02,6.487161254882812500e+02,8.632667064666748047e-01,2.533602294921875000e+02,6.400809326171875000e+02,9.124195575714111328e-01,1.929139404296875000e+02,7.350679321289062500e+02,9.001186490058898926e-01,2.447250518798828125e+02,7.134799804687500000e+02,6.707921028137207031e-01,1.454204254150390625e+02,7.696087036132812500e+02,9.026251435279846191e-01,2.058667144775390625e+02,7.566559448242187500e+02,3.272548019886016846e-01,2.231370849609375000e+02,7.911966552734375000e+02,8.422311544418334961e-01,2.447250518798828125e+02,7.868790893554687500e+02,7.837136387825012207e-01,2.145019073486328125e+02,8.818660888671875000e+02,8.601993322372436523e-01,2.490426483154296875e+02,8.818660888671875000e+02,7.031220793724060059e-01,2.145019073486328125e+02,9.725355224609375000e+02,8.845533132553100586e-01,3.224417114257812500e+02,9.423123779296875000e+02,8.062242269515991211e-01,2.101843109130859375e+02,5.623642578125000000e+02,9.314024448394775391e-01,2.231370849609375000e+02,6.228105468750000000e+02,9.071713685989379883e-01,2.360898590087890625e+02,7.825614624023437500e+02,9.024648666381835938e-01,1.842787475585937500e+02,9.854883422851562500e+02,8.048310279846191406e-01,3.526648559570312500e+02,9.639003906250000000e+02,6.955083608627319336e-01,1.842787475585937500e+02,9.898059082031250000e+02,8.072343468666076660e-01,3.569824523925781250e+02,9.595827636718750000e+02,7.899497151374816895e-01,2.274546813964843750e+02,9.854883422851562500e+02,8.776156902313232422e-01,3.353945007324218750e+02,9.466300048828125000e+02,6.435723304748535156e-01,1.419456751169705058e+02,5.527377350864635446e+02,2.055062887465171571e+02,4.440083312687110038e+02,0.000000000000000000e+00,0.000000000000000000e+00,1.000000000000000000e+00
1.903600000000000000e+04,8.800000000000000000e+01,2.648000000000000000e+03,2.130000000000000000e+02,1.729887695312500000e+02,5.964630126953125000e+02,9.516264200210571289e-01,1.772497253417968750e+02,5.879411010742187500e+02,9.202406406402587891e-01,1.772497253417968750e+02,5.879411010742187500e+02,9.152278900146484375e-01,1.942935485839843750e+02,5.922020874023437500e+02,9.063678383827209473e-01,2.198592987060546875e+02,5.879411010742187500e+02,8.118919730186462402e-01,1.900325927734375000e+02,6.475945434570312500e+02,8.771049380302429199e-01,2.411640777587890625e+02,6.348116455078125000e+02,9.036868214607238770e-01,1.772497253417968750e+02,7.328136596679687500e+02,8.592481613159179688e-01,2.326421661376953125e+02,7.115088500976562500e+02,5.691570043563842773e-01,1.346401519775390625e+02,7.754232177734375000e+02,8.967344164848327637e-01,1.516839904785156250e+02,7.498574829101562500e+02,1.906427443027496338e-01,2.113373870849609375e+02,7.882061157226562500e+02,8.993951082229614258e-01,2.326421661376953125e+02,7.839451293945312500e+02,8.218227624893188477e-01,2.028154754638671875e+02,8.819471435546875000e+02,8.300600647926330566e-01,2.326421661376953125e+02,8.819471435546875000e+02,7.371223568916320801e-01,2.113373870849609375e+02,9.671663208007812500e+02,8.820391893386840820e-01,3.008174743652343750e+02,9.416005859375000000e+02,8.647155165672302246e-01,1.985545043945312500e+02,5.623753662109375000e+02,9.375113248825073242e-01,2.070764312744140625e+02,6.135068359375000000e+02,8.957805633544921875e-01,2.241202545166015625e+02,7.796842041015625000e+02,8.883086442947387695e-01,1.815106811523437500e+02,9.842101440429687500e+02,8.175135850906372070e-01,3.178612976074218750e+02,9.756882324218750000e+02,8.631080389022827148e-01,1.815106811523437500e+02,9.884710693359375000e+02,8.333461284637451172e-01,3.221222534179687500e+02,9.714272460937500000e+02,8.146807551383972168e-01,2.241202545166015625e+02,9.842101440429687500e+02,7.718793749809265137e-01,3.136003417968750000e+02,9.416005859375000000e+02,7.629433274269104004e-01,1.252150622878605049e+02,5.515757809564870513e+02,2.048898030707838984e+02,4.389463749930706626e+02,0.000000000000000000e+00,0.000000000000000000e+00,1.000000000000000000e+00
1.903700000000000000e+04,8.800000000000000000e+01,2.648000000000000000e+03,2.140000000000000000e+02,1.609848480224609375e+02,5.891154785156250000e+02,9.587141275405883789e-01,1.653645019531250000e+02,5.847357788085937500e+02,9.144310355186462402e-01,1.609848480224609375e+02,5.803561401367187500e+02,8.856382369995117188e-01,1.785034637451171875e+02,5.891154785156250000e+02,9.130256772041320801e-01,2.047813873291015625e+02,5.847357788085937500e+02,8.224741816520690918e-01,1.785034637451171875e+02,6.416712646484375000e+02,8.781326413154602051e-01,2.266796417236328125e+02,6.285323486328125000e+02,8.973678350448608398e-01,1.697441558837890625e+02,7.292643432617187500e+02,7.969861626625061035e-01,2.222999877929687500e+02,7.073660888671875000e+02,6.328164339065551758e-01,1.303272857666015625e+02,7.774405517578125000e+02,8.995156288146972656e-01,1.960220794677734375e+02,7.511625976562500000e+02,5.552405118942260742e-01,1.960220794677734375e+02,7.818201904296875000e+02,8.393720388412475586e-01,2.222999877929687500e+02,7.730608520507812500e+02,8.165863156318664551e-01,2.004017333984375000e+02,8.825521850585937500e+02,8.516264557838439941e-01,2.135406799316406250e+02,8.781725463867187500e+02,7.916514277458190918e-01,2.091610412597656250e+02,9.701452636718750000e+02,6.670726537704467773e-01,2.704761657714843750e+02,9.438673095703125000e+02,6.724709272384643555e-01,1.828831176757812500e+02,5.540782470703125000e+02,9.882364869117736816e-01,1.960220794677734375e+02,6.110137329101562500e+02,9.089260101318359375e-01,2.091610412597656250e+02,7.730608520507812500e+02,8.965854048728942871e-01,1.828831176757812500e+02,9.876638793945312500e+02,8.253463506698608398e-01,2.879947814941406250e+02,9.745249023437500000e+02,7.186644077301025391e-01,1.872627716064453125e+02,9.920435180664062500e+02,8.213286399841308594e-01,2.923744201660156250e+02,9.657655639648437500e+02,8.057708144187927246e-01,2.179203338623046875e+02,9.832841796875000000e+02,7.936421036720275879e-01,2.836151428222656250e+02,9.438673095703125000e+02,7.846046686172485352e-01,1.086494101967869170e+02,5.454039412944579226e+02,2.065635841615368804e+02,4.451174344243056566e+02,0.000000000000000000e+00,0.000000000000000000e+00,1.000000000000000000e+00
1.903800000000000000e+04,8.800000000000000000e+01,2.672000000000000000e+03,2.150000000000000000e+02,1.501545410156250000e+02,5.907500610351562500e+02,9.319446682929992676e-01,1.544511260986328125e+02,5.821568603515625000e+02,9.314372539520263672e-01,1.501545410156250000e+02,5.778602905273437500e+02,8.875598311424255371e-01,1.673408966064453125e+02,5.864534912109375000e+02,9.324129223823547363e-01,1.974170379638671875e+02,5.821568603515625000e+02,8.166368007659912109e-01,1.716374969482421875e+02,6.380125732421875000e+02,8.321191072463989258e-01,2.103068084716796875e+02,6.294193725585937500e+02,9.343689084053039551e-01,1.630443115234375000e+02,7.239443359375000000e+02,8.629718422889709473e-01,2.017136230468750000e+02,7.024614257812500000e+02,6.897126436233520508e-01,1.243750000000000000e+02,7.712068481445312500e+02,8.941733837127685547e-01,1.759340820312500000e+02,7.497238769531250000e+02,4.437340795993804932e-01,1.802306671142578125e+02,7.798000488281250000e+02,8.542380332946777344e-01,2.103068084716796875e+02,7.755034179687500000e+02,8.398260474205017090e-01,1.759340820312500000e+02,8.743250122070312500e+02,8.483908772468566895e-01,2.017136230468750000e+02,8.743250122070312500e+02,8.216051459312438965e-01,2.060102081298828125e+02,9.645534057617187500e+02,6.374019980430603027e-01,2.489761199951171875e+02,9.473670654296875000e+02,7.264084815979003906e-01,1.716374969482421875e+02,5.520807495117187500e+02,9.500635862350463867e-01,1.845272674560546875e+02,6.079364013671875000e+02,8.537330031394958496e-01,1.931204376220703125e+02,7.712068481445312500e+02,9.377579689025878906e-01,1.802306671142578125e+02,9.860363769531250000e+02,6.918620467185974121e-01,2.446795196533203125e+02,9.817397460937500000e+02,7.149047851562500000e-01,1.888238525390625000e+02,9.860363769531250000e+02,6.985122561454772949e-01,2.446795196533203125e+02,9.774431762695312500e+02,7.644764780998229980e-01,2.146033935546875000e+02,9.817397460937500000e+02,6.141861081123352051e-01,2.704590759277343750e+02,9.559602050781250000e+02,8.650314211845397949e-01,9.502106980770224709e+01,5.447741851807346620e+02,2.018289969547989244e+02,4.418187680909502433e+02,0.000000000000000000e+00,0.000000000000000000e+00,1.000000000000000000e+00
1.903900000000000000e+04,8.800000000000000000e+01,2.672000000000000000e+03,2.160000000000000000e+02,1.332174377441406250e+02,5.891599121093750000e+02,9.377898573875427246e-01,1.423574523925781250e+02,5.845899047851562500e+02,9.221939444541931152e-01,1.377874450683593750e+02,5.800198974609375000e+02,7.761501073837280273e-01,1.514974822998046875e+02,5.891599121093750000e+02,8.852373957633972168e-01,1.834875793457031250e+02,5.845899047851562500e+02,8.662391304969787598e-01,1.514974822998046875e+02,6.485701293945312500e+02,8.777260184288024902e-01,1.971976165771484375e+02,6.394301147460937500e+02,9.071428179740905762e-01,1.514974822998046875e+02,7.216903686523437500e+02,8.713256120681762695e-01,1.971976165771484375e+02,7.079802856445312500e+02,8.164678215980529785e-01,1.195073928833007812e+02,7.765305175781250000e+02,9.221160411834716797e-01,1.743475494384765625e+02,7.582504272460937500e+02,8.602482676506042480e-01,1.652075347900390625e+02,7.811005249023437500e+02,8.618582487106323242e-01,1.971976165771484375e+02,7.765305175781250000e+02,8.794071078300476074e-01,1.514974822998046875e+02,8.679307861328125000e+02,9.273906350135803223e-01,1.971976165771484375e+02,8.725007934570312500e+02,8.611119389533996582e-01,2.063376464843750000e+02,9.456210327148437500e+02,8.217031955718994141e-01,2.109076690673828125e+02,9.501910400390625000e+02,7.037087082862854004e-01,1.606375122070312500e+02,5.571698608398437500e+02,9.342514276504516602e-01,1.652075347900390625e+02,6.120100097656250000e+02,8.625394105911254883e-01,1.789175720214843750e+02,7.719605102539062500e+02,9.566373825073242188e-01,1.834875793457031250e+02,9.776110839843750000e+02,6.707726716995239258e-01,1.834875793457031250e+02,9.867511596679687500e+02,7.231977581977844238e-01,1.926276092529296875e+02,9.776110839843750000e+02,6.314157843589782715e-01,1.880576019287109375e+02,9.776110839843750000e+02,7.187818884849548340e-01,2.291877136230468750e+02,9.547610473632812500e+02,7.318866252899169922e-01,2.337577362060546875e+02,9.684710693359375000e+02,7.124856114387512207e-01,7.890744619166962082e+01,5.355142446711467983e+02,2.045100949985406373e+02,4.591014080625390079e+02,0.000000000000000000e+00,0.000000000000000000e+00,1.000000000000000000e+00
1.904000000000000000e+04,8.800000000000000000e+01,2.665000000000000000e+03,2.170000000000000000e+02,1.209043579101562500e+02,5.860743408203125000e+02,9.599561095237731934e-01,1.254660491943359375e+02,5.815126953125000000e+02,9.423149824142456055e-01,1.254660491943359375e+02,5.769509887695312500e+02,8.280558586120605469e-01,1.391511230468750000e+02,5.860743408203125000e+02,9.322802424430847168e-01,1.710829315185546875e+02,5.815126953125000000e+02,8.657408356666564941e-01,1.300277404785156250e+02,6.408146362304687500e+02,8.833989500999450684e-01,1.893296966552734375e+02,6.362529296875000000e+02,9.053980112075805664e-01,1.345894317626953125e+02,7.138016357421875000e+02,8.887732028961181641e-01,1.938913879394531250e+02,7.046782836914062500e+02,7.123138308525085449e-01,1.163426742553710938e+02,7.822269897460937500e+02,9.360201358795166016e-01,1.665212554931640625e+02,7.502951660156250000e+02,6.340234875679016113e-01,1.482744903564453125e+02,7.685419311523437500e+02,8.632183670997619629e-01,1.893296966552734375e+02,7.685419311523437500e+02,8.891103863716125488e-01,1.345894317626953125e+02,8.643374023437500000e+02,9.003758430480957031e-01,1.893296966552734375e+02,8.688990478515625000e+02,7.872955799102783203e-01,1.710829315185546875e+02,9.327626953125000000e+02,6.901577711105346680e-01,1.984530639648437500e+02,9.327626953125000000e+02,6.947337985038757324e-01,1.482744903564453125e+02,5.495808715820312500e+02,8.978300690650939941e-01,1.573978729248046875e+02,6.088828125000000000e+02,8.945890069007873535e-01,1.665212554931640625e+02,7.639802246093750000e+02,9.288122057914733887e-01,1.710829315185546875e+02,9.555711669921875000e+02,7.066046595573425293e-01,1.938913879394531250e+02,9.555711669921875000e+02,6.596871018409729004e-01,1.665212554931640625e+02,9.555711669921875000e+02,7.109646797180175781e-01,2.121381378173828125e+02,9.510094604492187500e+02,7.040184140205383301e-01,1.847680053710937500e+02,9.327626953125000000e+02,7.207649946212768555e-01,2.030147552490234375e+02,9.327626953125000000e+02,6.829072833061218262e-01,6.747903778344918635e+01,5.271846599344484048e+02,2.009149212041446617e+02,4.649532728782437516e+02,0.000000000000000000e+00,0.000000000000000000e+00,1.000000000000000000e+00
1.904100000000000000e+04,8.800000000000000000e+01,2.660000000000000000e+03,2.180000000000000000e+02,1.079840698242187500e+02,5.906232910156250000e+02,9.424793720245361328e-01,1.127780456542968750e+02,5.810353393554687500e+02,9.471658468246459961e-01,1.127780456542968750e+02,5.810353393554687500e+02,8.700146079063415527e-01,1.271599655151367188e+02,5.858292846679687500e+02,9.027918577194213867e-01,1.559238128662109375e+02,5.858292846679687500e+02,8.784688115119934082e-01,1.271599655151367188e+02,6.529449462890625000e+02,8.059076666831970215e-01,1.750997161865234375e+02,6.385629882812500000e+02,8.374449014663696289e-01,1.271599655151367188e+02,7.344425048828125000e+02,7.881948947906494141e-01,1.703057403564453125e+02,7.200605468750000000e+02,6.041194200515747070e-01,1.079840698242187500e+02,8.063521118164062500e+02,8.670862317085266113e-01,1.079840698242187500e+02,7.967641601562500000e+02,3.005006015300750732e-01,1.367479095458984375e+02,7.871762084960937500e+02,8.314662575721740723e-01,1.798936920166015625e+02,7.871762084960937500e+02,7.975766658782958984e-01,1.127780456542968750e+02,8.638798217773437500e+02,8.576465249061584473e-01,1.750997161865234375e+02,8.830557250976562500e+02,7.894715666770935059e-01,1.463358612060546875e+02,9.645532836914062500e+02,8.806994557380676270e-01,2.038635559082031250e+02,9.645532836914062500e+02,8.792519569396972656e-01,1.319539337158203125e+02,5.522714843750000000e+02,9.100219011306762695e-01,1.415418853759765625e+02,6.145931396484375000e+02,8.389402031898498535e-01,1.559238128662109375e+02,7.823822631835937500e+02,9.118250608444213867e-01,1.271599655151367188e+02,9.837291870117187500e+02,6.601472496986389160e-01,1.798936920166015625e+02,9.837291870117187500e+02,8.861230015754699707e-01,1.319539337158203125e+02,9.885231323242187500e+02,7.602134943008422852e-01,1.846876678466796875e+02,9.837291870117187500e+02,8.235238194465637207e-01,1.607177886962890625e+02,9.741412353515625000e+02,9.135604500770568848e-01,2.086575317382812500e+02,9.741412353515625000e+02,8.795083165168762207e-01,5.593900983984613617e+01,5.280547304720099646e+02,2.012655957185773730e+02,4.826994078161714015e+02,0.000000000000000000e+00,0.000000000000000000e+00,1.000000000000000000e+00
1.904200000000000000e+04,8.800000000000000000e+01,2.660000000000000000e+03,2.190000000000000000e+02,9.508934783935546875e+01,5.912325439453125000e+02,9.559832215309143066e-01,9.964726257324218750e+01,5.821166992187500000e+02,9.158609509468078613e-01,9.508934783935546875e+01,5.821166992187500000e+02,7.526589035987854004e-01,1.087630996704101562e+02,5.866746215820312500e+02,8.612180352210998535e-01,1.406685028076171875e+02,5.821166992187500000e+02,7.724586129188537598e-01,1.133210144042968750e+02,6.368117065429687500e+02,7.958799004554748535e-01,1.589001770019531250e+02,6.322537841796875000e+02,8.606880903244018555e-01,1.087630996704101562e+02,7.188541870117187500e+02,8.428140878677368164e-01,1.543422546386718750e+02,7.097383422851562500e+02,4.647513628005981445e-01,1.087630996704101562e+02,8.054545898437500000e+02,6.953645944595336914e-01,1.269947586059570312e+02,6.915066528320312500e+02,2.671161293983459473e-01,1.224368438720703125e+02,7.689912719726562500e+02,8.333483338356018066e-01,1.634580841064453125e+02,7.689912719726562500e+02,7.846716642379760742e-01,9.964726257324218750e+01,8.647074584960937500e+02,8.535212874412536621e-01,1.725739288330078125e+02,8.692653808593750000e+02,8.111205101013183594e-01,1.133210144042968750e+02,9.740974731445312500e+02,8.920150995254516602e-01,1.999214172363281250e+02,9.695395507812500000e+02,9.539570212364196777e-01,1.178789291381835938e+02,5.502113037109375000e+02,9.379830360412597656e-01,1.269947586059570312e+02,6.094641723632812500e+02,8.563074469566345215e-01,1.406685028076171875e+02,7.644333496093750000e+02,8.145455121994018555e-01,7.685768890380859375e+01,9.923291625976562500e+02,8.135180473327636719e-01,1.725739288330078125e+02,9.923291625976562500e+02,7.551469206809997559e-01,8.141560363769531250e+01,9.968870239257812500e+02,8.720498681068420410e-01,1.771318359375000000e+02,9.877712402343750000e+02,8.798599839210510254e-01,1.224368438720703125e+02,9.923291625976562500e+02,8.474787473678588867e-01,2.090372467041015625e+02,9.832133178710937500e+02,9.084241390228271484e-01,5.471348740162018487e+01,5.366816378888590862e+02,1.936751671409409141e+02,4.737266801900177597e+02,0.000000000000000000e+00,4.000000000000000000e+00,1.000000000000000000e+00
1.904300000000000000e+04,8.800000000000000000e+01,2.660000000000000000e+03,2.200000000000000000e+02,8.108868408203125000e+01,5.924889526367187500e+02,9.265441894531250000e-01,8.108868408203125000e+01,5.832873535156250000e+02,9.925087690353393555e-01,8.568948364257812500e+01,5.832873535156250000e+02,7.097995281219482422e-01,9.489106750488281250e+01,5.924889526367187500e+02,9.588347077369689941e-01,1.362982025146484375e+02,5.878881225585937500e+02,8.197553753852844238e-01,9.489106750488281250e+01,6.430976562500000000e+02,8.180967569351196289e-01,1.454997863769531250e+02,6.384968872070312500e+02,8.140403628349304199e-01,9.489106750488281250e+01,7.167103881835937500e+02,8.505216836929321289e-01,1.454997863769531250e+02,7.121095581054687500e+02,5.613048076629638672e-01,1.040926513671875000e+02,8.179277954101562500e+02,7.059980630874633789e-01,1.178950347900390625e+02,6.937064208984375000e+02,3.310408592224121094e-01,1.086934432983398438e+02,7.765206909179687500e+02,8.363558053970336914e-01,1.501005859375000000e+02,7.719198608398437500e+02,8.229197859764099121e-01,8.568948364257812500e+01,8.731373291015625000e+02,9.541760087013244629e-01,1.639029693603515625e+02,8.731373291015625000e+02,8.447220921516418457e-01,8.108868408203125000e+01,9.697539672851562500e+02,9.002488255500793457e-01,1.961085205078125000e+02,9.697539672851562500e+02,9.218924045562744141e-01,1.086934432983398438e+02,5.556826171875000000e+02,9.499996304512023926e-01,1.132942428588867188e+02,6.154929199218750000e+02,8.536444902420043945e-01,1.270966186523437500e+02,7.673190917968750000e+02,8.667219877243041992e-01,4.888313293457031250e+01,9.835563964843750000e+02,9.035668373107910156e-01,1.731045532226562500e+02,9.973587646484375000e+02,8.589608669281005859e-01,4.888313293457031250e+01,9.881571655273437500e+02,9.236763715744018555e-01,1.777053375244140625e+02,9.927579345703125000e+02,9.095483422279357910e-01,9.029027557373046875e+01,9.881571655273437500e+02,8.674485683441162109e-01,2.099109039306640625e+02,9.835563964843750000e+02,9.449267387390136719e-01,4.298353332832019191e+01,5.376732818380737626e+02,1.909332495273204700e+02,4.728876621785026373e+02,0.000000000000000000e+00,4.000000000000000000e+00,1.000000000000000000e+00
1.904400000000000000e+04,8.800000000000000000e+01,2.670000000000000000e+03,2.210000000000000000e+02,6.621391296386718750e+01,5.953044433593750000e+02,9.314499497413635254e-01,7.081631469726562500e+01,5.860996704101562500e+02,9.393901824951171875e-01,7.081631469726562500e+01,5.814972534179687500e+02,8.629260063171386719e-01,8.462352752685546875e+01,5.907020263671875000e+02,9.287405610084533691e-01,1.168403472900390625e+02,5.860996704101562500e+02,8.028064370155334473e-01,8.462352752685546875e+01,6.413284912109375000e+02,8.567466735839843750e-01,1.260451507568359375e+02,6.321236572265625000e+02,8.822913169860839844e-01,8.002111816406250000e+01,7.149669189453125000e+02,8.555742502212524414e-01,1.306475524902343750e+02,7.057621459960937500e+02,7.075359225273132324e-01,9.382833099365234375e+01,8.162197875976562500e+02,5.407800674438476562e-01,1.168403472900390625e+02,7.563885498046875000e+02,3.776119649410247803e-01,9.382833099365234375e+01,7.701957397460937500e+02,8.683583140373229980e-01,1.352499542236328125e+02,7.701957397460937500e+02,8.574085235595703125e-01,7.541871643066406250e+01,8.668462524414062500e+02,9.360423088073730469e-01,1.582619781494140625e+02,8.668462524414062500e+02,8.398767709732055664e-01,5.700910568237304688e+01,9.680990600585937500e+02,9.406043291091918945e-01,1.950811920166015625e+02,9.727014770507812500e+02,9.020745754241943359e-01,9.382833099365234375e+01,5.584852294921875000e+02,9.423679113388061523e-01,9.843073272705078125e+01,6.137140502929687500e+02,8.450853824615478516e-01,1.122379455566406250e+02,7.655933837890625000e+02,8.858015537261962891e-01,1.558747959136962891e+01,9.680990600585937500e+02,9.618758559226989746e-01,1.766715850830078125e+02,9.911110839843750000e+02,8.656954765319824219e-01,2.018988227844238281e+01,9.727014770507812500e+02,9.071094393730163574e-01,1.812739868164062500e+02,9.911110839843750000e+02,7.979303002357482910e-01,6.161151123046875000e+01,9.865087280273437500e+02,8.753789663314819336e-01,2.042859954833984375e+02,9.819063110351562500e+02,8.574509024620056152e-01,2.946866266513927712e+01,5.399160931116780375e+02,1.894732849791014928e+02,4.725945197339754031e+02,0.000000000000000000e+00,4.000000000000000000e+00,1.000000000000000000e+00
1.904500000000000000e+04,8.800000000000000000e+01,2.664000000000000000e+03,2.220000000000000000e+02,5.301798248291015625e+01,5.974663696289062500e+02,9.247505068778991699e-01,5.758161926269531250e+01,5.883391113281250000e+02,9.241527318954467773e-01,5.758161926269531250e+01,5.883391113281250000e+02,7.929332256317138672e-01,7.127251434326171875e+01,5.974663696289062500e+02,9.237724542617797852e-01,1.032179489135742188e+02,5.929027099609375000e+02,8.170753121376037598e-01,6.670888519287109375e+01,6.476663208007812500e+02,8.951462507247924805e-01,1.169088439941406250e+02,6.431026611328125000e+02,8.877073526382446289e-01,7.127251434326171875e+01,7.298117065429687500e+02,8.304798603057861328e-01,1.169088439941406250e+02,7.161207885742187500e+02,6.439378857612609863e-01,8.952704620361328125e+01,8.210843505859375000e+02,6.905657649040222168e-01,1.123452148437500000e+02,7.708843994140625000e+02,3.862960636615753174e-01,8.039978027343750000e+01,7.800116577148437500e+02,8.607929944992065430e-01,1.214724807739257812e+02,7.754480590820312500e+02,8.716928362846374512e-01,6.214524841308593750e+01,8.712843627929687500e+02,9.421059489250183105e-01,1.442906494140625000e+02,8.712843627929687500e+02,8.743233084678649902e-01,3.932708740234375000e+01,9.671206054687500000e+02,9.079858064651489258e-01,1.853633422851562500e+02,9.625570068359375000e+02,8.052842617034912109e-01,8.039978027343750000e+01,5.609572753906250000e+02,9.548446536064147949e-01,8.952704620361328125e+01,6.202845458984375000e+02,8.753749728202819824e-01,9.865431213378906250e+01,7.708843994140625000e+02,9.259504079818725586e-01,7.381654739379882812e+00,9.671206054687500000e+02,9.383358955383300781e-01,1.762360687255859375e+02,9.853751831054687500e+02,8.302968740463256836e-01,7.381654739379882812e+00,9.762478637695312500e+02,9.258973598480224609e-01,1.899269714355468750e+02,9.853751831054687500e+02,8.161695599555969238e-01,4.389071655273437500e+01,9.853751831054687500e+02,8.686264157295227051e-01,1.944906005859375000e+02,9.762478637695312500e+02,8.288671970367431641e-01,1.926396579890308658e+01,5.425112881676265033e+02,1.880773945058777485e+02,4.697908639908001760e+02,0.000000000000000000e+00,4.000000000000000000e+00,1.000000000000000000e+00
1.904600000000000000e+04,8.800000000000000000e+01,2.670000000000000000e+03,2.230000000000000000e+02,4.012029647827148438e+01,5.975598144531250000e+02,9.217512607574462891e-01,4.012029647827148438e+01,5.884578247070312500e+02,9.004653692245483398e-01,4.012029647827148438e+01,5.884578247070312500e+02,7.683138847351074219e-01,5.377330398559570312e+01,5.975598144531250000e+02,9.094870090484619141e-01,8.563032531738281250e+01,5.930088500976562500e+02,7.987414002418518066e-01,5.377330398559570312e+01,6.476208496093750000e+02,8.589138984680175781e-01,9.928332519531250000e+01,6.476208496093750000e+02,8.898627758026123047e-01,5.832430648803710938e+01,7.340899047851562500e+02,7.920485138893127441e-01,9.928332519531250000e+01,7.340899047851562500e+02,7.453635931015014648e-01,8.107931518554687500e+01,8.205589599609375000e+02,7.105888128280639648e-01,1.083853302001953125e+02,8.114569702148437500e+02,7.817787528038024902e-01,6.287530899047851562e+01,7.887019653320312500e+02,8.217809200286865234e-01,1.038343353271484375e+02,7.841509399414062500e+02,7.632479667663574219e-01,4.467129898071289062e+01,8.888239746093750000e+02,8.889790177345275879e-01,1.356913452148437500e+02,8.888239746093750000e+02,7.362696528434753418e-01,3.101829147338867188e+01,9.707420654296875000e+02,8.361617326736450195e-01,1.812013702392578125e+02,9.707420654296875000e+02,8.093470931053161621e-01,6.287530899047851562e+01,5.611517944335937500e+02,9.691398739814758301e-01,7.197731018066406250e+01,6.203148803710937500e+02,8.706799745559692383e-01,8.563032531738281250e+01,7.795999145507812500e+02,7.916442751884460449e-01,3.712276458740234375e+00,9.752930297851562500e+02,8.586649298667907715e-01,1.675483703613281250e+02,9.843950805664062500e+02,6.995537877082824707e-01,3.712276458740234375e+00,9.798440551757812500e+02,8.967279195785522461e-01,1.812013702392578125e+02,9.843950805664062500e+02,6.888072490692138672e-01,4.012029647827148438e+01,9.843950805664062500e+02,8.179430365562438965e-01,1.903033752441406250e+02,9.843950805664062500e+02,8.507219552993774414e-01,1.259313781446068958e+01,5.406666156495937230e+02,1.889683341919293298e+02,4.677981686771945533e+02,0.000000000000000000e+00,4.000000000000000000e+00,1.000000000000000000e+00
