7.096300000000000000e+04,2.570000000000000000e+02,1.088800000000000000e+04,4.100000000000000000e+01,1.365328674316406250e+02,6.441857299804687500e+02,7.323755025863647461e-01,1.378043975830078125e+02,6.403710937500000000e+02,7.327081561088562012e-01,1.339897918701171875e+02,6.403710937500000000e+02,7.377295494079589844e-01,1.403474731445312500e+02,6.416426391601562500e+02,7.888148427009582520e-01,1.301751708984375000e+02,6.416426391601562500e+02,7.845936417579650879e-01,1.441620941162109375e+02,6.581726684570312500e+02,7.546508908271789551e-01,1.250890197753906250e+02,6.569011230468750000e+02,7.633283734321594238e-01,1.467051696777343750e+02,6.772457275390625000e+02,6.848608255386352539e-01,1.212744140625000000e+02,6.772457275390625000e+02,7.194910049438476562e-01,1.454336242675781250e+02,6.912326049804687500e+02,4.137376248836517334e-01,1.187313385009765625e+02,6.912326049804687500e+02,5.815003514289855957e-01,1.390759429931640625e+02,6.963187866210937500e+02,8.164795041084289551e-01,1.263605651855468750e+02,6.963187866210937500e+02,8.524750471115112305e-01,1.428905487060546875e+02,7.255641479492187500e+02,8.254685997962951660e-01,1.212744140625000000e+02,7.255641479492187500e+02,8.556590080261230469e-01,1.479766998291015625e+02,7.509949340820312500e+02,8.593835830688476562e-01,1.174597930908203125e+02,7.509949340820312500e+02,7.933311462402343750e-01,1.365328674316406250e+02,6.340134277343750000e+02,7.833699584007263184e-01,1.365328674316406250e+02,6.492719116210937500e+02,8.373345136642456055e-01,1.327182464599609375e+02,6.950472412109375000e+02,8.510357737541198730e-01,1.517913208007812500e+02,7.611672363281250000e+02,6.654778122901916504e-01,1.212744140625000000e+02,7.611672363281250000e+02,8.473988175392150879e-01,1.556059265136718750e+02,7.598956909179687500e+02,8.338553309440612793e-01,1.161882629394531250e+02,7.598956909179687500e+02,8.170139193534851074e-01,1.479766998291015625e+02,7.586241455078125000e+02,7.103794217109680176e-01,1.174597930908203125e+02,7.535379638671875000e+02,8.721985816955566406e-01,1.161766662597656250e+02,6.356664428710937500e+02,3.944085693359375000e+01,1.302055053710937500e+02,1.000000000000000000e+00
7.096400000000000000e+04,2.570000000000000000e+02,1.088700000000000000e+04,4.200000000000000000e+01,1.326166534423828125e+02,6.427216186523437500e+02,7.366615533828735352e-01,1.365547027587890625e+02,6.400961914062500000e+02,7.719480991363525391e-01,1.313039703369140625e+02,6.387835083007812500e+02,7.793099880218505859e-01,1.404927520751953125e+02,6.414088745117187500e+02,7.640377283096313477e-01,1.247405395507812500e+02,6.387835083007812500e+02,8.041945695877075195e-01,1.378673858642578125e+02,6.597864990234375000e+02,6.394948363304138184e-01,1.168644332885742188e+02,6.584738159179687500e+02,6.442812085151672363e-01,1.404927520751953125e+02,6.834147949218750000e+02,5.396790504455566406e-01,1.103010177612304688e+02,6.807894287109375000e+02,5.928096175193786621e-01,1.391800689697265625e+02,6.991669921875000000e+02,4.269814491271972656e-01,1.050502777099609375e+02,6.991669921875000000e+02,4.052307903766632080e-01,1.313039703369140625e+02,7.031050415039062500e+02,4.723493754863739014e-01,1.142390670776367188e+02,7.031050415039062500e+02,4.011355042457580566e-01,1.352420196533203125e+02,7.306714477539062500e+02,3.464012145996093750e-01,1.365547027587890625e+02,7.319841308593750000e+02,2.819088995456695557e-01,1.391800689697265625e+02,7.582377929687500000e+02,4.361698925495147705e-01,1.391800689697265625e+02,7.542997436523437500e+02,4.607969224452972412e-01,1.352420196533203125e+02,6.295947265625000000e+02,8.151125907897949219e-01,1.286785888671875000e+02,6.492850341796875000e+02,8.221092820167541504e-01,1.221151733398437500e+02,7.004796752929687500e+02,6.199184060096740723e-01,1.418054351806640625e+02,7.648012084960937500e+02,7.597848176956176758e-01,1.063629608154296875e+02,7.674265747070312500e+02,2.622970640659332275e-01,1.457434997558593750e+02,7.634885253906250000e+02,8.170443177223205566e-01,1.050502777099609375e+02,7.661138916015625000e+02,3.071198463439941406e-01,1.378673858642578125e+02,7.608631591796875000e+02,6.381056308746337891e-01,1.089883270263671875e+02,7.595504760742187500e+02,4.013040065765380859e-01,1.041045071599992298e+02,6.374250366210936818e+02,4.048396053351717683e+01,1.335761596679686818e+02,1.000000000000000000e+00
7.096500000000000000e+04,2.570000000000000000e+02,1.091400000000000000e+04,4.400000000000000000e+01,1.184275588989257812e+02,6.438612670898437500e+02,8.397522568702697754e-01,1.213752212524414062e+02,6.409135742187500000e+02,8.708749413490295410e-01,1.154798965454101562e+02,6.394397583007812500e+02,8.826205730438232422e-01,1.243228836059570312e+02,6.438612670898437500e+02,8.651350736618041992e-01,1.095845718383789062e+02,6.438612670898437500e+02,8.973004221916198730e-01,1.257967147827148438e+02,6.644948730468750000e+02,8.572185039520263672e-01,1.022154159545898438e+02,6.644948730468750000e+02,8.358922004699707031e-01,1.272705459594726562e+02,6.866023559570312500e+02,7.450928092002868652e-01,9.337242889404296875e+01,6.851285400390625000e+02,7.490135431289672852e-01,1.272705459594726562e+02,7.057621459960937500e+02,7.521389126777648926e-01,8.895093536376953125e+01,7.028145141601562500e+02,3.802797496318817139e-01,1.169537277221679688e+02,7.057621459960937500e+02,7.702893018722534180e-01,1.007415847778320312e+02,7.042883300781250000e+02,7.666060328483581543e-01,1.169537277221679688e+02,7.352387695312500000e+02,8.381010293960571289e-01,9.337242889404296875e+01,7.352387695312500000e+02,6.900159120559692383e-01,1.213752212524414062e+02,7.661892700195312500e+02,7.945435643196105957e-01,8.747710418701171875e+01,7.602939453125000000e+02,7.907832264900207520e-01,1.184275588989257812e+02,6.320706176757812500e+02,8.849462270736694336e-01,1.154798965454101562e+02,6.556519165039062500e+02,9.301027059555053711e-01,1.081107406616210938e+02,7.042883300781250000e+02,8.701495528221130371e-01,1.213752212524414062e+02,7.765060424804687500e+02,7.252069115638732910e-01,9.042476654052734375e+01,7.765060424804687500e+02,7.000293731689453125e-01,1.243228836059570312e+02,7.750322265625000000e+02,7.686865329742431641e-01,8.600327301025390625e+01,7.750322265625000000e+02,7.482171654701232910e-01,1.199013900756835938e+02,7.750322265625000000e+02,6.731625199317932129e-01,8.747710418701171875e+01,7.617677612304687500e+02,8.257460594177246094e-01,7.315848541259765625e+01,6.369342041015625000e+02,7.727367401123046875e+01,1.509203491210937500e+02,1.000000000000000000e+00
7.096600000000000000e+04,2.570000000000000000e+02,1.091100000000000000e+04,4.500000000000000000e+01,1.088775177001953125e+02,6.437235107421875000e+02,8.529233932495117188e-01,1.117112121582031250e+02,6.408898315429687500e+02,8.935425877571105957e-01,1.060438232421875000e+02,6.394729614257812500e+02,8.925892710685729980e-01,1.159617614746093750e+02,6.451403808593750000e+02,8.238602876663208008e-01,1.017932891845703125e+02,6.423066406250000000e+02,8.827971816062927246e-01,1.187954559326171875e+02,6.649761962890625000e+02,8.190194368362426758e-01,9.470904541015625000e+01,6.649761962890625000e+02,8.275805115699768066e-01,1.202122955322265625e+02,6.862289428710937500e+02,7.635259032249450684e-01,8.479112243652343750e+01,6.848120727539062500e+02,7.193826436996459961e-01,1.202122955322265625e+02,7.046479492187500000e+02,7.519987821578979492e-01,7.487318420410156250e+01,6.918963012695312500e+02,2.747354209423065186e-01,1.074606781005859375e+02,7.088984985351562500e+02,7.494074702262878418e-01,9.187535095214843750e+01,7.060648193359375000e+02,6.917368173599243164e-01,1.102943725585937500e+02,7.400691528320312500e+02,7.457725405693054199e-01,8.762481689453125000e+01,7.400691528320312500e+02,5.765953660011291504e-01,1.117112121582031250e+02,7.684060668945312500e+02,6.910169124603271484e-01,7.912373352050781250e+01,7.641555175781250000e+02,5.812836885452270508e-01,1.102943725585937500e+02,6.323887329101562500e+02,8.788546919822692871e-01,1.074606781005859375e+02,6.550582885742187500e+02,9.400929212570190430e-01,1.003764343261718750e+02,7.060648193359375000e+02,8.077352046966552734e-01,1.145449066162109375e+02,7.740734863281250000e+02,6.731969118118286133e-01,8.054057312011718750e+01,7.726566162109375000e+02,5.613707900047302246e-01,1.159617614746093750e+02,7.754902954101562500e+02,7.383311390876770020e-01,7.770687866210937500e+01,7.712397460937500000e+02,6.585124731063842773e-01,1.102943725585937500e+02,7.811577148437500000e+02,6.898260116577148438e-01,7.912373352050781250e+01,7.655723876953125000e+02,6.095451116561889648e-01,7.599867359029595093e+01,6.375632040125985895e+02,4.465085152358680887e+01,1.417932251542234781e+02,1.000000000000000000e+00
7.096700000000000000e+04,2.570000000000000000e+02,1.088700000000000000e+04,4.600000000000000000e+01,1.005152893066406250e+02,6.412095947265625000e+02,7.450099587440490723e-01,1.033375549316406250e+02,6.397984619140625000e+02,8.105647563934326172e-01,9.910415649414062500e+01,6.383873291015625000e+02,8.299372196197509766e-01,1.075709533691406250e+02,6.440318603515625000e+02,8.495083451271057129e-01,9.345962524414062500e+01,6.412095947265625000e+02,8.629692792892456055e-01,1.103932189941406250e+02,6.637877197265625000e+02,9.186689853668212891e-01,8.640396118164062500e+01,6.637877197265625000e+02,9.071155190467834473e-01,1.118043518066406250e+02,6.863658447265625000e+02,8.747849464416503906e-01,7.793716430664062500e+01,6.849547119140625000e+02,8.928030729293823242e-01,1.132154846191406250e+02,7.032994384765625000e+02,8.433073163032531738e-01,7.229263305664062500e+01,7.018883056640625000e+02,7.925865650177001953e-01,1.019264221191406250e+02,7.089439697265625000e+02,8.738127350807189941e-01,8.640396118164062500e+01,7.075328369140625000e+02,8.619495034217834473e-01,1.019264221191406250e+02,7.399888916015625000e+02,8.996402621269226074e-01,8.075942993164062500e+01,7.399888916015625000e+02,8.019296526908874512e-01,1.019264221191406250e+02,7.682115478515625000e+02,8.713915348052978516e-01,7.370376586914062500e+01,7.611558837890625000e+02,8.130166530609130859e-01,1.033375549316406250e+02,6.313316650390625000e+02,8.758053779602050781e-01,9.910415649414062500e+01,6.539097900390625000e+02,9.644343852996826172e-01,9.345962524414062500e+01,7.075328369140625000e+02,8.866698741912841797e-01,1.019264221191406250e+02,7.738560791015625000e+02,5.462227463722229004e-01,7.511489868164062500e+01,7.682115478515625000e+02,6.752036213874816895e-01,1.047486877441406250e+02,7.752672119140625000e+02,6.349729895591735840e-01,7.088150024414062500e+01,7.682115478515625000e+02,6.776794195175170898e-01,1.005152893066406250e+02,7.823228759765625000e+02,8.250091671943664551e-01,7.370376586914062500e+01,7.668004150390625000e+02,6.214151382446289062e-01,6.610355272352651923e+01,6.363408798817838488e+02,4.673788697305684536e+01,1.445042072913687434e+02,1.000000000000000000e+00
7.096800000000000000e+04,2.570000000000000000e+02,1.088700000000000000e+04,4.700000000000000000e+01,9.133949279785156250e+01,6.394102783203125000e+02,7.935000061988830566e-01,9.428635406494140625e+01,6.364634399414062500e+02,8.478974103927612305e-01,8.986606597900390625e+01,6.364634399414062500e+02,8.035349845886230469e-01,9.870663452148437500e+01,6.408837280273437500e+02,8.651175498962402344e-01,8.691921234130859375e+01,6.379368286132812500e+02,8.445133566856384277e-01,1.016534957885742188e+02,6.615117187500000000e+02,8.225049972534179688e-01,8.102549743652343750e+01,6.600382690429687500e+02,8.440366387367248535e-01,1.016534957885742188e+02,6.850865478515625000e+02,7.643495798110961914e-01,7.071150207519531250e+01,6.806662597656250000e+02,8.389148116111755371e-01,1.046003494262695312e+02,7.042410888671875000e+02,6.879118084907531738e-01,6.334436035156250000e+01,6.998208007812500000e+02,7.691967487335205078e-01,9.133949279785156250e+01,7.071879882812500000e+02,8.213561773300170898e-01,7.807864379882812500e+01,7.057145385742187500e+02,7.631279826164245605e-01,9.133949279785156250e+01,7.396033935546875000e+02,8.810213804244995117e-01,7.660521697998046875e+01,7.381299438476562500e+02,7.472490072250366211e-01,8.986606597900390625e+01,7.675985107421875000e+02,8.459177017211914062e-01,6.923807525634765625e+01,7.602313842773437500e+02,7.982934713363647461e-01,9.575978088378906250e+01,6.290962524414062500e+02,9.036982655525207520e-01,9.133949279785156250e+01,6.511976928710937500e+02,9.047448039054870605e-01,8.544578552246093750e+01,7.057145385742187500e+02,8.585841059684753418e-01,8.839263916015625000e+01,7.823328247070312500e+02,8.083331584930419922e-01,6.923807525634765625e+01,7.705453491210937500e+02,6.708908677101135254e-01,9.133949279785156250e+01,7.808593750000000000e+02,8.447268009185791016e-01,6.481778717041015625e+01,7.690719604492187500e+02,7.132491469383239746e-01,8.986606597900390625e+01,7.705453491210937500e+02,7.561992406845092773e-01,6.923807525634765625e+01,7.617048339843750000e+02,7.653033733367919922e-01,5.868290449862359992e+01,6.334998021106272290e+02,4.853038385155772971e+01,1.497408510871738372e+02,1.000000000000000000e+00
7.096900000000000000e+04,2.570000000000000000e+02,1.091800000000000000e+04,4.800000000000000000e+01,8.253711700439453125e+01,6.360869750976562500e+02,7.827546596527099609e-01,8.553208160400390625e+01,6.330919799804687500e+02,8.353457450866699219e-01,8.103963470458984375e+01,6.315945434570312500e+02,8.302130699157714844e-01,9.152201080322265625e+01,6.375844726562500000e+02,8.826331496238708496e-01,7.804467010498046875e+01,6.360869750976562500e+02,8.125864267349243164e-01,9.451697540283203125e+01,6.585491943359375000e+02,9.014456868171691895e-01,6.905977630615234375e+01,6.585491943359375000e+02,8.817598223686218262e-01,9.751194000244140625e+01,6.825089111328125000e+02,8.373427391052246094e-01,6.306984710693359375e+01,6.810114135742187500e+02,8.622779846191406250e-01,1.005069046020507812e+02,7.034736938476562500e+02,8.192634582519531250e-01,6.157236480712890625e+01,7.019761962890625000e+02,8.816538453102111816e-01,8.553208160400390625e+01,7.064686279296875000e+02,8.610956668853759766e-01,7.055725860595703125e+01,7.049711303710937500e+02,8.956946730613708496e-01,8.103963470458984375e+01,7.394132690429687500e+02,9.101157188415527344e-01,6.756229400634765625e+01,7.364182739257812500e+02,7.490049600601196289e-01,8.103963470458984375e+01,7.708603515625000000e+02,8.881502151489257812e-01,6.306984710693359375e+01,7.603779907226562500e+02,8.451817035675048828e-01,8.852704620361328125e+01,6.256046142578125000e+02,9.399001598358154297e-01,8.253711700439453125e+01,6.495643310546875000e+02,9.124893546104431152e-01,7.804467010498046875e+01,7.049711303710937500e+02,9.230824112892150879e-01,7.954215240478515625e+01,7.828402099609375000e+02,8.880276083946228027e-01,6.456732940673828125e+01,7.738553466796875000e+02,8.738497495651245117e-01,8.553208160400390625e+01,7.828402099609375000e+02,9.440631866455078125e-01,6.007488250732421875e+01,7.723578491210937500e+02,9.012989401817321777e-01,8.103963470458984375e+01,7.738553466796875000e+02,9.123613834381103516e-01,6.306984710693359375e+01,7.603779907226562500e+02,8.088988065719604492e-01,5.036350271104947751e+01,6.331920521563368993e+02,5.094205845480408357e+01,1.532094683933124770e+02,1.000000000000000000e+00
7.097000000000000000e+04,2.570000000000000000e+02,1.091700000000000000e+04,4.900000000000000000e+01,7.381644439697265625e+01,6.346753540039062500e+02,7.958115935325622559e-01,7.691948699951171875e+01,6.315723266601562500e+02,8.045632243156433105e-01,7.381644439697265625e+01,6.315723266601562500e+02,8.142470717430114746e-01,8.157405853271484375e+01,6.346753540039062500e+02,8.723320960998535156e-01,7.226491546630859375e+01,6.331238403320312500e+02,7.685154080390930176e-01,8.622863006591796875e+01,6.563967285156250000e+02,8.595380187034606934e-01,6.295577621459960938e+01,6.563967285156250000e+02,9.102212786674499512e-01,8.778015899658203125e+01,6.827726440429687500e+02,8.244529962539672852e-01,5.364663314819335938e+01,6.796695556640625000e+02,8.489764928817749023e-01,8.933168029785156250e+01,7.044939575195312500e+02,8.277593851089477539e-01,5.054358291625976562e+01,6.982878417968750000e+02,8.286529779434204102e-01,7.691948699951171875e+01,7.044939575195312500e+02,8.399471044540405273e-01,6.295577621459960938e+01,7.029424438476562500e+02,8.425341844558715820e-01,7.381644439697265625e+01,7.386275024414062500e+02,8.302943706512451172e-01,6.140425109863281250e+01,7.355244140625000000e+02,7.213594913482666016e-01,7.071339416503906250e+01,7.696579589843750000e+02,9.238423109054565430e-01,5.985272598266601562e+01,7.665549316406250000e+02,8.019888401031494141e-01,8.002253723144531250e+01,6.238146972656250000e+02,9.399279952049255371e-01,7.536796569824218750e+01,6.455360717773437500e+02,9.287995696067810059e-01,6.916187286376953125e+01,7.029424438476562500e+02,8.755269050598144531e-01,6.916187286376953125e+01,7.836216430664062500e+02,8.394829034805297852e-01,5.985272598266601562e+01,7.774155883789062500e+02,8.129469156265258789e-01,7.381644439697265625e+01,7.820701293945312500e+02,8.778135180473327637e-01,5.519815444946289062e+01,7.758640747070312500e+02,9.274374842643737793e-01,6.916187286376953125e+01,7.727609863281250000e+02,8.382563591003417969e-01,5.985272598266601562e+01,7.681064453125000000e+02,7.596406340599060059e-01,4.226031889469069824e+01,6.279921319429561208e+02,5.251732101542239661e+01,1.580637649164732466e+02,1.000000000000000000e+00
7.097100000000000000e+04,2.570000000000000000e+02,1.091700000000000000e+04,5.000000000000000000e+01,6.921388244628906250e+01,6.318081054687500000e+02,8.136469721794128418e-01,7.082691192626953125e+01,6.301950683593750000e+02,8.442229032516479492e-01,6.760084533691406250e+01,6.285820312500000000e+02,8.533846735954284668e-01,7.566601562500000000e+01,6.334211425781250000e+02,8.849653601646423340e-01,6.276174163818359375e+01,6.318081054687500000e+02,8.777242302894592285e-01,8.050511932373046875e+01,6.527775268554687500e+02,8.178899288177490234e-01,5.630960083007812500e+01,6.527775268554687500e+02,8.488101959228515625e-01,8.211815643310546875e+01,6.769730834960937500e+02,7.354680895805358887e-01,5.147049713134765625e+01,6.769730834960937500e+02,8.171201348304748535e-01,8.534422302246093750e+01,6.979425048828125000e+02,6.974365711212158203e-01,4.017925643920898438e+01,6.947164306640625000e+02,7.050966620445251465e-01,7.243994903564453125e+01,6.995555419921875000e+02,7.125860452651977539e-01,5.792263793945312500e+01,6.995555419921875000e+02,7.494502067565917969e-01,6.437477111816406250e+01,7.366553344726562500e+02,6.583961844444274902e-01,6.114870452880859375e+01,7.350422973632812500e+02,6.736346483230590820e-01,5.792263793945312500e+01,7.673029785156250000e+02,7.895965576171875000e-01,5.792263793945312500e+01,7.656900024414062500e+02,7.725746035575866699e-01,7.243994903564453125e+01,6.221298828125000000e+02,9.117899537086486816e-01,6.921388244628906250e+01,6.430993652343750000e+02,9.030870199203491211e-01,6.437477111816406250e+01,6.979425048828125000e+02,8.210997581481933594e-01,6.114870452880859375e+01,7.850463867187500000e+02,8.192951679229736328e-01,6.276174163818359375e+01,7.834333496093750000e+02,6.115581393241882324e-01,6.437477111816406250e+01,7.834333496093750000e+02,8.673005700111389160e-01,5.953567123413085938e+01,7.818203125000000000e+02,6.105238795280456543e-01,5.308353424072265625e+01,7.705290527343750000e+02,7.545198202133178711e-01,5.308353424072265625e+01,7.705290527343750000e+02,7.498154640197753906e-01,3.095634003015384650e+01,6.260574024550238619e+02,5.527831686505772524e+01,1.639261466262381646e+02,1.000000000000000000e+00
7.097200000000000000e+04,2.570000000000000000e+02,1.091700000000000000e+04,5.100000000000000000e+01,6.175073242187500000e+01,6.320790405273437500e+02,7.613233327865600586e-01,6.469833374023437500e+01,6.291314086914062500e+02,8.276371955871582031e-01,6.027693176269531250e+01,6.276576538085937500e+02,8.380650281906127930e-01,6.911973571777343750e+01,6.335528564453125000e+02,8.620179295539855957e-01,5.585552978515625000e+01,6.306052246093750000e+02,8.417536616325378418e-01,7.354113769531250000e+01,6.541860351562500000e+02,9.041218757629394531e-01,4.406512451171875000e+01,6.541860351562500000e+02,8.342188000679016113e-01,7.648873901367187500e+01,6.762930297851562500e+02,8.746130466461181641e-01,3.964372253417968750e+01,6.777668457031250000e+02,7.866348624229431152e-01,7.796253967285156250e+01,6.969262695312500000e+02,7.567231059074401855e-01,3.816992187500000000e+01,6.895572509765625000e+02,5.898190736770629883e-01,6.469833374023437500e+01,7.013476562500000000e+02,7.390224337577819824e-01,4.848652648925781250e+01,7.013476562500000000e+02,8.058391213417053223e-01,5.438172912597656250e+01,7.367188720703125000e+02,4.377293288707733154e-01,5.438172912597656250e+01,7.367188720703125000e+02,7.895725965499877930e-01,4.996032714843750000e+01,7.720900878906250000e+02,5.860955119132995605e-01,4.996032714843750000e+01,7.706162719726562500e+02,7.132256031036376953e-01,6.469833374023437500e+01,6.202886352539062500e+02,9.449592828750610352e-01,6.027693176269531250e+01,6.438694458007812500e+02,9.292283058166503906e-01,5.732933044433593750e+01,6.998738403320312500e+02,8.633363246917724609e-01,4.996032714843750000e+01,7.868281250000000000e+02,8.958250880241394043e-01,5.143412780761718750e+01,7.838804931640625000e+02,1.552580446004867554e-01,5.438172912597656250e+01,7.853543090820312500e+02,8.870823383331298828e-01,4.701272583007812500e+01,7.838804931640625000e+02,1.427839398384094238e-01,4.701272583007812500e+01,7.765114746093750000e+02,7.578456401824951172e-01,4.848652648925781250e+01,7.720900878906250000e+02,3.495876491069793701e-01,2.077074064585804081e+01,6.277958366711426379e+02,5.441149618737381388e+01,1.567826396115040097e+02,1.000000000000000000e+00
7.097300000000000000e+04,2.570000000000000000e+02,1.088900000000000000e+04,5.200000000000000000e+01,5.533260345458984375e+01,6.319024658203125000e+02,7.820027470588684082e-01,5.842343139648437500e+01,6.288116455078125000e+02,8.704661130905151367e-01,5.378719329833984375e+01,6.288116455078125000e+02,8.429345488548278809e-01,6.151425552368164062e+01,6.319024658203125000e+02,8.495463728904724121e-01,4.760554122924804688e+01,6.303570556640625000e+02,8.796839714050292969e-01,6.460507965087890625e+01,6.519928588867187500e+02,7.309783101081848145e-01,3.987847900390625000e+01,6.519928588867187500e+02,8.482772111892700195e-01,6.460507965087890625e+01,6.751740112304687500e+02,6.363169550895690918e-01,3.215141296386718750e+01,6.751740112304687500e+02,6.984969377517700195e-01,6.769590759277343750e+01,6.968098144531250000e+02,6.406916379928588867e-01,3.215141296386718750e+01,6.937189941406250000e+02,5.379652380943298340e-01,5.533260345458984375e+01,6.983552246093750000e+02,7.055504918098449707e-01,4.142388916015625000e+01,6.968098144531250000e+02,7.225309610366821289e-01,3.060600090026855469e+01,7.308088989257812500e+02,5.977102518081665039e-01,4.760554122924804688e+01,7.354451293945312500e+02,7.679484486579895020e-01,4.296930313110351562e+01,7.709896240234375000e+02,3.349005281925201416e-01,4.451471710205078125e+01,7.709896240234375000e+02,7.557790875434875488e-01,5.687801742553710938e+01,6.195391845703125000e+02,9.032590985298156738e-01,5.378719329833984375e+01,6.427203369140625000e+02,9.086264371871948242e-01,4.760554122924804688e+01,6.968098144531250000e+02,8.331025242805480957e-01,4.451471710205078125e+01,7.848983154296875000e+02,5.408858060836791992e-01,4.915095520019531250e+01,7.848983154296875000e+02,7.996551394462585449e-01,5.069636535644531250e+01,7.833529052734375000e+02,5.533726811408996582e-01,4.451471710205078125e+01,7.848983154296875000e+02,8.122437596321105957e-01,3.833306503295898438e+01,7.787166748046875000e+02,4.550376534461975098e-01,4.142388916015625000e+01,7.787166748046875000e+02,6.958607435226440430e-01,1.559725378602141532e+01,6.242616029869817567e+02,5.597172900788748962e+01,1.585912218013401116e+02,1.000000000000000000e+00
7.097400000000000000e+04,2.570000000000000000e+02,1.091700000000000000e+04,5.300000000000000000e+01,4.974532318115234375e+01,6.324893798828125000e+02,7.801956534385681152e-01,5.133771514892578125e+01,6.293046264648437500e+02,8.675872683525085449e-01,4.656053161621093750e+01,6.293046264648437500e+02,8.333443999290466309e-01,5.293011093139648438e+01,6.340817871093750000e+02,7.506681084632873535e-01,4.019095611572265625e+01,6.308970336914062500e+02,8.314130306243896484e-01,5.293011093139648438e+01,6.547829589843750000e+02,7.960307002067565918e-01,2.904419326782226562e+01,6.547829589843750000e+02,8.208356499671936035e-01,5.452250671386718750e+01,6.786688232421875000e+02,6.793279051780700684e-01,2.108222007751464844e+01,6.786688232421875000e+02,6.803500056266784668e-01,5.293011093139648438e+01,6.977775878906250000e+02,5.407411456108093262e-01,2.745179939270019531e+01,6.914080200195312500e+02,4.091466665267944336e-01,4.496813964843750000e+01,7.009624023437500000e+02,7.106549739837646484e-01,3.222898101806640625e+01,6.993699951171875000e+02,7.236452698707580566e-01,3.859856033325195312e+01,7.375874633789062500e+02,7.578089833259582520e-01,3.859856033325195312e+01,7.359950561523437500e+02,7.990698814392089844e-01,3.222898101806640625e+01,7.726201171875000000e+02,8.051159381866455078e-01,4.019095611572265625e+01,7.710277099609375000e+02,8.345173001289367676e-01,4.974532318115234375e+01,6.197502441406250000e+02,8.942125439643859863e-01,4.337574386596679688e+01,6.436361694335937500e+02,9.012978672981262207e-01,3.859856033325195312e+01,6.993699951171875000e+02,8.462433218955993652e-01,3.700616455078125000e+01,7.837669067382812500e+02,7.155553102493286133e-01,4.656053161621093750e+01,7.837669067382812500e+02,9.471632242202758789e-01,3.700616455078125000e+01,7.821744995117187500e+02,6.931865811347961426e-01,4.337574386596679688e+01,7.853592529296875000e+02,8.949778079986572266e-01,2.745179939270019531e+01,7.805820922851562500e+02,8.379141092300415039e-01,3.541377258300781250e+01,7.789896850585937500e+02,8.072645664215087891e-01,1.033251773118730199e+01,6.232034311992481435e+02,5.801278643028464188e+01,1.623583539507881142e+02,1.000000000000000000e+00
7.097500000000000000e+04,2.570000000000000000e+02,1.091900000000000000e+04,5.400000000000000000e+01,3.964199066162109375e+01,6.321427001953125000e+02,8.370128273963928223e-01,4.313159561157226562e+01,6.286530761718750000e+02,8.720641136169433594e-01,3.789718627929687500e+01,6.269082641601562500e+02,8.823810815811157227e-01,4.662120056152343750e+01,6.338875122070312500e+02,8.837307095527648926e-01,3.266277694702148438e+01,6.303978881835937500e+02,8.811507821083068848e-01,4.487639999389648438e+01,6.530803222656250000e+02,8.222607374191284180e-01,2.219395828247070312e+01,6.495906982421875000e+02,8.658729791641235352e-01,4.662120056152343750e+01,6.775075683593750000e+02,8.123905658721923828e-01,1.695954895019531250e+01,6.722731323242187500e+02,8.538242578506469727e-01,4.487639999389648438e+01,6.967003784179687500e+02,7.537511587142944336e-01,1.521474647521972656e+01,6.932108154296875000e+02,8.033418059349060059e-01,3.789718627929687500e+01,7.001900024414062500e+02,8.273516893386840820e-01,2.393876266479492188e+01,7.001900024414062500e+02,8.571398258209228516e-01,2.917317199707031250e+01,7.368308715820312500e+02,7.794204354286193848e-01,2.742836761474609375e+01,7.350860595703125000e+02,8.299741148948669434e-01,2.044915580749511719e+01,7.734717407226562500e+02,8.117054700851440430e-01,3.440758132934570312e+01,7.699821166992187500e+02,8.774032592773437500e-01,4.138679504394531250e+01,6.199290771484375000e+02,9.098401069641113281e-01,3.615238189697265625e+01,6.426115112304687500e+02,9.158181548118591309e-01,3.091797447204589844e+01,6.984451904296875000e+02,9.075079560279846191e-01,1.870435333251953125e+01,7.874301757812500000e+02,8.550685048103332520e-01,4.138679504394531250e+01,7.734717407226562500e+02,7.291053533554077148e-01,2.393876266479492188e+01,7.874301757812500000e+02,8.417261242866516113e-01,3.789718627929687500e+01,7.752165527343750000e+02,7.343640327453613281e-01,2.044915580749511719e+01,7.821957397460937500e+02,7.941992878913879395e-01,3.789718627929687500e+01,7.804509277343750000e+02,7.422069311141967773e-01,1.990334199056015052e+00,6.197775893113574739e+02,6.222519650384878531e+01,1.738980158673665528e+02,1.000000000000000000e+00
7.097600000000000000e+04,2.570000000000000000e+02,1.092000000000000000e+04,1.330000000000000000e+02,1.558354492187500000e+02,6.397241821289062500e+02,9.545197486877441406e-01,1.558354492187500000e+02,6.311590576171875000e+02,9.269291162490844727e-01,1.472703247070312500e+02,6.311590576171875000e+02,9.415239095687866211e-01,1.472703247070312500e+02,6.354415893554687500e+02,6.235852837562561035e-01,1.258575134277343750e+02,6.354415893554687500e+02,9.329600930213928223e-01,1.429877624511718750e+02,6.825498046875000000e+02,9.001516103744506836e-01,1.087272644042968750e+02,6.825498046875000000e+02,9.436606168746948242e-01,1.344226379394531250e+02,7.467882080078125000e+02,8.318138122558593750e-01,1.001621398925781250e+02,7.510708007812500000e+02,9.307843446731567383e-01,1.515528869628906250e+02,7.981789550781250000e+02,8.557234406471252441e-01,1.344226379394531250e+02,7.938964233398437500e+02,8.375290632247924805e-01,1.387052001953125000e+02,8.110266723632812500e+02,8.340775370597839355e-01,1.215749511718750000e+02,8.153092041015625000e+02,8.724378943443298340e-01,1.172923889160156250e+02,8.966779174804687500e+02,9.566684365272521973e-01,1.515528869628906250e+02,8.966779174804687500e+02,8.014735579490661621e-01,6.161907958984375000e+01,9.395035400390625000e+02,8.657999634742736816e-01,1.729656982421875000e+02,9.908942871093750000e+02,8.922235965728759766e-01,1.429877624511718750e+02,6.054636840820312500e+02,8.918424844741821289e-01,1.301400756835937500e+02,6.611369628906250000e+02,1.003620147705078125e+00,1.301400756835937500e+02,8.110266723632812500e+02,8.988748788833618164e-01,5.733651733398437500e+01,9.866116943359375000e+02,7.378301024436950684e-01,2.115087585449218750e+02,9.994594116210937500e+02,8.926086425781250000e-01,5.305395507812500000e+01,9.823291625976562500e+02,6.635106205940246582e-01,2.072261962890625000e+02,1.003741943359375000e+03,9.605783224105834961e-01,4.877139282226562500e+01,9.352209472656250000e+02,8.277291059494018555e-01,1.686831359863281250e+02,1.003741943359375000e+03,7.965099215507507324e-01,6.055187458433167080e+01,5.941245420123416352e+02,1.305460663222637550e+02,4.315156206991030103e+02,0.000000000000000000e+00
7.097700000000000000e+04,2.570000000000000000e+02,1.092000000000000000e+04,1.340000000000000000e+02,1.674537353515625000e+02,6.406159057617187500e+02,9.446162581443786621e-01,1.717190246582031250e+02,6.278200683593750000e+02,9.565589427947998047e-01,1.589231414794921875e+02,6.278200683593750000e+02,9.326356649398803711e-01,1.589231414794921875e+02,6.320853271484375000e+02,5.952262878417968750e-01,1.418619842529296875e+02,6.320853271484375000e+02,8.772456645965576172e-01,1.461272735595703125e+02,6.832688598632812500e+02,8.883653283119201660e-01,1.248008270263671875e+02,6.832688598632812500e+02,9.494357705116271973e-01,1.461272735595703125e+02,7.515134887695312500e+02,8.910654783248901367e-01,1.162702407836914062e+02,7.557787475585937500e+02,9.428340792655944824e-01,1.674537353515625000e+02,8.069622802734375000e+02,8.391754031181335449e-01,1.503925628662109375e+02,8.026969604492187500e+02,8.258988261222839355e-01,1.418619842529296875e+02,8.154928588867187500e+02,8.500230908393859863e-01,1.333314056396484375e+02,8.154928588867187500e+02,9.066155552864074707e-01,1.418619842529296875e+02,8.965333862304687500e+02,9.131802320480346680e-01,1.589231414794921875e+02,9.007986450195312500e+02,8.637533187866210938e-01,8.214791870117187500e+01,9.391862792968750000e+02,8.850629925727844238e-01,1.759843139648437500e+02,9.946350708007812500e+02,8.214799165725708008e-01,1.546578521728515625e+02,6.022283325195312500e+02,9.325358867645263672e-01,1.418619842529296875e+02,6.619423828125000000e+02,9.745160341262817383e-01,1.375966949462890625e+02,8.112275390625000000e+02,8.766519427299499512e-01,2.143719329833984375e+02,1.007430908203125000e+03,5.742314457893371582e-01,7.788262939453125000e+01,9.818391723632812500e+02,6.195706129074096680e-01,2.101066284179687500e+02,1.003165649414062500e+03,5.401073098182678223e-01,7.361734008789062500e+01,9.775739135742187500e+02,5.717055797576904297e-01,6.935204315185546875e+01,9.263903808593750000e+02,5.736665129661560059e-01,6.935204315185546875e+01,9.306557006835937500e+02,4.386827051639556885e-01,6.744512531487451668e+01,5.912335798922543972e+02,1.338412127661068780e+02,4.372897566483014771e+02,0.000000000000000000e+00
7.097800000000000000e+04,2.570000000000000000e+02,1.092000000000000000e+04,1.350000000000000000e+02,1.811917877197265625e+02,6.377730102539062500e+02,8.959249854087829590e-01,1.855342254638671875e+02,6.247457275390625000e+02,9.285490512847900391e-01,1.768493499755859375e+02,6.247457275390625000e+02,9.342145323753356934e-01,1.768493499755859375e+02,6.290881347656250000e+02,6.927056908607482910e-01,1.594796142578125000e+02,6.290881347656250000e+02,9.078223109245300293e-01,1.594796142578125000e+02,6.811973876953125000e+02,9.010847806930541992e-01,1.421098785400390625e+02,6.811973876953125000e+02,9.206517338752746582e-01,1.551371765136718750e+02,7.463338623046875000e+02,9.094299077987670898e-01,1.290825805664062500e+02,7.506763305664062500e+02,9.502083063125610352e-01,1.768493499755859375e+02,7.941006469726562500e+02,7.828471660614013672e-01,1.638220520019531250e+02,7.984430541992187500e+02,8.320455551147460938e-01,1.551371765136718750e+02,8.114703979492187500e+02,8.489282727241516113e-01,1.507947540283203125e+02,8.114703979492187500e+02,8.905256986618041992e-01,1.594796142578125000e+02,8.983190917968750000e+02,8.558189272880554199e-01,1.638220520019531250e+02,8.939766235351562500e+02,8.587622642517089844e-01,1.030279769897460938e+02,9.417434082031250000e+02,5.570877194404602051e-01,1.073704071044921875e+02,9.374009399414062500e+02,4.861937165260314941e-01,1.725069122314453125e+02,5.986911010742187500e+02,8.995591402053833008e-01,1.551371765136718750e+02,6.594851684570312500e+02,9.711302518844604492e-01,1.551371765136718750e+02,8.071279296875000000e+02,9.284020066261291504e-01,2.159312591552734375e+02,1.006879882812500000e+03,8.409311175346374512e-01,1.117128448486328125e+02,9.808253173828125000e+02,9.086834192276000977e-01,2.115888214111328125e+02,1.002537475585937500e+03,8.140295147895812988e-01,1.073704071044921875e+02,9.808253173828125000e+02,9.072749614715576172e-01,1.681644897460937500e+02,1.006879882812500000e+03,7.469840645790100098e-01,9.434310913085937500e+01,9.330585327148437500e+02,8.282715082168579102e-01,7.535207357362628500e+01,5.905577140606029616e+02,1.356283203703976596e+02,4.443983874560170761e+02,0.000000000000000000e+00
7.097900000000000000e+04,2.570000000000000000e+02,1.092000000000000000e+04,1.360000000000000000e+02,2.004638824462890625e+02,6.339038085937500000e+02,9.285214543342590332e-01,2.004638824462890625e+02,6.257724609375000000e+02,9.201437234878540039e-01,1.923325347900390625e+02,6.257724609375000000e+02,9.113730192184448242e-01,1.801355285644531250e+02,6.257724609375000000e+02,7.507706284523010254e-01,1.760698547363281250e+02,6.257724609375000000e+02,8.910421133041381836e-01,1.679385070800781250e+02,6.745604858398437500e+02,8.945684432983398438e-01,1.516758270263671875e+02,6.745604858398437500e+02,9.421162009239196777e-01,1.638728332519531250e+02,7.436769409179687500e+02,9.030020833015441895e-01,1.435444793701171875e+02,7.477426147460937500e+02,9.485442042350769043e-01,1.882668609619140625e+02,7.924649658203125000e+02,8.697036504745483398e-01,1.760698547363281250e+02,7.965306396484375000e+02,8.529268503189086914e-01,1.720041809082031250e+02,8.046619873046875000e+02,8.872718811035156250e-01,1.557415008544921875e+02,8.087276611328125000e+02,8.417760729789733887e-01,1.963982086181640625e+02,8.941067504882812500e+02,9.348923563957214355e-01,1.679385070800781250e+02,8.981724243164062500e+02,9.369353652000427246e-01,1.394788055419921875e+02,9.469605102539062500e+02,9.843969345092773438e-01,1.720041809082031250e+02,9.916828613281250000e+02,8.856734037399291992e-01,1.842011871337890625e+02,5.973127441406250000e+02,9.562518596649169922e-01,1.679385070800781250e+02,6.542321777343750000e+02,9.490397572517395020e-01,1.638728332519531250e+02,8.005963134765625000e+02,8.880208730697631836e-01,1.476101531982421875e+02,9.876171875000000000e+02,9.188657999038696289e-01,2.126608886718750000e+02,1.003879882812500000e+03,8.601371645927429199e-01,1.516758270263671875e+02,9.835515136718750000e+02,9.840135574340820312e-01,2.045295562744140625e+02,1.007945556640625000e+03,8.214021325111389160e-01,1.232161254882812500e+02,9.469605102539062500e+02,9.196038246154785156e-01,1.638728332519531250e+02,1.003879882812500000e+03,7.512423396110534668e-01,9.822993781156021953e+01,5.950343040181646757e+02,1.294462963259277331e+02,4.286087329317350623e+02,0.000000000000000000e+00
7.098000000000000000e+04,2.570000000000000000e+02,1.092000000000000000e+04,1.370000000000000000e+02,2.117368927001953125e+02,6.318233032226562500e+02,9.347888231277465820e-01,2.117368927001953125e+02,6.201237792968750000e+02,9.398130178451538086e-01,2.039372253417968750e+02,6.201237792968750000e+02,9.153694510459899902e-01,1.883379058837890625e+02,6.240236206054687500e+02,6.504289507865905762e-01,1.844380645751953125e+02,6.240236206054687500e+02,9.071152210235595703e-01,1.805382385253906250e+02,6.747214355468750000e+02,8.707500696182250977e-01,1.649389038085937500e+02,6.747214355468750000e+02,9.089242219924926758e-01,1.727385711669921875e+02,7.371187744140625000e+02,9.213300943374633789e-01,1.571392364501953125e+02,7.449184570312500000e+02,9.789485335350036621e-01,1.961375579833984375e+02,7.878165893554687500e+02,9.396087527275085449e-01,1.844380645751953125e+02,7.956162719726562500e+02,9.111967682838439941e-01,1.844380645751953125e+02,8.034159545898437500e+02,8.487564921379089355e-01,1.727385711669921875e+02,8.034159545898437500e+02,8.827022910118103027e-01,2.156367187500000000e+02,8.814125976562500000e+02,9.733429551124572754e-01,1.766383972167968750e+02,8.931120605468750000e+02,7.488309144973754883e-01,1.766383972167968750e+02,9.594092407226562500e+02,7.734451889991760254e-01,1.727385711669921875e+02,9.906079101562500000e+02,8.563484549522399902e-01,1.961375579833984375e+02,5.928249511718750000e+02,9.282168745994567871e-01,1.805382385253906250e+02,6.513224487304687500e+02,9.797297120094299316e-01,1.766383972167968750e+02,7.995161132812500000e+02,9.152607917785644531e-01,2.039372253417968750e+02,9.789083862304687500e+02,6.314766407012939453e-01,2.117368927001953125e+02,1.006207214355468750e+03,8.411489129066467285e-01,2.000373992919921875e+02,9.750085449218750000e+02,6.330460906028747559e-01,2.039372253417968750e+02,1.010107055664062500e+03,9.023303985595703125e-01,1.571392364501953125e+02,9.789083862304687500e+02,7.016972899436950684e-01,1.610390777587890625e+02,1.006207214355468750e+03,8.324577808380126953e-01,1.137742937099696405e+02,6.016231388906944630e+02,1.245510719450181796e+02,4.108386443066618767e+02,0.000000000000000000e+00
7.098100000000000000e+04,2.570000000000000000e+02,1.092000000000000000e+04,1.380000000000000000e+02,2.258063354492187500e+02,6.335454101562500000e+02,9.521874189376831055e-01,2.258063354492187500e+02,6.254627685546875000e+02,9.650552272796630859e-01,2.217650146484375000e+02,6.254627685546875000e+02,9.468972086906433105e-01,1.975170288085937500e+02,6.254627685546875000e+02,7.091792821884155273e-01,1.975170288085937500e+02,6.254627685546875000e+02,9.258928894996643066e-01,1.894343566894531250e+02,6.739587402343750000e+02,8.977683186531066895e-01,1.813516998291015625e+02,6.739587402343750000e+02,9.407968521118164062e-01,1.853930358886718750e+02,7.426613769531250000e+02,9.322861433029174805e-01,1.692277069091796875e+02,7.467026977539062500e+02,9.581164121627807617e-01,2.055996856689453125e+02,7.911573486328125000e+02,9.604918956756591797e-01,1.975170288085937500e+02,7.992399902343750000e+02,8.574113845825195312e-01,1.975170288085937500e+02,7.992399902343750000e+02,8.413677811622619629e-01,1.853930358886718750e+02,7.992399902343750000e+02,8.586910963058471680e-01,2.379303283691406250e+02,8.841079711914062500e+02,7.740956544876098633e-01,1.773103637695312500e+02,8.881492919921875000e+02,8.358452320098876953e-01,2.096410217285156250e+02,9.649345703125000000e+02,7.582811713218688965e-01,1.732690429687500000e+02,9.851412353515625000e+02,8.688344955444335938e-01,2.096410217285156250e+02,5.931321411132812500e+02,9.204658269882202148e-01,1.934756927490234375e+02,6.497107543945312500e+02,9.582253694534301758e-01,1.894343566894531250e+02,7.951986694335937500e+02,9.343136548995971680e-01,2.338890075683593750e+02,1.001306579589843750e+03,6.420790553092956543e-01,2.419716644287109375e+02,9.972651977539062500e+02,8.370178937911987305e-01,2.379303283691406250e+02,9.932238769531250000e+02,6.277005672454833984e-01,2.379303283691406250e+02,1.001306579589843750e+03,7.548000216484069824e-01,1.651863708496093750e+02,1.005347900390625000e+03,6.096361279487609863e-01,1.732690429687500000e+02,9.972651977539062500e+02,4.381068050861358643e-01,1.232143231021402698e+02,5.992900473348779542e+02,1.266008477902927893e+02,4.136033071385843414e+02,0.000000000000000000e+00
7.098200000000000000e+04,2.570000000000000000e+02,1.092000000000000000e+04,1.390000000000000000e+02,2.398786010742187500e+02,6.352516479492187500e+02,9.362835288047790527e-01,2.398786010742187500e+02,6.273438110351562500e+02,9.574887752532958984e-01,2.359246673583984375e+02,6.233898315429687500e+02,9.316120743751525879e-01,2.201088867187500000e+02,6.312977294921875000e+02,6.654989123344421387e-01,2.122009887695312500e+02,6.273438110351562500e+02,9.200047254562377930e-01,2.042931060791015625e+02,6.708371582031250000e+02,8.581655025482177734e-01,1.963852081298828125e+02,6.747911376953125000e+02,9.206842780113220215e-01,2.003391571044921875e+02,7.420081787109375000e+02,1.011121749877929688e+00,1.884773254394531250e+02,7.459621582031250000e+02,9.545482397079467773e-01,2.201088867187500000e+02,7.934094848632812500e+02,9.144566059112548828e-01,2.122009887695312500e+02,8.052713012695312500e+02,9.154423475265502930e-01,2.003391571044921875e+02,8.092252807617187500e+02,8.463271260261535645e-01,2.122009887695312500e+02,8.092252807617187500e+02,8.807891011238098145e-01,1.805694274902343750e+02,8.962120361328125000e+02,8.529727458953857422e-01,2.556943817138671875e+02,8.843502197265625000e+02,9.673113226890563965e-01,1.687075958251953125e+02,9.871527709960937500e+02,6.095667481422424316e-01,2.517404479980468750e+02,9.713370361328125000e+02,6.838644742965698242e-01,2.201088867187500000e+02,5.957122192382812500e+02,8.787481784820556641e-01,2.082470397949218750e+02,6.510674438476562500e+02,9.641945362091064453e-01,2.042931060791015625e+02,8.013173828125000000e+02,9.203412532806396484e-01,2.122009887695312500e+02,1.006922546386718750e+03,9.773185849189758301e-01,2.912799072265625000e+02,9.950606689453125000e+02,9.005325436592102051e-01,2.082470397949218750e+02,1.002968566894531250e+03,9.031091332435607910e-01,2.873259582519531250e+02,9.990146484375000000e+02,8.920693397521972656e-01,1.647536468505859375e+02,1.010876464843750000e+03,8.778317570686340332e-01,2.477864990234375000e+02,9.911067504882812500e+02,8.710417747497558594e-01,1.444028602474712670e+02,6.026795612510727551e+02,1.267181222994076961e+02,4.086625606396914918e+02,0.000000000000000000e+00
7.098300000000000000e+04,2.570000000000000000e+02,1.092000000000000000e+04,1.450000000000000000e+02,3.353652954101562500e+02,6.528116455078125000e+02,9.363430738449096680e-01,3.313880004882812500e+02,6.408797607421875000e+02,9.356637001037597656e-01,3.234333801269531250e+02,6.408797607421875000e+02,9.336802363395690918e-01,3.075242004394531250e+02,6.448570556640625000e+02,7.021402120590209961e-01,3.035468750000000000e+02,6.488343505859375000e+02,8.891074657440185547e-01,2.995695800781250000e+02,6.965619506835937500e+02,9.558304548263549805e-01,2.876376953125000000e+02,6.965619506835937500e+02,9.241016507148742676e-01,2.955922851562500000e+02,7.641760864257812500e+02,9.229864478111267090e-01,2.796830749511718750e+02,7.681533813476562500e+02,9.272611737251281738e-01,3.194560852050781250e+02,8.119036865234375000e+02,9.603428840637207031e-01,3.115014953613281250e+02,8.198582763671875000e+02,8.679258227348327637e-01,2.955922851562500000e+02,8.278128662109375000e+02,8.458109498023986816e-01,3.035468750000000000e+02,8.278128662109375000e+02,8.601807951927185059e-01,2.677511901855468750e+02,9.232680664062500000e+02,8.277122378349304199e-01,3.512744750976562500e+02,9.033815917968750000e+02,6.640879511833190918e-01,2.041143798828125000e+02,9.709956665039062500e+02,8.881482481956481934e-01,3.711609802246093750e+02,9.988367919921875000e+02,7.245751619338989258e-01,3.115014953613281250e+02,6.170159912109375000e+02,9.113468527793884277e-01,2.995695800781250000e+02,6.726981811523437500e+02,9.533298015594482422e-01,2.995695800781250000e+02,8.238355712890625000e+02,9.257469773292541504e-01,2.080916900634765625e+02,1.014745971679687500e+03,8.850882649421691895e-01,4.149112854003906250e+02,1.014745971679687500e+03,9.004174470901489258e-01,2.041143798828125000e+02,1.010768676757812500e+03,8.810861706733703613e-01,4.109339904785156250e+02,1.022700561523437500e+03,8.778508901596069336e-01,1.882051849365234375e+02,9.670183715820312500e+02,9.221271872520446777e-01,3.632063903808593750e+02,1.014745971679687500e+03,9.462187290191650391e-01,2.112098380085773215e+02,6.188522410134165739e+02,1.675466704477031499e+02,4.046763325921634760e+02,0.000000000000000000e+00
7.098400000000000000e+04,2.570000000000000000e+02,1.092000000000000000e+04,1.460000000000000000e+02,3.480722656250000000e+02,6.483588256835937500e+02,9.251121282577514648e-01,3.480722656250000000e+02,6.405061645507812500e+02,8.685299158096313477e-01,3.402195739746093750e+02,6.405061645507812500e+02,8.931238055229187012e-01,3.205878295898437500e+02,6.444324951171875000e+02,6.261282563209533691e-01,3.245141906738281250e+02,6.444324951171875000e+02,8.654042482376098633e-01,3.127351379394531250e+02,6.954750366210937500e+02,9.383758902549743652e-01,3.048824462890625000e+02,6.994013671875000000e+02,9.294009804725646973e-01,3.166614990234375000e+02,7.661492919921875000e+02,9.204800128936767578e-01,3.009561157226562500e+02,7.740019531250000000e+02,9.994614720344543457e-01,3.362932434082031250e+02,8.132654418945312500e+02,9.256585240364074707e-01,3.284405212402343750e+02,8.250444946289062500e+02,8.178312182426452637e-01,3.205878295898437500e+02,8.289708251953125000e+02,7.944234013557434082e-01,3.205878295898437500e+02,8.289708251953125000e+02,8.460647463798522949e-01,2.970297546386718750e+02,9.232031250000000000e+02,6.116981506347656250e-01,3.637776489257812500e+02,9.074977416992187500e+02,3.478799760341644287e-01,2.263555145263671875e+02,9.663929443359375000e+02,8.706439137458801270e-01,3.755567016601562500e+02,9.978037719726562500e+02,6.285355091094970703e-01,3.245141906738281250e+02,6.169480590820312500e+02,8.979712128639221191e-01,3.166614990234375000e+02,6.719169311523437500e+02,9.616076946258544922e-01,3.166614990234375000e+02,8.250444946289062500e+02,9.252715706825256348e-01,2.224291687011718750e+02,1.005656433105468750e+03,8.666034936904907227e-01,4.148201599121093750e+02,1.017435485839843750e+03,8.700212836265563965e-01,2.224291687011718750e+02,1.001730102539062500e+03,8.777973055839538574e-01,4.108938293457031250e+02,1.021361816406250000e+03,8.333563804626464844e-01,2.106501159667968750e+02,9.585402832031250000e+02,8.353127241134643555e-01,3.677040100097656250e+02,1.017435485839843750e+03,8.893700242042541504e-01,2.241581529059309901e+02,6.213023124388229235e+02,1.706647794120605681e+02,4.031906243205229430e+02,0.000000000000000000e+00
7.098500000000000000e+04,2.570000000000000000e+02,1.092000000000000000e+04,1.470000000000000000e+02,3.685393066406250000e+02,6.496256713867187500e+02,9.523468613624572754e-01,3.685393066406250000e+02,6.379553222656250000e+02,9.214860796928405762e-01,3.607590942382812500e+02,6.379553222656250000e+02,9.512509703636169434e-01,3.374184570312500000e+02,6.457355346679687500e+02,7.149644494056701660e-01,3.374184570312500000e+02,6.418454589843750000e+02,9.238495826721191406e-01,3.335283508300781250e+02,6.963069458007812500e+02,9.199028015136718750e-01,3.218580322265625000e+02,6.963069458007812500e+02,9.438477754592895508e-01,3.374184570312500000e+02,7.663288574218750000e+02,9.161158800125122070e-01,3.179679260253906250e+02,7.702189941406250000e+02,9.487887024879455566e-01,3.646492004394531250e+02,8.246804809570312500e+02,8.822508454322814941e-01,3.451986694335937500e+02,8.246804809570312500e+02,8.779820799827575684e-01,3.374184570312500000e+02,8.285706176757812500e+02,8.035932183265686035e-01,3.335283508300781250e+02,8.285706176757812500e+02,8.369347453117370605e-01,2.946272583007812500e+02,9.024826660156250000e+02,4.908291101455688477e-01,3.685393066406250000e+02,9.063727416992187500e+02,7.170864939689636230e-01,2.557261962890625000e+02,9.647243652343750000e+02,7.784707546234130859e-01,3.724294128417968750e+02,9.958452148437500000e+02,7.375590205192565918e-01,3.451986694335937500e+02,6.107246093750000000e+02,8.672689795494079590e-01,3.335283508300781250e+02,6.729663085937500000e+02,9.631803035736083984e-01,3.335283508300781250e+02,8.246804809570312500e+02,9.270064830780029297e-01,4.152206115722656250e+02,1.019185852050781250e+03,4.367363154888153076e-01,2.596163024902343750e+02,1.007515563964843750e+03,4.852885305881500244e-01,4.113305053710937500e+02,1.015295776367187500e+03,3.997171819210052490e-01,4.074403686523437500e+02,1.023075988769531250e+03,4.388785064220428467e-01,2.401657562255859375e+02,9.569441528320312500e+02,4.979229569435119629e-01,3.685393066406250000e+02,1.015295776367187500e+03,5.348142385482788086e-01,2.329081169556856992e+02,6.206187143621152700e+02,1.701444502158383614e+02,4.001407163885015734e+02,0.000000000000000000e+00
7.098600000000000000e+04,2.570000000000000000e+02,1.092000000000000000e+04,1.480000000000000000e+02,3.834104919433593750e+02,6.473099975585937500e+02,9.343783855438232422e-01,3.794934082031250000e+02,6.355588378906250000e+02,8.816801905632019043e-01,3.755763549804687500e+02,6.394758911132812500e+02,9.232764244079589844e-01,3.520739746093750000e+02,6.433929443359375000e+02,6.339363455772399902e-01,3.520739746093750000e+02,6.433929443359375000e+02,9.123756885528564453e-01,3.520739746093750000e+02,6.903977050781250000e+02,9.274635910987854004e-01,3.364057312011718750e+02,6.903977050781250000e+02,9.310171604156494141e-01,3.520739746093750000e+02,7.609047851562500000e+02,9.157167673110961914e-01,3.324886779785156250e+02,7.687389526367187500e+02,9.546080231666564941e-01,3.755763549804687500e+02,8.118265991210937500e+02,8.831807374954223633e-01,3.638251647949218750e+02,8.235778198242187500e+02,8.850250244140625000e-01,3.559910583496093750e+02,8.235778198242187500e+02,8.767174482345581055e-01,3.520739746093750000e+02,8.274948730468750000e+02,8.798632025718688965e-01,3.677422180175781250e+02,9.097531738281250000e+02,8.989425897598266602e-01,3.638251647949218750e+02,9.097531738281250000e+02,8.621861934661865234e-01,3.755763549804687500e+02,9.998455810546875000e+02,7.259208559989929199e-01,2.854839172363281250e+02,9.645920410156250000e+02,5.705791711807250977e-01,3.559910583496093750e+02,6.120564575195312500e+02,9.107339978218078613e-01,3.481569213867187500e+02,6.708123779296875000e+02,9.370082020759582520e-01,3.520739746093750000e+02,8.196607055664062500e+02,9.387616515159606934e-01,4.147469787597656250e+02,1.019430908203125000e+03,8.711503744125366211e-01,2.972351074218750000e+02,1.011596801757812500e+03,8.827546834945678711e-01,4.108299255371093750e+02,1.019430908203125000e+03,8.529081344604492188e-01,2.933180541992187500e+02,1.007679687500000000e+03,8.545909523963928223e-01,3.638251647949218750e+02,1.015513854980468750e+03,8.500538468360900879e-01,2.658986206054687500e+02,9.685090942382812500e+02,9.290571808815002441e-01,2.488603538776296205e+02,6.212386464329126738e+02,1.680874183637823194e+02,4.008029600906968426e+02,0.000000000000000000e+00
7.098700000000000000e+04,2.570000000000000000e+02,1.092000000000000000e+04,1.490000000000000000e+02,3.996715698242187500e+02,6.448125000000000000e+02,9.479376673698425293e-01,3.996715698242187500e+02,6.368004150390625000e+02,9.222663640975952148e-01,3.916595153808593750e+02,6.368004150390625000e+02,9.247389435768127441e-01,3.676233520507812500e+02,6.368004150390625000e+02,6.740235090255737305e-01,3.676233520507812500e+02,6.408064575195312500e+02,9.122436046600341797e-01,3.636173400878906250e+02,6.888787841796875000e+02,9.154394865036010742e-01,3.475932312011718750e+02,6.928848266601562500e+02,9.205181598663330078e-01,3.716293945312500000e+02,7.609872436523437500e+02,9.838787913322448730e-01,3.475932312011718750e+02,7.649932861328125000e+02,9.296863079071044922e-01,3.916595153808593750e+02,8.170716552734375000e+02,8.110011816024780273e-01,3.796414489746093750e+02,8.170716552734375000e+02,8.540226817131042480e-01,3.716293945312500000e+02,8.210776977539062500e+02,8.592295646667480469e-01,3.636173400878906250e+02,8.210776977539062500e+02,9.075295329093933105e-01,3.796414489746093750e+02,9.132163085937500000e+02,9.748687744140625000e-01,3.836474609375000000e+02,9.092102661132812500e+02,8.954708576202392578e-01,3.756354064941406250e+02,9.973428955078125000e+02,8.553991913795471191e-01,3.195510253906250000e+02,9.693006591796875000e+02,7.821595072746276855e-01,3.756354064941406250e+02,6.087582397460937500e+02,8.887830972671508789e-01,3.636173400878906250e+02,6.648425903320312500e+02,9.555736184120178223e-01,3.676233520507812500e+02,8.170716552734375000e+02,9.241803288459777832e-01,4.156956787109375000e+02,1.021379028320312500e+03,9.307119250297546387e-01,3.435871887207031250e+02,1.017372985839843750e+03,8.794799447059631348e-01,4.116896667480468750e+02,1.021379028320312500e+03,9.700589179992675781e-01,3.355751342773437500e+02,1.017372985839843750e+03,9.096902608871459961e-01,3.676233520507812500e+02,1.013367004394531250e+03,8.144876956939697266e-01,3.075329589843750000e+02,9.733067016601562500e+02,9.095147848129272461e-01,2.732238168678526335e+02,6.193913422212463047e+02,1.656113967644108698e+02,4.070717138214538409e+02,0.000000000000000000e+00
7.098800000000000000e+04,2.570000000000000000e+02,1.092000000000000000e+04,1.500000000000000000e+02,4.146857910156250000e+02,6.468734741210937500e+02,9.101151227951049805e-01,4.146857910156250000e+02,6.351775512695312500e+02,9.198761582374572754e-01,4.068885192871093750e+02,6.351775512695312500e+02,9.343873262405395508e-01,3.834966125488281250e+02,6.351775512695312500e+02,6.461809277534484863e-01,3.834966125488281250e+02,6.390761718750000000e+02,8.807294368743896484e-01,3.756993408203125000e+02,6.858599243164062500e+02,9.320857524871826172e-01,3.640033874511718750e+02,6.858599243164062500e+02,9.310454130172729492e-01,3.795979614257812500e+02,7.599342651367187500e+02,9.216742515563964844e-01,3.640033874511718750e+02,7.599342651367187500e+02,9.358395338058471680e-01,4.029898681640625000e+02,8.145153198242187500e+02,8.738831877708435059e-01,3.912939147949218750e+02,8.145153198242187500e+02,8.464958667755126953e-01,3.834966125488281250e+02,8.223126220703125000e+02,8.229625821113586426e-01,3.756993408203125000e+02,8.223126220703125000e+02,9.075627923011779785e-01,3.873952636718750000e+02,9.080828247070312500e+02,8.558090329170227051e-01,4.068885192871093750e+02,9.080828247070312500e+02,8.964758515357971191e-01,3.756993408203125000e+02,9.938530883789062500e+02,7.630357742309570312e-01,3.601047363281250000e+02,9.821571655273437500e+02,9.595277905464172363e-01,3.912939147949218750e+02,6.039883422851562500e+02,8.840394616127014160e-01,3.795979614257812500e+02,6.624680786132812500e+02,9.840970039367675781e-01,3.756993408203125000e+02,8.184139404296875000e+02,8.908412456512451172e-01,4.185844421386718750e+02,1.025042236328125000e+03,7.123101949691772461e-01,3.912939147949218750e+02,1.013346313476562500e+03,8.004986047744750977e-01,4.107871398925781250e+02,1.017244934082031250e+03,7.156644463539123535e-01,3.834966125488281250e+02,1.017244934082031250e+03,8.112779855728149414e-01,3.718006896972656250e+02,1.017244934082031250e+03,6.867759823799133301e-01,3.445101623535156250e+02,9.899544067382812500e+02,9.246614575386047363e-01,2.954586747593042446e+02,6.153728302392740943e+02,1.587719045856728712e+02,4.021933555720660252e+02,0.000000000000000000e+00
7.098900000000000000e+04,2.570000000000000000e+02,1.090600000000000000e+04,1.510000000000000000e+02,4.306792297363281250e+02,6.433020019531250000e+02,9.456045627593994141e-01,4.306792297363281250e+02,6.313351440429687500e+02,9.415012598037719727e-01,4.227012939453125000e+02,6.313351440429687500e+02,9.530121088027954102e-01,4.027565002441406250e+02,6.353240966796875000e+02,6.464673280715942383e-01,3.987675170898437500e+02,6.353240966796875000e+02,8.795432448387145996e-01,3.947785644531250000e+02,6.871806030273437500e+02,8.829894661903381348e-01,3.788227233886718750e+02,6.871806030273437500e+02,9.371967911720275879e-01,3.947785644531250000e+02,7.629708862304687500e+02,8.891925811767578125e-01,3.788227233886718750e+02,7.669598388671875000e+02,9.384848475456237793e-01,4.187123413085937500e+02,8.188163452148437500e+02,8.849052190780639648e-01,4.107344055175781250e+02,8.148273925781250000e+02,8.536728024482727051e-01,3.987675170898437500e+02,8.228052978515625000e+02,8.442360758781433105e-01,3.868006591796875000e+02,8.267942504882812500e+02,8.819969296455383301e-01,4.306792297363281250e+02,9.065734863281250000e+02,6.448556780815124512e-01,3.868006591796875000e+02,9.065734863281250000e+02,5.533143877983093262e-01,3.868006591796875000e+02,9.903416748046875000e+02,7.757804989814758301e-01,3.947785644531250000e+02,9.903416748046875000e+02,7.079492807388305664e-01,4.107344055175781250e+02,6.034124145507812500e+02,9.215890765190124512e-01,3.947785644531250000e+02,6.672357788085937500e+02,9.884812831878662109e-01,3.947785644531250000e+02,8.228052978515625000e+02,8.969142436981201172e-01,4.227012939453125000e+02,1.018264404296875000e+03,7.511106729507446289e-01,4.306792297363281250e+02,1.018264404296875000e+03,8.769394755363464355e-01,4.227012939453125000e+02,1.014275451660156250e+03,7.182205319404602051e-01,4.266902465820312500e+02,1.022253356933593750e+03,8.718087077140808105e-01,3.708447875976562500e+02,1.006297546386718750e+03,7.196180820465087891e-01,3.868006591796875000e+02,9.983195800781250000e+02,7.526797056198120117e-01,3.137181304989520072e+02,6.082752861223345917e+02,1.554955660474706747e+02,4.064175027346991556e+02,0.000000000000000000e+00
7.099000000000000000e+04,2.570000000000000000e+02,1.090600000000000000e+04,1.520000000000000000e+02,4.486707763671875000e+02,6.482882080078125000e+02,9.643300771713256836e-01,4.486707763671875000e+02,6.364082641601562500e+02,9.565609693527221680e-01,4.447108154296875000e+02,6.364082641601562500e+02,9.672700762748718262e-01,4.249109191894531250e+02,6.443281860351562500e+02,7.252569198608398438e-01,4.209509277343750000e+02,6.403682250976562500e+02,8.980147242546081543e-01,4.090710144042968750e+02,6.878879394531250000e+02,8.414830565452575684e-01,3.971910705566406250e+02,6.878879394531250000e+02,9.226400852203369141e-01,4.090710144042968750e+02,7.631275634765625000e+02,8.983061313629150391e-01,3.971910705566406250e+02,7.670875244140625000e+02,9.850982427597045898e-01,4.288708801269531250e+02,8.225272216796875000e+02,9.133301973342895508e-01,4.249109191894531250e+02,8.225272216796875000e+02,8.758035302162170410e-01,4.130309753417968750e+02,8.264871826171875000e+02,9.014135003089904785e-01,3.971910705566406250e+02,8.264871826171875000e+02,8.748504519462585449e-01,4.526307678222656250e+02,9.056867065429687500e+02,7.286064028739929199e-01,3.892711181640625000e+02,9.136066894531250000e+02,5.753322243690490723e-01,3.734312133789062500e+02,9.967662353515625000e+02,4.499270319938659668e-01,4.447108154296875000e+02,1.012606140136718750e+03,4.240907728672027588e-01,4.249109191894531250e+02,6.086884155273437500e+02,9.031119942665100098e-01,4.130309753417968750e+02,6.680880737304687500e+02,9.323402643203735352e-01,4.051110229492187500e+02,8.225272216796875000e+02,9.140461683273315430e-01,4.090710144042968750e+02,1.020526062011718750e+03,7.138438224792480469e-01,4.843105773925781250e+02,1.024486083984375000e+03,8.260660767555236816e-01,4.051110229492187500e+02,1.012606140136718750e+03,6.794012784957885742e-01,4.803505859375000000e+02,1.028446044921875000e+03,8.161354660987854004e-01,3.694712219238281250e+02,1.012606140136718750e+03,8.141475319862365723e-01,4.367908325195312500e+02,1.020526062011718750e+03,7.898932099342346191e-01,3.377068678375635500e+02,6.090940316641260779e+02,1.535159938298988891e+02,4.060322078727081134e+02,0.000000000000000000e+00
7.099100000000000000e+04,2.570000000000000000e+02,1.090600000000000000e+04,1.530000000000000000e+02,4.625605773925781250e+02,6.519207153320312500e+02,9.557158946990966797e-01,4.625605773925781250e+02,6.401748046875000000e+02,9.537895917892456055e-01,4.586452636718750000e+02,6.401748046875000000e+02,9.609661102294921875e-01,4.390687255859375000e+02,6.480054321289062500e+02,5.824967622756958008e-01,4.351534118652343750e+02,6.440900878906250000e+02,8.741629719734191895e-01,4.234074707031250000e+02,6.910738525390625000e+02,9.030842185020446777e-01,4.116615295410156250e+02,6.949891357421875000e+02,9.445970654487609863e-01,4.194921569824218750e+02,7.654647827148437500e+02,9.746068120002746582e-01,4.116615295410156250e+02,7.693801269531250000e+02,9.325128793716430664e-01,4.429840087890625000e+02,8.163638305664062500e+02,8.662164211273193359e-01,4.468993225097656250e+02,8.241944580078125000e+02,8.550490140914916992e-01,4.234074707031250000e+02,8.281098022460937500e+02,9.256281852722167969e-01,4.116615295410156250e+02,8.320250854492187500e+02,9.154802560806274414e-01,4.664758911132812500e+02,9.064160156250000000e+02,8.081769943237304688e-01,3.920849609375000000e+02,9.181619873046875000e+02,6.342335343360900879e-01,4.860524597167968750e+02,1.004298828125000000e+03,7.941083312034606934e-01,3.764237060546875000e+02,1.000383544921875000e+03,7.589817643165588379e-01,4.429840087890625000e+02,6.127675781250000000e+02,8.704273104667663574e-01,4.234074707031250000e+02,6.714973144531250000e+02,9.510028362274169922e-01,4.194921569824218750e+02,8.241944580078125000e+02,9.515705108642578125e-01,5.252055664062500000e+02,1.019960083007812500e+03,5.420145988464355469e-01,4.155768432617187500e+02,1.023875427246093750e+03,5.051553249359130859e-01,5.212902832031250000e+02,1.016044799804687500e+03,6.066369414329528809e-01,4.116615295410156250e+02,1.027790771484375000e+03,5.329135656356811523e-01,4.782218322753906250e+02,1.019960083007812500e+03,4.563264250755310059e-01,3.685930786132812500e+02,1.016044799804687500e+03,5.355008840560913086e-01,3.599967883965983333e+02,6.172849345769953970e+02,1.543805325370083779e+02,4.028415257090344994e+02,0.000000000000000000e+00
7.099200000000000000e+04,2.570000000000000000e+02,1.091700000000000000e+04,1.540000000000000000e+02,4.779024963378906250e+02,6.556481933593750000e+02,9.173136949539184570e-01,4.779024963378906250e+02,6.443961181640625000e+02,8.673225045204162598e-01,4.704011230468750000e+02,6.481467895507812500e+02,9.245587587356567383e-01,4.441463012695312500e+02,6.481467895507812500e+02,6.191228628158569336e-01,4.478969726562500000e+02,6.518974609375000000e+02,9.112449288368225098e-01,4.441463012695312500e+02,6.969057617187500000e+02,8.893398046493530273e-01,4.291435241699218750e+02,6.969057617187500000e+02,9.809897541999816895e-01,4.403955993652343750e+02,7.681688232421875000e+02,8.581296801567077637e-01,4.253928527832031250e+02,7.719195556640625000e+02,9.966994524002075195e-01,4.591490478515625000e+02,8.094264526367187500e+02,8.705747723579406738e-01,4.591490478515625000e+02,8.206784667968750000e+02,8.858754634857177734e-01,4.403955993652343750e+02,8.319305419921875000e+02,8.732018470764160156e-01,4.291435241699218750e+02,8.356812744140625000e+02,9.189566373825073242e-01,4.816531982421875000e+02,9.144457397460937500e+02,4.939326643943786621e-01,4.028887023925781250e+02,9.181964111328125000e+02,5.815609097480773926e-01,5.191600952148437500e+02,1.004462280273437500e+03,4.901839792728424072e-01,3.803845825195312500e+02,9.969608764648437500e+02,7.033386826515197754e-01,4.516476745605468750e+02,6.181412963867187500e+02,8.972668051719665527e-01,4.403955993652343750e+02,6.781522827148437500e+02,9.996890425682067871e-01,4.328942260742187500e+02,8.281798706054687500e+02,9.424753785133361816e-01,4.178914794921875000e+02,1.026966430664062500e+03,9.215297102928161621e-01,5.679190673828125000e+02,1.008212951660156250e+03,8.403391838073730469e-01,4.103901062011718750e+02,1.023215698242187500e+03,8.686707615852355957e-01,5.604176635742187500e+02,1.019465026855468750e+03,7.648018598556518555e-01,3.691325073242187500e+02,1.019465026855468750e+03,8.596660494804382324e-01,5.229107666015625000e+02,1.026966430664062500e+03,8.125082850456237793e-01,3.830148873948583059e+02,6.336463446930101782e+02,1.557488628155166452e+02,3.904498946470625924e+02,0.000000000000000000e+00
7.099300000000000000e+04,2.570000000000000000e+02,1.091700000000000000e+04,1.550000000000000000e+02,4.955077514648437500e+02,6.627864379882812500e+02,9.640683531761169434e-01,4.955077514648437500e+02,6.509140625000000000e+02,9.334170818328857422e-01,4.875928649902343750e+02,6.509140625000000000e+02,9.396746158599853516e-01,4.638481445312500000e+02,6.509140625000000000e+02,5.704998970031738281e-01,4.638481445312500000e+02,6.509140625000000000e+02,8.931201696395874023e-01,4.559332275390625000e+02,6.984035034179687500e+02,9.070509672164916992e-01,4.480183105468750000e+02,7.063184204101562500e+02,9.419378638267517090e-01,4.480183105468750000e+02,7.735951538085937500e+02,8.752265572547912598e-01,4.440608520507812500e+02,7.815100708007812500e+02,9.418205618858337402e-01,4.678055725097656250e+02,8.210845947265625000e+02,9.183970093727111816e-01,4.796779479980468750e+02,8.369143676757812500e+02,8.206547498703002930e-01,4.519757690429687500e+02,8.369143676757812500e+02,8.564848303794860840e-01,4.480183105468750000e+02,8.369143676757812500e+02,8.838101029396057129e-01,4.124012451171875000e+02,9.200209350585937500e+02,4.433596730232238770e-01,4.994652099609375000e+02,9.200209350585937500e+02,5.473012328147888184e-01,3.767841491699218750e+02,9.991699829101562500e+02,4.302209615707397461e-01,5.469546508789062500e+02,1.007084899902343750e+03,5.305510163307189941e-01,4.757204895019531250e+02,6.192544555664062500e+02,8.969476819038391113e-01,4.559332275390625000e+02,6.786162719726562500e+02,9.207738637924194336e-01,4.480183105468750000e+02,8.289995117187500000e+02,9.086216688156127930e-01,4.163587036132812500e+02,1.026872192382812500e+03,9.772288203239440918e-01,5.865291748046875000e+02,1.007084899902343750e+03,7.772783041000366211e-01,4.124012451171875000e+02,1.022914733886718750e+03,9.281160235404968262e-01,5.825717163085937500e+02,1.014999816894531250e+03,7.417398691177368164e-01,3.688692626953125000e+02,1.014999816894531250e+03,9.293212890625000000e-01,5.469546508789062500e+02,1.022914733886718750e+03,8.623569011688232422e-01,3.954064755273246874e+02,6.334768788790923963e+02,1.646598592524821925e+02,3.999377793181698735e+02,0.000000000000000000e+00
7.099400000000000000e+04,2.570000000000000000e+02,1.092000000000000000e+04,1.560000000000000000e+02,5.149675903320312500e+02,6.634248657226562500e+02,9.370067119598388672e-01,5.149675903320312500e+02,6.511791381835937500e+02,9.531615972518920898e-01,5.068037414550781250e+02,6.511791381835937500e+02,9.150258302688598633e-01,4.863941650390625000e+02,6.552610473632812500e+02,6.689766049385070801e-01,4.863941650390625000e+02,6.552610473632812500e+02,8.871857523918151855e-01,4.700665283203125000e+02,7.042440185546875000e+02,8.952184319496154785e-01,4.700665283203125000e+02,7.124078369140625000e+02,9.313973188400268555e-01,4.659845886230468750e+02,7.777185058593750000e+02,9.053700566291809082e-01,4.659845886230468750e+02,7.858823242187500000e+02,9.544885158538818359e-01,4.823122558593750000e+02,8.267014770507812500e+02,8.943932652473449707e-01,4.986399230957031250e+02,8.389472045898437500e+02,8.640766143798828125e-01,4.700665283203125000e+02,8.430291137695312500e+02,8.547286987304687500e-01,4.700665283203125000e+02,8.471110229492187500e+02,8.868538737297058105e-01,5.190494995117187500e+02,9.246674194335937500e+02,4.953954517841339111e-01,5.149675903320312500e+02,9.205855102539062500e+02,5.486385226249694824e-01,3.843463134765625000e+02,9.899780273437500000e+02,3.800021708011627197e-01,3.884282226562500000e+02,9.940599365234375000e+02,6.738645434379577637e-01,4.945580139160156250e+02,6.226057739257812500e+02,9.221561551094055176e-01,4.782303466796875000e+02,6.838344726562500000e+02,9.679623246192932129e-01,4.700665283203125000e+02,8.389472045898437500e+02,9.157902598381042480e-01,4.170016174316406250e+02,1.026715209960937500e+03,9.388732314109802246e-01,6.047697143554687500e+02,1.014469543457031250e+03,8.350512981414794922e-01,4.129197082519531250e+02,1.022633361816406250e+03,8.525926470756530762e-01,6.006877441406250000e+02,1.022633361816406250e+03,7.307060956954956055e-01,3.721005859375000000e+02,1.006305664062500000e+03,9.714549779891967773e-01,5.598686523437500000e+02,1.026715209960937500e+03,8.439847826957702637e-01,3.978051908032477968e+02,6.304727645931495772e+02,1.747737154443452710e+02,4.117991986198526320e+02,0.000000000000000000e+00
7.099500000000000000e+04,2.570000000000000000e+02,1.092000000000000000e+04,1.570000000000000000e+02,5.300663452148437500e+02,6.605024414062500000e+02,9.633955359458923340e-01,5.300663452148437500e+02,6.522994384765625000e+02,9.366254210472106934e-01,5.218632812500000000e+02,6.522994384765625000e+02,9.280061125755310059e-01,5.013557434082031250e+02,6.564009399414062500e+02,6.512696146965026855e-01,5.013557434082031250e+02,6.564009399414062500e+02,9.119977951049804688e-01,4.931527099609375000e+02,7.056190795898437500e+02,9.184456467628479004e-01,4.849497070312500000e+02,7.097205810546875000e+02,9.607258439064025879e-01,4.890512084960937500e+02,7.794462890625000000e+02,8.767981529235839844e-01,4.808482055664062500e+02,7.876492919921875000e+02,9.854038953781127930e-01,5.095587768554687500e+02,8.204613647460937500e+02,8.649671673774719238e-01,5.136602783203125000e+02,8.409689331054687500e+02,8.582263588905334473e-01,4.931527099609375000e+02,8.409689331054687500e+02,8.186964988708496094e-01,4.890512084960937500e+02,8.450704345703125000e+02,9.307567477226257324e-01,5.300663452148437500e+02,9.271006469726562500e+02,5.978978276252746582e-01,4.562391357421875000e+02,9.271006469726562500e+02,4.963324368000030518e-01,5.628784179687500000e+02,1.013232360839843750e+03,3.812715411186218262e-01,3.988179931640625000e+02,9.886232910156250000e+02,7.191963791847229004e-01,5.054572448730468750e+02,6.235888671875000000e+02,8.731337189674377441e-01,4.972542419433593750e+02,6.851115112304687500e+02,9.951164126396179199e-01,4.890512084960937500e+02,8.409689331054687500e+02,9.097992181777954102e-01,4.152240295410156250e+02,1.025536865234375000e+03,8.368281126022338867e-01,6.079949951171875000e+02,1.021435363769531250e+03,7.736665010452270508e-01,4.111225280761718750e+02,1.021435363769531250e+03,7.529205679893493652e-01,6.038934936523437500e+02,1.021435363769531250e+03,8.410629034042358398e-01,3.783104248046875000e+02,9.968262939453125000e+02,9.906113743782043457e-01,5.669799194335937500e+02,1.025536865234375000e+03,8.332772254943847656e-01,4.012590679613721250e+02,6.272548257726224392e+02,1.812294030738065658e+02,4.176017750161955746e+02,0.000000000000000000e+00
7.099600000000000000e+04,2.570000000000000000e+02,1.092000000000000000e+04,1.580000000000000000e+02,5.485180664062500000e+02,6.639874877929687500e+02,9.027677774429321289e-01,5.485180664062500000e+02,6.521498413085937500e+02,8.818080425262451172e-01,5.406262207031250000e+02,6.521498413085937500e+02,9.285708069801330566e-01,5.090591125488281250e+02,6.560957031250000000e+02,6.334055662155151367e-01,5.208967895507812500e+02,6.560957031250000000e+02,8.820515871047973633e-01,5.090591125488281250e+02,7.034464721679687500e+02,8.483650088310241699e-01,5.011673278808593750e+02,7.073923339843750000e+02,9.270240664482116699e-01,5.090591125488281250e+02,7.784183959960937500e+02,8.530054688453674316e-01,5.011673278808593750e+02,7.863102416992187500e+02,9.537286162376403809e-01,5.248426513671875000e+02,8.257691650390625000e+02,8.605208396911621094e-01,5.327344360351562500e+02,8.336609497070312500e+02,8.440194129943847656e-01,5.051132202148437500e+02,8.415527343750000000e+02,8.412093520164489746e-01,5.130050048828125000e+02,8.454985961914062500e+02,8.454528450965881348e-01,4.853837280273437500e+02,9.244165039062500000e+02,9.061582684516906738e-01,5.524639282226562500e+02,9.244165039062500000e+02,9.205390810966491699e-01,4.183035583496093750e+02,9.796589965820312500e+02,9.344832897186279297e-01,5.721934204101562500e+02,1.011226135253906250e+03,9.167317152023315430e-01,5.248426513671875000e+02,6.205827026367187500e+02,8.975589275360107422e-01,5.130050048828125000e+02,6.837169799804687500e+02,9.645439982414245605e-01,5.090591125488281250e+02,8.376068115234375000e+02,8.757383823394775391e-01,4.222494506835937500e+02,1.027009765625000000e+03,8.990120887756347656e-01,5.998146362304687500e+02,1.015172058105468750e+03,6.874712705612182617e-01,4.143576660156250000e+02,1.023063842773437500e+03,8.300591707229614258e-01,6.037605590820312500e+02,1.023063842773437500e+03,7.130809426307678223e-01,3.985740661621093750e+02,9.796589965820312500e+02,9.170651435852050781e-01,5.682474975585937500e+02,1.027009765625000000e+03,8.477303385734558105e-01,4.095392727697788473e+02,6.291287942865350260e+02,1.793628074996821056e+02,4.093578583210961597e+02,0.000000000000000000e+00
7.099700000000000000e+04,2.570000000000000000e+02,1.091700000000000000e+04,1.590000000000000000e+02,5.661109619140625000e+02,6.592796630859375000e+02,9.353653192520141602e-01,5.620303955078125000e+02,6.511185913085937500e+02,9.001332521438598633e-01,5.579498901367187500e+02,6.511185913085937500e+02,9.443503618240356445e-01,5.334666137695312500e+02,6.551990966796875000e+02,6.702401041984558105e-01,5.375471191406250000e+02,6.551990966796875000e+02,9.185472726821899414e-01,5.171444091796875000e+02,7.000851440429687500e+02,9.056430459022521973e-01,5.212249755859375000e+02,7.123267822265625000e+02,9.080949425697326660e-01,5.212249755859375000e+02,7.735349731445312500e+02,7.929350137710571289e-01,5.171444091796875000e+02,7.857766113281250000e+02,9.590536355972290039e-01,5.457082519531250000e+02,8.184209594726562500e+02,9.262468814849853516e-01,5.497888183593750000e+02,8.347431640625000000e+02,8.657610416412353516e-01,5.253055419921875000e+02,8.347431640625000000e+02,8.011568188667297363e-01,5.293860473632812500e+02,8.388237304687500000e+02,8.529153466224670410e-01,5.253055419921875000e+02,9.245151367187500000e+02,7.336941957473754883e-01,5.579498901367187500e+02,9.245151367187500000e+02,8.235568404197692871e-01,4.436945800781250000e+02,9.734816894531250000e+02,8.850784301757812500e-01,5.742720947265625000e+02,1.010206665039062500e+03,6.879250407218933105e-01,5.375471191406250000e+02,6.225547485351562500e+02,9.280283451080322266e-01,5.293860473632812500e+02,6.837629394531250000e+02,9.489342570304870605e-01,5.253055419921875000e+02,8.347431640625000000e+02,9.054420590400695801e-01,4.355335083007812500e+02,1.018367736816406250e+03,8.663913011550903320e-01,5.987553710937500000e+02,1.014287170410156250e+03,7.011766433715820312e-01,4.273724060058593750e+02,1.010206665039062500e+03,7.777081131935119629e-01,6.028358764648437500e+02,1.022448242187500000e+03,7.525524497032165527e-01,4.273724060058593750e+02,9.734816894531250000e+02,9.043105244636535645e-01,5.701915283203125000e+02,1.022448242187500000e+03,7.350419759750366211e-01,4.268397391071237621e+02,6.259137856170707437e+02,1.807148241255532071e+02,4.152291191019060079e+02,0.000000000000000000e+00
7.099800000000000000e+04,2.570000000000000000e+02,1.091700000000000000e+04,1.600000000000000000e+02,5.799734497070312500e+02,6.563233642578125000e+02,9.182994365692138672e-01,5.759486083984375000e+02,6.482736206054687500e+02,8.779999017715454102e-01,5.719237060546875000e+02,6.482736206054687500e+02,9.224526286125183105e-01,5.356998901367187500e+02,6.563233642578125000e+02,6.730348467826843262e-01,5.517993774414062500e+02,6.563233642578125000e+02,8.888011574745178223e-01,5.316750488281250000e+02,7.005969238281250000e+02,8.529134988784790039e-01,5.397247924804687500e+02,7.086466674804687500e+02,9.441704750061035156e-01,5.356998901367187500e+02,7.730445556640625000e+02,7.958093285560607910e-01,5.316750488281250000e+02,7.810942993164062500e+02,9.296032786369323730e-01,5.598491210937500000e+02,8.173181152343750000e+02,8.648710250854492188e-01,5.638739624023437500e+02,8.253678588867187500e+02,8.641777634620666504e-01,5.397247924804687500e+02,8.414673461914062500e+02,8.580938577651977539e-01,5.437496337890625000e+02,8.414673461914062500e+02,8.447278738021850586e-01,5.558242187500000000e+02,9.219647216796875000e+02,8.661943078041076660e-01,5.638739624023437500e+02,9.259895629882812500e+02,8.910736441612243652e-01,4.793517456054687500e+02,9.702631225585937500e+02,8.769589066505432129e-01,5.759486083984375000e+02,1.014536682128906250e+03,8.624795079231262207e-01,5.517993774414062500e+02,6.200994873046875000e+02,9.404048919677734375e-01,5.437496337890625000e+02,6.804725341796875000e+02,9.436773061752319336e-01,5.397247924804687500e+02,8.374424438476562500e+02,8.805357217788696289e-01,4.672771301269531250e+02,1.018561584472656250e+03,7.915677428245544434e-01,6.000978393554687500e+02,1.018561584472656250e+03,6.149146556854248047e-01,4.672771301269531250e+02,1.014536682128906250e+03,7.712261080741882324e-01,6.000978393554687500e+02,1.026611328125000000e+03,6.738400459289550781e-01,4.632522583007812500e+02,9.662382812500000000e+02,8.730264902114868164e-01,5.678988647460937500e+02,1.022586425781250000e+03,7.027242779731750488e-01,4.418572970768839241e+02,6.257130289606795941e+02,1.770042468873375583e+02,4.136463211548198160e+02,0.000000000000000000e+00
7.099900000000000000e+04,2.570000000000000000e+02,1.092000000000000000e+04,1.610000000000000000e+02,5.953233032226562500e+02,6.552800903320312500e+02,8.989098072052001953e-01,5.953233032226562500e+02,6.470208129882812500e+02,8.726469278335571289e-01,5.911936645507812500e+02,6.470208129882812500e+02,9.200472235679626465e-01,5.540270385742187500e+02,6.511504516601562500e+02,6.473832130432128906e-01,5.705455322265625000e+02,6.511504516601562500e+02,8.739904165267944336e-01,5.581566772460937500e+02,6.965762939453125000e+02,8.110353350639343262e-01,5.581566772460937500e+02,7.089651489257812500e+02,9.497148394584655762e-01,5.581566772460937500e+02,7.709095458984375000e+02,8.260939121246337891e-01,5.457678222656250000e+02,7.791687622070312500e+02,9.444255232810974121e-01,5.788048095703125000e+02,8.163353881835937500e+02,7.684150934219360352e-01,5.829344482421875000e+02,8.328538818359375000e+02,8.170009255409240723e-01,5.581566772460937500e+02,8.369835205078125000e+02,8.280627131462097168e-01,5.540270385742187500e+02,8.369835205078125000e+02,8.633703589439392090e-01,5.788048095703125000e+02,9.195759887695312500e+02,8.736323714256286621e-01,5.705455322265625000e+02,9.237055664062500000e+02,8.979799151420593262e-01,5.705455322265625000e+02,1.006298034667968750e+03,4.530284404754638672e-01,5.086011962890625000e+02,9.732610473632812500e+02,5.349758863449096680e-01,5.705455322265625000e+02,6.181134643554687500e+02,9.446779489517211914e-01,5.622863159179687500e+02,6.759281616210937500e+02,9.400288462638854980e-01,5.540270385742187500e+02,8.328538818359375000e+02,8.751961588859558105e-01,6.077121582031250000e+02,1.022816528320312500e+03,7.839527726173400879e-01,5.168604736328125000e+02,1.018686950683593750e+03,9.269031882286071777e-01,5.994529418945312500e+02,1.018686950683593750e+03,7.948184013366699219e-01,5.127308349609375000e+02,1.018686950683593750e+03,8.942171335220336914e-01,5.705455322265625000e+02,1.022816528320312500e+03,7.320925593376159668e-01,4.962123413085937500e+02,9.732610473632812500e+02,8.447153568267822266e-01,4.562251111402110837e+02,6.216711998413420588e+02,1.756414070391465430e+02,4.200633858942792358e+02,0.000000000000000000e+00
7.100000000000000000e+04,2.570000000000000000e+02,1.091700000000000000e+04,1.620000000000000000e+02,6.104130859375000000e+02,6.512663574218750000e+02,9.184739589691162109e-01,6.104130859375000000e+02,6.431200561523437500e+02,8.927830457687377930e-01,6.063399658203125000e+02,6.431200561523437500e+02,9.345291852951049805e-01,5.737546997070312500e+02,6.471932373046875000e+02,6.608694791793823242e-01,5.859741821289062500e+02,6.471932373046875000e+02,9.095651507377624512e-01,5.696815795898437500e+02,6.919979248046875000e+02,9.232239127159118652e-01,5.696815795898437500e+02,7.001442260742187500e+02,9.378520846366882324e-01,5.737546997070312500e+02,7.612415161132812500e+02,6.887311935424804688e-01,5.656083984375000000e+02,7.775341186523437500e+02,9.580121636390686035e-01,6.267056884765625000e+02,7.408757324218750000e+02,7.119977474212646484e-01,5.981936645507812500e+02,8.264119873046875000e+02,8.394259214401245117e-01,5.778278808593750000e+02,8.304851074218750000e+02,8.302381038665771484e-01,5.696815795898437500e+02,8.304851074218750000e+02,8.645617365837097168e-01,6.104130859375000000e+02,9.160213623046875000e+02,9.302057623863220215e-01,5.819010009765625000e+02,9.241676635742187500e+02,7.847812771797180176e-01,5.533889770507812500e+02,9.771186523437500000e+02,1.021044015884399414e+00,5.696815795898437500e+02,1.009703857421875000e+03,8.379134535789489746e-01,5.859741821289062500e+02,6.186811523437500000e+02,9.689630866050720215e-01,5.737546997070312500e+02,6.716321411132812500e+02,9.352679252624511719e-01,5.737546997070312500e+02,8.264119873046875000e+02,8.983572125434875488e-01,5.615352783203125000e+02,1.005630737304687500e+03,6.196888089179992676e-01,5.981936645507812500e+02,1.021923339843750000e+03,8.152090311050415039e-01,5.656083984375000000e+02,1.001557556152343750e+03,6.958332657814025879e-01,5.900473022460937500e+02,1.025996459960937500e+03,8.280556797981262207e-01,5.370963134765625000e+02,9.811917724609375000e+02,9.743049144744873047e-01,5.615352783203125000e+02,1.017850158691406250e+03,6.774694323539733887e-01,4.820622888780883954e+02,6.205007253336923441e+02,1.700795162415928985e+02,4.186531532874819277e+02,0.000000000000000000e+00
7.100100000000000000e+04,2.570000000000000000e+02,1.088800000000000000e+04,1.630000000000000000e+02,6.275422973632812500e+02,6.558023071289062500e+02,8.989086747169494629e-01,6.234247436523437500e+02,6.434496459960937500e+02,9.039759039878845215e-01,6.193071899414062500e+02,6.434496459960937500e+02,9.457567334175109863e-01,5.863667602539062500e+02,6.475671997070312500e+02,6.317034959793090820e-01,6.028369750976562500e+02,6.475671997070312500e+02,8.760293126106262207e-01,5.822492065429687500e+02,6.887427978515625000e+02,8.514827489852905273e-01,5.863667602539062500e+02,7.010954589843750000e+02,9.394898414611816406e-01,5.904843139648437500e+02,7.587412109375000000e+02,7.365134954452514648e-01,5.822492065429687500e+02,7.752114257812500000e+02,9.620348811149597168e-01,6.069545288085937500e+02,8.122694702148437500e+02,6.359664797782897949e-01,6.151896362304687500e+02,8.328572387695312500e+02,8.705214262008666992e-01,5.946018676757812500e+02,8.205045776367187500e+02,8.191083073616027832e-01,5.822492065429687500e+02,8.287396850585937500e+02,8.675392270088195801e-01,6.357774047851562500e+02,9.110908203125000000e+02,8.962011933326721191e-01,5.822492065429687500e+02,9.193259277343750000e+02,7.876892685890197754e-01,6.028369750976562500e+02,9.810892944335937500e+02,7.875123023986816406e-01,5.781316528320312500e+02,1.018147277832031250e+03,8.701268434524536133e-01,6.028369750976562500e+02,6.146267700195312500e+02,9.251666665077209473e-01,5.904843139648437500e+02,6.722725219726562500e+02,9.496147036552429199e-01,5.904843139648437500e+02,8.205045776367187500e+02,9.419856071472167969e-01,6.193071899414062500e+02,1.014029724121093750e+03,7.346061468124389648e-01,6.110720825195312500e+02,1.030500000000000000e+03,7.924683094024658203e-01,6.234247436523437500e+02,1.009912170410156250e+03,7.353444099426269531e-01,5.987194213867187500e+02,1.034617553710937500e+03,7.615746855735778809e-01,5.904843139648437500e+02,9.893244018554687500e+02,7.251862883567810059e-01,5.698965454101562500e+02,1.022264831542968750e+03,8.381227850914001465e-01,5.027432057964684304e+02,6.173913428467404856e+02,1.671965601150804446e+02,4.210440205863966412e+02,0.000000000000000000e+00
7.100200000000000000e+04,2.570000000000000000e+02,1.088800000000000000e+04,1.640000000000000000e+02,6.518604125976562500e+02,6.541261596679687500e+02,9.123576879501342773e-01,6.518604125976562500e+02,6.418608398437500000e+02,9.261337518692016602e-01,6.436835327148437500e+02,6.418608398437500000e+02,9.150877594947814941e-01,6.191528930664062500e+02,6.459492797851562500e+02,6.060142517089843750e-01,6.191528930664062500e+02,6.459492797851562500e+02,8.860970735549926758e-01,5.987106323242187500e+02,6.909221191406250000e+02,8.826438188552856445e-01,6.027990722656250000e+02,6.990990600585937500e+02,9.257161617279052734e-01,6.027990722656250000e+02,7.604256591796875000e+02,7.268531918525695801e-01,5.987106323242187500e+02,7.767794799804687500e+02,9.606704711914062500e-01,6.436835327148437500e+02,7.318065795898437500e+02,7.253905534744262695e-01,6.314182128906250000e+02,8.299292602539062500e+02,8.376660346984863281e-01,6.191528930664062500e+02,8.217523193359375000e+02,8.519370555877685547e-01,6.027990722656250000e+02,8.258407592773437500e+02,8.842101693153381348e-01,6.559488525390625000e+02,9.076096801757812500e+02,9.085298776626586914e-01,5.864453125000000000e+02,9.198750000000000000e+02,8.868999481201171875e-01,6.355066528320312500e+02,9.975554199218750000e+02,8.755174875259399414e-01,5.782684326171875000e+02,1.017997619628906250e+03,9.311286807060241699e-01,6.273297729492187500e+02,6.132416992187500000e+02,8.472361564636230469e-01,6.109759521484375000e+02,6.704799194335937500e+02,9.044340252876281738e-01,6.109759521484375000e+02,8.176638793945312500e+02,9.107177257537841797e-01,6.723026123046875000e+02,1.026174560546875000e+03,8.999925851821899414e-01,6.109759521484375000e+02,1.030262939453125000e+03,6.814889907836914062e-01,6.682141723632812500e+02,1.017997619628906250e+03,9.174467921257019043e-01,6.027990722656250000e+02,1.034351440429687500e+03,6.386780738830566406e-01,6.232413330078125000e+02,1.009820739746093750e+03,8.387170433998107910e-01,5.741799926757812500e+02,1.017997619628906250e+03,7.873403429985046387e-01,5.289550089701207298e+02,6.179961916890806606e+02,1.659476097575817448e+02,4.199424808244473297e+02,0.000000000000000000e+00
7.100300000000000000e+04,2.570000000000000000e+02,1.088800000000000000e+04,1.650000000000000000e+02,6.622047119140625000e+02,6.586876220703125000e+02,9.646824598312377930e-01,6.622047119140625000e+02,6.464872436523437500e+02,9.390687942504882812e-01,6.581378784179687500e+02,6.464872436523437500e+02,9.608268141746520996e-01,6.296702880859375000e+02,6.464872436523437500e+02,5.961420536041259766e-01,6.337370605468750000e+02,6.464872436523437500e+02,8.757719397544860840e-01,6.134030761718750000e+02,6.871552734375000000e+02,8.740081787109375000e-01,6.215366821289062500e+02,7.034224853515625000e+02,9.070063233375549316e-01,6.256034545898437500e+02,7.400236816406250000e+02,4.915838539600372314e-01,6.174698486328125000e+02,7.806917114257812500e+02,9.368410110473632812e-01,6.581378784179687500e+02,7.359569091796875000e+02,8.677881360054016113e-01,6.459375000000000000e+02,8.335601806640625000e+02,8.633797764778137207e-01,6.256034545898437500e+02,8.254265747070312500e+02,7.496852278709411621e-01,6.215366821289062500e+02,8.254265747070312500e+02,8.326827883720397949e-01,6.784719238281250000e+02,9.067626342773437500e+02,4.724263846874237061e-01,5.971358642578125000e+02,9.230298461914062500e+02,5.087682604789733887e-01,6.825386962890625000e+02,1.004365905761718750e+03,6.287910938262939453e-01,5.768018188476562500e+02,1.016566284179687500e+03,6.747602224349975586e-01,6.378038940429687500e+02,6.180195922851562500e+02,8.609596490859985352e-01,6.256034545898437500e+02,6.708880615234375000e+02,9.238790273666381836e-01,6.256034545898437500e+02,8.213597412109375000e+02,9.184497594833374023e-01,7.232067260742187500e+02,1.016566284179687500e+03,7.089091539382934570e-01,6.012026367187500000e+02,1.020633117675781250e+03,6.570197939872741699e-01,7.191399536132812500e+02,1.016566284179687500e+03,7.206286787986755371e-01,5.930690307617187500e+02,1.028766723632812500e+03,6.452625393867492676e-01,6.744050903320312500e+02,1.016566284179687500e+03,6.895323395729064941e-01,5.686682128906250000e+02,1.020633117675781250e+03,7.418513894081115723e-01,5.479611389906501699e+02,6.186948332729947424e+02,1.653954083175183314e+02,4.180090868737337360e+02,0.000000000000000000e+00
7.100400000000000000e+04,2.570000000000000000e+02,1.088800000000000000e+04,1.660000000000000000e+02,6.753494262695312500e+02,6.613737792968750000e+02,9.258777499198913574e-01,6.753494262695312500e+02,6.534682006835937500e+02,8.870213031768798828e-01,6.713966064453125000e+02,6.534682006835937500e+02,8.940871357917785645e-01,6.437270507812500000e+02,6.534682006835937500e+02,5.843263268470764160e-01,6.516326293945312500e+02,6.534682006835937500e+02,8.994020819664001465e-01,6.279158935546875000e+02,6.969489746093750000e+02,8.790808916091918945e-01,6.358214721679687500e+02,7.048545532226562500e+02,8.953863978385925293e-01,6.358214721679687500e+02,7.641465454101562500e+02,8.038471341133117676e-01,6.318686523437500000e+02,7.799577026367187500e+02,9.462983012199401855e-01,6.753494262695312500e+02,7.404297485351562500e+02,4.509965479373931885e-01,6.634910278320312500e+02,8.392496948242187500e+02,8.781956434249877930e-01,6.358214721679687500e+02,8.313440551757812500e+02,7.330483198165893555e-01,6.397742309570312500e+02,8.313440551757812500e+02,8.095652461051940918e-01,6.002462768554687500e+02,9.262111816406250000e+02,6.574113965034484863e-01,6.951134033203125000e+02,9.143527832031250000e+02,5.271082520484924316e-01,5.804822998046875000e+02,1.009219909667968750e+03,6.174804568290710449e-01,7.267357788085937500e+02,1.005267150878906250e+03,6.371036767959594727e-01,6.516326293945312500e+02,6.218458251953125000e+02,8.761847019195556641e-01,6.397742309570312500e+02,6.771849975585937500e+02,9.259040951728820801e-01,6.358214721679687500e+02,8.273912963867187500e+02,8.837185502052307129e-01,6.041990966796875000e+02,1.013172729492187500e+03,4.386079907417297363e-01,7.662637329101562500e+02,1.005267150878906250e+03,6.487870216369628906e-01,5.962935180664062500e+02,1.013172729492187500e+03,3.544185161590576172e-01,7.662637329101562500e+02,1.013172729492187500e+03,6.671808362007141113e-01,5.765294799804687500e+02,1.025031127929687500e+03,3.360157012939453125e-01,7.267357788085937500e+02,1.025031127929687500e+03,8.557523488998413086e-01,5.656791009380395963e+02,6.240884570294432478e+02,1.665476944290578558e+02,4.095246093350668843e+02,0.000000000000000000e+00
7.100500000000000000e+04,2.570000000000000000e+02,1.090700000000000000e+04,1.670000000000000000e+02,6.998841552734375000e+02,6.635180664062500000e+02,8.838444352149963379e-01,6.998841552734375000e+02,6.553479003906250000e+02,8.773040771484375000e-01,6.917139892578125000e+02,6.553479003906250000e+02,9.119815826416015625e-01,6.631182861328125000e+02,6.553479003906250000e+02,5.571809411048889160e-01,6.672033691406250000e+02,6.553479003906250000e+02,8.465531468391418457e-01,6.467778930664062500e+02,7.002839355468750000e+02,8.472334742546081543e-01,6.549481201171875000e+02,7.084541625976562500e+02,9.835669994354248047e-01,6.590332031250000000e+02,7.697305908203125000e+02,7.910166978836059570e-01,6.508630371093750000e+02,7.860709838867187500e+02,9.416494965553283691e-01,6.835437622070312500e+02,8.105815429687500000e+02,4.835129976272583008e-01,6.753735961914062500e+02,8.391771850585937500e+02,8.689050078392028809e-01,6.426928100585937500e+02,8.350921020507812500e+02,8.108439445495605469e-01,6.590332031250000000e+02,8.391771850585937500e+02,8.501513600349426270e-01,6.059269409179687500e+02,9.249642333984375000e+02,8.591557145118713379e-01,7.121394653320312500e+02,9.208790893554687500e+02,9.450880885124206543e-01,5.814163818359375000e+02,1.006666137695312500e+03,8.563359379768371582e-01,7.570755004882812500e+02,1.006666137695312500e+03,9.189291000366210938e-01,6.712885131835937500e+02,6.226671142578125000e+02,9.087295532226562500e-01,6.590332031250000000e+02,6.798584594726562500e+02,8.814609050750732422e-01,6.508630371093750000e+02,8.310070190429687500e+02,8.723934888839721680e-01,6.059269409179687500e+02,1.014836303710937500e+03,7.438533902168273926e-01,8.020115356445312500e+02,9.944108276367187500e+02,7.626527547836303711e-01,6.018418579101562500e+02,1.014836303710937500e+03,6.932008266448974609e-01,8.020115356445312500e+02,1.006666137695312500e+03,7.530378699302673340e-01,5.732462158203125000e+02,1.018921386718750000e+03,6.486408114433288574e-01,7.652456665039062500e+02,1.027091552734375000e+03,8.736280202865600586e-01,5.864602543115959179e+02,6.240819692081240646e+02,1.742934208759244257e+02,4.152969982879321833e+02,0.000000000000000000e+00
7.100600000000000000e+04,2.570000000000000000e+02,1.088800000000000000e+04,1.680000000000000000e+02,7.086203613281250000e+02,6.665298461914062500e+02,8.791108131408691406e-01,7.042836914062500000e+02,6.578565063476562500e+02,8.738470673561096191e-01,6.999470214843750000e+02,6.578565063476562500e+02,9.175264239311218262e-01,6.695903930664062500e+02,6.621931762695312500e+02,6.125281453132629395e-01,6.782636718750000000e+02,6.621931762695312500e+02,8.918429017066955566e-01,6.652537231445312500e+02,7.012231445312500000e+02,8.950576782226562500e-01,6.739270019531250000e+02,7.098964843750000000e+02,9.405673742294311523e-01,6.739270019531250000e+02,7.662731323242187500e+02,6.995233297348022461e-01,6.695903930664062500e+02,7.879564208984375000e+02,9.753854274749755859e-01,7.129570312500000000e+02,7.402531127929687500e+02,3.999805152416229248e-01,6.869370117187500000e+02,8.443330688476562500e+02,8.377313613891601562e-01,6.826003417968750000e+02,8.399963989257812500e+02,7.852108478546142578e-01,6.695903930664062500e+02,8.399963989257812500e+02,8.385056853294372559e-01,7.303036499023437500e+02,9.223930053710937500e+02,8.432143330574035645e-01,6.262237548828125000e+02,9.354030151367187500e+02,6.577215194702148438e-01,7.736702880859375000e+02,1.004789611816406250e+03,7.790204286575317383e-01,5.915303955078125000e+02,1.004789611816406250e+03,6.598384976387023926e-01,6.826003417968750000e+02,6.318365478515625000e+02,8.771985769271850586e-01,6.739270019531250000e+02,6.838765258789062500e+02,9.400371313095092773e-01,6.739270019531250000e+02,8.356597290039062500e+02,9.215528368949890137e-01,8.170369262695312500e+02,1.000452941894531250e+03,5.419574975967407227e-01,8.213735961914062500e+02,1.000452941894531250e+03,3.600046932697296143e-01,8.127002563476562500e+02,1.000452941894531250e+03,6.101437211036682129e-01,8.213735961914062500e+02,1.009126281738281250e+03,3.737137913703918457e-01,7.736702880859375000e+02,1.026472900390625000e+03,6.025418043136596680e-01,7.736702880859375000e+02,1.026472900390625000e+03,4.513492286205291748e-01,5.991594364885598907e+02,6.158785194107069856e+02,1.872571649207309292e+02,4.343971426723680906e+02,0.000000000000000000e+00
7.100700000000000000e+04,2.570000000000000000e+02,1.091700000000000000e+04,1.690000000000000000e+02,7.272540283203125000e+02,6.673314819335937500e+02,9.553332328796386719e-01,7.272540283203125000e+02,6.590317382812500000e+02,8.573032617568969727e-01,7.231041870117187500e+02,6.590317382812500000e+02,9.092702865600585938e-01,6.816054687500000000e+02,6.590317382812500000e+02,6.818494796752929688e-01,7.023547973632812500e+02,6.590317382812500000e+02,8.382685780525207520e-01,6.774555664062500000e+02,7.046803588867187500e+02,8.978083133697509766e-01,6.940550537109375000e+02,7.171299438476562500e+02,9.597437977790832520e-01,6.899052124023437500e+02,7.752281494140625000e+02,7.964879274368286133e-01,6.857553100585937500e+02,7.918276977539062500e+02,9.564949274063110352e-01,7.272540283203125000e+02,7.959775390625000000e+02,6.939789056777954102e-01,7.106545410156250000e+02,8.457760009765625000e+02,8.330393433570861816e-01,6.816054687500000000e+02,8.416261596679687500e+02,8.527355790138244629e-01,6.982049560546875000e+02,8.457760009765625000e+02,8.672649860382080078e-01,6.442565917968750000e+02,9.329233398437500000e+02,8.922552466392517090e-01,7.480034179687500000e+02,9.204737548828125000e+02,9.517447352409362793e-01,5.944581298828125000e+02,1.003471191406250000e+03,9.383242130279541016e-01,7.812023925781250000e+02,1.007621093750000000e+03,8.831436038017272949e-01,7.023547973632812500e+02,6.299826049804687500e+02,8.773003220558166504e-01,6.940550537109375000e+02,6.880808715820312500e+02,9.342573285102844238e-01,6.899052124023437500e+02,8.374762573242187500e+02,9.237365126609802246e-01,6.152074584960937500e+02,1.024220581054687500e+03,6.066038012504577637e-01,8.268510131835937500e+02,1.011770935058593750e+03,9.229345917701721191e-01,6.110576171875000000e+02,1.024220581054687500e+03,5.038543939590454102e-01,8.268510131835937500e+02,1.020070678710937500e+03,8.432255387306213379e-01,5.820084838867187500e+02,1.015920837402343750e+03,4.881523847579956055e-01,7.812023925781250000e+02,1.028370483398437500e+03,8.626648187637329102e-01,6.059049371328201232e+02,6.175423053088774168e+02,1.907964125615826561e+02,4.291489559096029325e+02,0.000000000000000000e+00
7.100800000000000000e+04,2.570000000000000000e+02,1.090700000000000000e+04,1.700000000000000000e+02,7.504244384765625000e+02,6.672058105468750000e+02,9.174469709396362305e-01,7.465653076171875000e+02,6.556284790039062500e+02,8.583080768585205078e-01,7.427062377929687500e+02,6.556284790039062500e+02,9.103826880455017090e-01,7.079741821289062500e+02,6.594876098632812500e+02,5.920482277870178223e-01,7.234106445312500000e+02,6.633466796875000000e+02,8.910365104675292969e-01,7.079741821289062500e+02,7.057969360351562500e+02,9.211612343788146973e-01,7.118333129882812500e+02,7.173742675781250000e+02,9.353305697441101074e-01,7.041151123046875000e+02,7.829791870117187500e+02,7.711549997329711914e-01,7.041151123046875000e+02,7.906974487304687500e+02,9.667243361473083496e-01,7.349879760742187500e+02,8.177112426757812500e+02,6.195796132087707520e-01,7.272697753906250000e+02,8.485841064453125000e+02,8.299563527107238770e-01,7.041151123046875000e+02,8.447250366210937500e+02,8.278224468231201172e-01,7.195515136718750000e+02,8.447250366210937500e+02,8.704378008842468262e-01,6.693830566406250000e+02,9.373437500000000000e+02,8.714965581893920898e-01,7.658609008789062500e+02,9.180481567382812500e+02,9.396079182624816895e-01,6.076372680664062500e+02,1.002948669433593750e+03,8.666472434997558594e-01,7.890155639648437500e+02,1.010666870117187500e+03,9.339429140090942383e-01,7.234106445312500000e+02,6.286146850585937500e+02,9.142484068870544434e-01,7.156924438476562500e+02,6.865014038085937500e+02,9.274424910545349121e-01,7.118333129882812500e+02,8.408659057617187500e+02,8.910342454910278320e-01,6.192145996093750000e+02,1.029962402343750000e+03,7.546235918998718262e-01,8.353249511718750000e+02,1.022244201660156250e+03,9.527407288551330566e-01,6.114963989257812500e+02,1.026103393554687500e+03,6.903440952301025391e-01,8.353249511718750000e+02,1.026103393554687500e+03,8.866915702819824219e-01,5.883416748046875000e+02,1.006807739257812500e+03,8.699648976325988770e-01,7.890155639648437500e+02,1.026103393554687500e+03,8.947899937629699707e-01,6.126181803030101491e+02,6.432798096501188638e+02,1.850741005904258145e+02,4.073311473689660716e+02,0.000000000000000000e+00
7.100900000000000000e+04,2.570000000000000000e+02,1.090700000000000000e+04,1.710000000000000000e+02,7.679257202148437500e+02,6.638400878906250000e+02,9.314884543418884277e-01,7.635629272460937500e+02,6.551146240234375000e+02,8.800219893455505371e-01,7.592001953125000000e+02,6.551146240234375000e+02,9.089539647102355957e-01,7.242983398437500000e+02,6.594773559570312500e+02,6.049594283103942871e-01,7.373865356445312500e+02,6.594773559570312500e+02,8.667060732841491699e-01,7.199355468750000000e+02,7.074675292968750000e+02,8.523423075675964355e-01,7.286610717773437500e+02,7.118302612304687500e+02,9.460740089416503906e-01,7.286610717773437500e+02,7.816340332031250000e+02,6.792168617248535156e-01,7.242983398437500000e+02,7.903595581054687500e+02,9.869399070739746094e-01,7.548374633789062500e+02,8.165359497070312500e+02,5.147117376327514648e-01,7.548374633789062500e+02,8.470751342773437500e+02,7.624773383140563965e-01,7.373865356445312500e+02,8.427124023437500000e+02,8.156054019927978516e-01,7.286610717773437500e+02,8.470751342773437500e+02,8.414928913116455078e-01,6.981218872070312500e+02,9.343298950195312500e+02,5.979071855545043945e-01,7.810139160156250000e+02,9.212416992187500000e+02,4.852702319622039795e-01,7.941021118164062500e+02,1.017221923828125000e+03,5.377014279365539551e-01,6.239553222656250000e+02,1.004133728027343750e+03,4.274479746818542480e-01,7.417492675781250000e+02,6.289382324218750000e+02,8.611316084861755371e-01,7.330238037109375000e+02,6.856538085937500000e+02,9.183256030082702637e-01,7.330238037109375000e+02,8.383496704101562500e+02,9.298969507217407227e-01,8.377294921875000000e+02,1.030310180664062500e+03,7.706187367439270020e-01,6.195925903320312500e+02,1.021584655761718750e+03,4.566182494163513184e-01,8.333667602539062500e+02,1.025947387695312500e+03,7.646964192390441895e-01,6.152298583984375000e+02,1.021584655761718750e+03,4.902265369892120361e-01,7.897393798828125000e+02,1.030310180664062500e+03,8.360226750373840332e-01,6.108671264648437500e+02,1.004133728027343750e+03,6.404850482940673828e-01,6.234729457309451846e+02,6.206293328199749340e+02,1.964355902235895428e+02,4.335724887957139799e+02,0.000000000000000000e+00
7.101000000000000000e+04,2.570000000000000000e+02,1.090700000000000000e+04,1.720000000000000000e+02,7.851629028320312500e+02,6.664108886718750000e+02,9.381962418556213379e-01,7.851629028320312500e+02,6.544309082031250000e+02,9.366530179977416992e-01,7.811696166992187500e+02,6.544309082031250000e+02,9.485632777214050293e-01,7.572096557617187500e+02,6.584242553710937500e+02,5.735266208648681641e-01,7.612029418945312500e+02,6.584242553710937500e+02,8.966950774192810059e-01,7.412363281250000000e+02,7.023508300781250000e+02,8.574653863906860352e-01,7.452296752929687500e+02,7.103374633789062500e+02,8.974187374114990234e-01,7.492230224609375000e+02,7.742307128906250000e+02,7.706929445266723633e-01,7.412363281250000000e+02,7.862106933593750000e+02,9.483678340911865234e-01,7.891562500000000000e+02,7.702373657226562500e+02,4.450094997882843018e-01,7.691896362304687500e+02,8.381239013671875000e+02,6.962353587150573730e-01,7.452296752929687500e+02,8.421172485351562500e+02,8.145675063133239746e-01,7.532163085937500000e+02,8.421172485351562500e+02,8.736494183540344238e-01,7.292563476562500000e+02,9.379570312500000000e+02,8.239563703536987305e-01,7.931495971679687500e+02,9.219837646484375000e+02,8.840082287788391113e-01,6.493898315429687500e+02,9.898703002929687500e+02,7.677133083343505859e-01,7.971428833007812500e+02,1.009836914062500000e+03,8.351117968559265137e-01,7.651962890625000000e+02,6.304709472656250000e+02,9.111027717590332031e-01,7.532163085937500000e+02,6.863775024414062500e+02,9.038728475570678711e-01,7.492230224609375000e+02,8.341305541992187500e+02,8.674955368041992188e-01,8.410694580078125000e+02,1.029803466796875000e+03,6.562682390213012695e-01,6.414031982421875000e+02,1.029803466796875000e+03,5.754546523094177246e-01,8.370761718750000000e+02,1.025810180664062500e+03,6.018667221069335938e-01,6.374098510742187500e+02,1.029803466796875000e+03,6.142151951789855957e-01,7.891562500000000000e+02,1.025810180664062500e+03,6.449376344680786133e-01,6.254299316406250000e+02,9.858769531250000000e+02,4.586492180824279785e-01,6.364873503287512904e+02,6.250419225553139313e+02,1.887285100075843047e+02,4.183965122059646546e+02,0.000000000000000000e+00
7.101100000000000000e+04,2.570000000000000000e+02,1.090700000000000000e+04,1.730000000000000000e+02,8.053412475585937500e+02,6.635766601562500000e+02,8.859266042709350586e-01,8.015678710937500000e+02,6.522565917968750000e+02,8.775671720504760742e-01,7.977944946289062500e+02,6.522565917968750000e+02,9.193037152290344238e-01,7.789277343750000000e+02,6.560299682617187500e+02,5.448901653289794922e-01,7.789277343750000000e+02,6.560299682617187500e+02,8.762496709823608398e-01,7.600609130859375000e+02,7.013102416992187500e+02,8.676661252975463867e-01,7.638342895507812500e+02,7.088569946289062500e+02,8.798393011093139648e-01,7.600609130859375000e+02,7.730040283203125000e+02,7.664453983306884766e-01,7.562875976562500000e+02,7.843240966796875000e+02,8.997824192047119141e-01,7.977944946289062500e+02,7.805507812500000000e+02,6.302492618560791016e-01,7.864744262695312500e+02,8.371511230468750000e+02,8.256998658180236816e-01,7.713809814453125000e+02,8.409244995117187500e+02,8.132122755050659180e-01,7.676076660156250000e+02,8.409244995117187500e+02,8.406156301498413086e-01,7.977944946289062500e+02,9.239383544921875000e+02,8.685626387596130371e-01,7.638342895507812500e+02,9.390317993164062500e+02,6.371011734008789062e-01,7.977944946289062500e+02,1.014498901367187500e+03,8.146507143974304199e-01,6.732737426757812500e+02,9.880854492187500000e+02,7.611721158027648926e-01,7.789277343750000000e+02,6.220697631835937500e+02,8.664982914924621582e-01,7.713809814453125000e+02,6.824434814453125000e+02,9.377565979957580566e-01,7.676076660156250000e+02,8.333777465820312500e+02,8.632721900939941406e-01,8.393014526367187500e+02,1.033365722656250000e+03,8.995968103408813477e-01,6.808204345703125000e+02,1.029592407226562500e+03,8.653133511543273926e-01,8.355280761718750000e+02,1.029592407226562500e+03,8.932119011878967285e-01,6.732737426757812500e+02,1.029592407226562500e+03,9.100509881973266602e-01,7.864744262695312500e+02,1.029592407226562500e+03,8.911364674568176270e-01,6.581802978515625000e+02,9.843120727539062500e+02,9.419600963592529297e-01,6.577934004041367189e+02,6.338980206901487691e+02,1.774872530299180653e+02,3.972101326841484479e+02,0.000000000000000000e+00
7.101200000000000000e+04,2.570000000000000000e+02,1.091700000000000000e+04,1.740000000000000000e+02,8.198392944335937500e+02,6.579497680664062500e+02,8.990280628204345703e-01,8.198392944335937500e+02,6.501186523437500000e+02,8.916001319885253906e-01,8.159237060546875000e+02,6.501186523437500000e+02,9.267092347145080566e-01,7.806835327148437500e+02,6.540342407226562500e+02,6.045279502868652344e-01,7.924302368164062500e+02,6.540342407226562500e+02,8.972017765045166016e-01,7.689368286132812500e+02,6.971055908203125000e+02,8.839632272720336914e-01,7.806835327148437500e+02,7.049367065429687500e+02,9.575577378273010254e-01,7.689368286132812500e+02,7.675859375000000000e+02,7.360488772392272949e-01,7.728523559570312500e+02,7.793327026367187500e+02,9.283548593521118164e-01,7.963458251953125000e+02,8.145728759765625000e+02,7.611200809478759766e-01,8.041770019531250000e+02,8.302351684570312500e+02,9.046736955642700195e-01,7.806835327148437500e+02,8.302351684570312500e+02,8.394355177879333496e-01,7.767679443359375000e+02,8.341507568359375000e+02,8.730337619781494141e-01,8.041770019531250000e+02,9.163778686523437500e+02,9.231631159782409668e-01,7.963458251953125000e+02,9.242090454101562500e+02,9.101600646972656250e-01,7.963458251953125000e+02,1.014267272949218750e+03,8.148759007453918457e-01,7.141187133789062500e+02,9.868582763671875000e+02,8.011220097541809082e-01,8.002614135742187500e+02,6.187940063476562500e+02,9.318842291831970215e-01,7.845991210937500000e+02,6.775277099609375000e+02,9.038504362106323242e-01,7.767679443359375000e+02,8.263195800781250000e+02,8.892395496368408203e-01,8.394171752929687500e+02,1.033845214843750000e+03,8.432402610778808594e-01,7.219498901367187500e+02,1.029929565429687500e+03,8.776882290840148926e-01,8.355015869140625000e+02,1.029929565429687500e+03,8.822234272956848145e-01,7.141187133789062500e+02,1.026014038085937500e+03,8.833801150321960449e-01,7.845991210937500000e+02,1.026014038085937500e+03,8.518133163452148438e-01,6.984564208984375000e+02,9.829426879882812500e+02,8.963369131088256836e-01,6.804454931663474326e+02,6.274744745060771720e+02,1.749066529317947243e+02,3.990947229661550182e+02,0.000000000000000000e+00
7.101300000000000000e+04,2.570000000000000000e+02,1.091100000000000000e+04,1.750000000000000000e+02,8.430828857421875000e+02,6.585424194335937500e+02,9.391703605651855469e-01,8.430828857421875000e+02,6.469902343750000000e+02,9.471463561058044434e-01,8.353814086914062500e+02,6.469902343750000000e+02,9.401752948760986328e-01,8.122769775390625000e+02,6.469902343750000000e+02,5.951019525527954102e-01,8.161277465820312500e+02,6.508409423828125000e+02,9.119313359260559082e-01,7.891725463867187500e+02,6.931990966796875000e+02,8.234742283821105957e-01,7.968740234375000000e+02,7.009005737304687500e+02,9.251829981803894043e-01,7.930233154296875000e+02,7.702138671875000000e+02,8.310418128967285156e-01,7.891725463867187500e+02,7.779153442382812500e+02,9.198500514030456543e-01,8.161277465820312500e+02,8.241242065429687500e+02,7.853595018386840820e-01,8.199784545898437500e+02,8.356763916015625000e+02,8.199998736381530762e-01,7.930233154296875000e+02,8.318256835937500000e+02,8.681226968765258789e-01,7.930233154296875000e+02,8.356763916015625000e+02,8.926402330398559570e-01,8.122769775390625000e+02,9.242434082031250000e+02,8.971335291862487793e-01,8.161277465820312500e+02,9.242434082031250000e+02,8.978613615036010742e-01,7.968740234375000000e+02,1.008959655761718750e+03,8.546465039253234863e-01,7.468144531250000000e+02,9.897059326171875000e+02,8.999051451683044434e-01,8.238292236328125000e+02,6.161843261718750000e+02,8.680341839790344238e-01,8.045755004882812500e+02,6.739453735351562500e+02,9.332238435745239258e-01,7.930233154296875000e+02,8.279749145507812500e+02,8.694817423820495605e-01,8.353814086914062500e+02,1.032064086914062500e+03,8.602861166000366211e-01,7.660681152343750000e+02,1.028213378906250000e+03,9.575889706611633301e-01,8.315307006835937500e+02,1.028213378906250000e+03,9.173557758331298828e-01,7.622174072265625000e+02,1.028213378906250000e+03,8.961114287376403809e-01,7.891725463867187500e+02,1.024362548828125000e+03,8.633731603622436523e-01,7.314114990234375000e+02,9.974074096679687500e+02,9.373185038566589355e-01,7.010915308986460559e+02,6.284779960680685917e+02,1.699690102144544426e+02,3.954008571431949122e+02,0.000000000000000000e+00
7.101400000000000000e+04,2.570000000000000000e+02,1.091100000000000000e+04,1.760000000000000000e+02,8.592371826171875000e+02,6.539457397460937500e+02,9.417043328285217285e-01,8.550754394531250000e+02,6.456222534179687500e+02,8.996905088424682617e-01,8.509136352539062500e+02,6.456222534179687500e+02,9.428564310073852539e-01,8.217813110351562500e+02,6.456222534179687500e+02,5.753811597824096680e-01,8.301048583984375000e+02,6.456222534179687500e+02,8.996440768241882324e-01,8.092960815429687500e+02,6.914016113281250000e+02,8.821366429328918457e-01,8.134578247070312500e+02,6.955633544921875000e+02,9.271916151046752930e-01,8.092960815429687500e+02,7.663132934570312500e+02,8.948985338211059570e-01,8.051342773437500000e+02,7.704750366210937500e+02,9.638203382492065430e-01,8.342666015625000000e+02,8.287396850585937500e+02,7.527141571044921875e-01,8.342666015625000000e+02,8.287396850585937500e+02,7.981847524642944336e-01,8.092960815429687500e+02,8.329014892578125000e+02,8.863202929496765137e-01,8.051342773437500000e+02,8.329014892578125000e+02,8.973762392997741699e-01,8.342666015625000000e+02,9.161367187500000000e+02,8.155835270881652832e-01,8.384284057617187500e+02,9.161367187500000000e+02,9.568061232566833496e-01,7.968107910156250000e+02,1.003533691406250000e+03,8.266541957855224609e-01,7.884872436523437500e+02,9.993718872070312500e+02,8.702083230018615723e-01,8.342666015625000000e+02,6.123281250000000000e+02,9.004237055778503418e-01,8.176195678710937500e+02,6.705927734375000000e+02,9.507758021354675293e-01,8.051342773437500000e+02,8.245779418945312500e+02,8.972194194793701172e-01,8.384284057617187500e+02,1.028504272460937500e+03,9.024374485015869141e-01,8.301048583984375000e+02,1.028504272460937500e+03,7.964475750923156738e-01,8.342666015625000000e+02,1.024342529296875000e+03,8.569797873497009277e-01,8.217813110351562500e+02,1.032666015625000000e+03,7.601883411407470703e-01,7.843255004882812500e+02,1.020180725097656250e+03,5.527965426445007324e-01,7.718402099609375000e+02,1.007695434570312500e+03,8.228039145469665527e-01,7.245011301004255984e+02,6.158544062349737942e+02,1.731930570768029156e+02,4.153255250315869489e+02,0.000000000000000000e+00
7.101500000000000000e+04,2.570000000000000000e+02,1.091700000000000000e+04,1.770000000000000000e+02,8.720298461914062500e+02,6.510197753906250000e+02,8.916524052619934082e-01,8.720298461914062500e+02,6.429704589843750000e+02,8.918867111206054688e-01,8.680051879882812500e+02,6.429704589843750000e+02,9.493783116340637207e-01,8.438572387695312500e+02,6.429704589843750000e+02,5.774068832397460938e-01,8.478818969726562500e+02,6.429704589843750000e+02,8.818059563636779785e-01,8.277586059570312500e+02,6.912663574218750000e+02,9.236577153205871582e-01,8.277586059570312500e+02,6.952910156250000000e+02,9.235987663269042969e-01,8.237339477539062500e+02,7.637101440429687500e+02,9.017063379287719727e-01,8.197092895507812500e+02,7.677348022460937500e+02,9.315741658210754395e-01,8.519065551757812500e+02,8.160307006835937500e+02,8.377739191055297852e-01,8.478818969726562500e+02,8.240800170898437500e+02,8.412719964981079102e-01,8.277586059570312500e+02,8.321293334960937500e+02,8.489269614219665527e-01,8.156846313476562500e+02,8.321293334960937500e+02,8.495998382568359375e-01,8.720298461914062500e+02,9.126224975585937500e+02,9.267085790634155273e-01,8.116599731445312500e+02,9.246964111328125000e+02,8.789843320846557617e-01,8.317832641601562500e+02,1.001164916992187500e+03,8.438787460327148438e-01,7.955613403320312500e+02,1.009214233398437500e+03,8.017170429229736328e-01,8.519065551757812500e+02,6.107731933593750000e+02,8.995000123977661133e-01,8.358079223632812500e+02,6.711430664062500000e+02,9.257843494415283203e-01,8.197092895507812500e+02,8.240800170898437500e+02,9.046591520309448242e-01,8.639805297851562500e+02,1.033362182617187500e+03,8.794963955879211426e-01,8.478818969726562500e+02,1.033362182617187500e+03,6.874381303787231445e-01,8.599558715820312500e+02,1.029337524414062500e+03,8.739739656448364258e-01,8.398325805664062500e+02,1.037386840820312500e+03,7.188648581504821777e-01,8.197092895507812500e+02,1.013238891601562500e+03,7.024316191673278809e-01,7.915366821289062500e+02,1.021288208007812500e+03,7.902431488037109375e-01,7.453036294382661708e+02,6.128972959346930338e+02,1.678889134564715278e+02,4.135066966022460520e+02,0.000000000000000000e+00
7.101600000000000000e+04,2.570000000000000000e+02,1.091700000000000000e+04,1.780000000000000000e+02,8.907260742187500000e+02,6.579107666015625000e+02,9.022372961044311523e-01,8.907260742187500000e+02,6.461318359375000000e+02,9.032739400863647461e-01,8.828734741210937500e+02,6.461318359375000000e+02,9.119344949722290039e-01,8.593157348632812500e+02,6.461318359375000000e+02,5.782002806663513184e-01,8.632420043945312500e+02,6.461318359375000000e+02,8.895750641822814941e-01,8.436105957031250000e+02,6.932473144531250000e+02,7.865656614303588867e-01,8.436105957031250000e+02,6.971736450195312500e+02,9.058921337127685547e-01,8.396842651367187500e+02,7.639205322265625000e+02,8.907815814018249512e-01,8.357579956054687500e+02,7.717731323242187500e+02,9.450743794441223145e-01,8.632420043945312500e+02,8.149623413085937500e+02,8.201584219932556152e-01,8.671683349609375000e+02,8.228149414062500000e+02,7.972864508628845215e-01,8.475368652343750000e+02,8.345937500000000000e+02,8.680027127265930176e-01,8.318316650390625000e+02,8.345937500000000000e+02,8.664898872375488281e-01,8.907260742187500000e+02,9.131195678710937500e+02,9.499510526657104492e-01,8.161265258789062500e+02,9.248984375000000000e+02,9.210107922554016113e-01,8.750208740234375000e+02,1.011276855468750000e+03,9.552395939826965332e-01,8.004213867187500000e+02,1.011276855468750000e+03,9.350865483283996582e-01,8.671683349609375000e+02,6.147215576171875000e+02,8.497710227966308594e-01,8.514631347656250000e+02,6.696895751953125000e+02,9.169806838035583496e-01,8.396842651367187500e+02,8.306674804687500000e+02,9.061304926872253418e-01,9.142838134765625000e+02,1.038760864257812500e+03,9.053712487220764160e-01,8.436105957031250000e+02,1.034834594726562500e+03,8.232405781745910645e-01,9.142838134765625000e+02,1.030908325195312500e+03,9.481853246688842773e-01,8.318316650390625000e+02,1.038760864257812500e+03,8.309779763221740723e-01,8.593157348632812500e+02,1.019129394531250000e+03,8.048537373542785645e-01,7.886425170898437500e+02,1.026981933593750000e+03,9.221724867820739746e-01,7.666409136440709062e+02,6.221663988611979903e+02,1.636979407411604370e+02,4.061094553082610901e+02,0.000000000000000000e+00
7.101700000000000000e+04,2.570000000000000000e+02,1.088800000000000000e+04,1.790000000000000000e+02,9.052196044921875000e+02,6.583079833984375000e+02,9.227386713027954102e-01,9.052196044921875000e+02,6.461202392578125000e+02,9.206872582435607910e-01,9.011570434570312500e+02,6.461202392578125000e+02,9.313257932662963867e-01,8.767815551757812500e+02,6.501828002929687500e+02,5.919771194458007812e-01,8.767815551757812500e+02,6.501828002929687500e+02,8.571252822875976562e-01,8.524060668945312500e+02,6.908085937500000000e+02,9.021580219268798828e-01,8.645938110351562500e+02,6.989337768554687500e+02,9.460628628730773926e-01,8.483434448242187500e+02,7.639350585937500000e+02,9.655812382698059082e-01,8.524060668945312500e+02,7.720601806640625000e+02,9.197563529014587402e-01,8.727189331054687500e+02,8.126860351562500000e+02,8.427475690841674805e-01,8.849066772460937500e+02,8.289363403320312500e+02,8.312900066375732422e-01,8.524060668945312500e+02,8.370614624023437500e+02,7.884377837181091309e-01,8.564686279296875000e+02,8.411240844726562500e+02,8.431388139724731445e-01,8.239680175781250000e+02,9.223756713867187500e+02,7.663869857788085938e-01,9.092821655273437500e+02,9.183131103515625000e+02,7.928845882415771484e-01,7.995925292968750000e+02,1.011752441406250000e+03,7.133206725120544434e-01,9.174073486328125000e+02,1.015815002441406250e+03,5.413936376571655273e-01,8.849066772460937500e+02,6.176821899414062500e+02,9.023450613021850586e-01,8.686563720703125000e+02,6.745582885742187500e+02,9.178766012191772461e-01,8.524060668945312500e+02,8.370614624023437500e+02,8.519793152809143066e-01,9.661583251953125000e+02,1.032065307617187500e+03,6.019366383552551270e-01,8.402183227539062500e+02,1.032065307617187500e+03,7.845006585121154785e-01,9.580331420898437500e+02,1.028002807617187500e+03,5.969070792198181152e-01,8.320931396484375000e+02,1.036127929687500000e+03,7.898337841033935547e-01,9.133447265625000000e+02,1.036127929687500000e+03,6.076142787933349609e-01,7.874047851562500000e+02,1.028002807617187500e+03,7.501755952835083008e-01,7.882878489527701049e+02,6.361159168030933415e+02,1.670513488612829178e+02,4.125637793557325494e+02,0.000000000000000000e+00
7.101800000000000000e+04,2.570000000000000000e+02,1.091700000000000000e+04,1.800000000000000000e+02,9.201893310546875000e+02,6.590522460937500000e+02,9.282922148704528809e-01,9.201893310546875000e+02,6.466006469726562500e+02,9.427112936973571777e-01,9.160388183593750000e+02,6.507511596679687500e+02,9.432903528213500977e-01,8.952860717773437500e+02,6.549017333984375000e+02,5.941353440284729004e-01,8.952860717773437500e+02,6.507511596679687500e+02,8.821021914482116699e-01,8.745333862304687500e+02,6.964071655273437500e+02,8.844479918479919434e-01,8.786838989257812500e+02,7.047082519531250000e+02,9.094244837760925293e-01,8.745333862304687500e+02,7.711169433593750000e+02,8.709015846252441406e-01,8.745333862304687500e+02,7.835685424804687500e+02,8.918630480766296387e-01,8.994366455078125000e+02,8.126223754882812500e+02,8.294895887374877930e-01,8.994366455078125000e+02,8.375256347656250000e+02,7.791177034378051758e-01,8.786838989257812500e+02,8.375256347656250000e+02,7.874774932861328125e-01,8.703828125000000000e+02,8.375256347656250000e+02,8.702812790870666504e-01,9.243399047851562500e+02,9.205364990234375000e+02,9.194931983947753906e-01,8.288773803710937500e+02,9.288375854492187500e+02,8.576421737670898438e-01,9.575442504882812500e+02,1.015998962402343750e+03,8.841617703437805176e-01,7.998236083984375000e+02,1.007697875976562500e+03,8.583242297172546387e-01,8.994366455078125000e+02,6.175468139648437500e+02,8.796327710151672363e-01,8.869849853515625000e+02,6.798049926757812500e+02,9.159858226776123047e-01,8.745333862304687500e+02,8.333750610351562500e+02,9.309104681015014648e-01,1.003200195312500000e+03,1.015998962402343750e+03,4.875011742115020752e-01,8.413290405273437500e+02,1.032601196289062500e+03,7.040175795555114746e-01,9.948991088867187500e+02,1.020149536132812500e+03,5.424295067787170410e-01,8.371784667968750000e+02,1.032601196289062500e+03,6.605007052421569824e-01,9.575442504882812500e+02,1.040902221679687500e+03,5.496252179145812988e-01,7.873719482421875000e+02,1.028450561523437500e+03,7.500079274177551270e-01,8.053292111634914363e+02,6.251706498851895049e+02,1.735356960877237498e+02,4.208839959353686027e+02,0.000000000000000000e+00
7.101900000000000000e+04,2.570000000000000000e+02,1.088800000000000000e+04,1.830000000000000000e+02,9.747640380859375000e+02,6.638187866210937500e+02,9.394917488098144531e-01,9.747640380859375000e+02,6.552745361328125000e+02,9.069984555244445801e-01,9.704919433593750000e+02,6.552745361328125000e+02,9.466964602470397949e-01,9.448592529296875000e+02,6.595466918945312500e+02,5.796069502830505371e-01,9.448592529296875000e+02,6.595466918945312500e+02,9.024969935417175293e-01,9.277708740234375000e+02,7.065398559570312500e+02,8.757434487342834473e-01,9.320429687500000000e+02,7.150840454101562500e+02,9.696472883224487305e-01,9.277708740234375000e+02,7.791656494140625000e+02,8.394036293029785156e-01,9.277708740234375000e+02,7.919819946289062500e+02,9.188823699951171875e-01,9.534035034179687500e+02,8.176146240234375000e+02,7.233737707138061523e-01,9.576755981445312500e+02,8.432473144531250000e+02,8.506157398223876953e-01,9.277708740234375000e+02,8.475194091796875000e+02,8.455653190612792969e-01,9.234987182617187500e+02,8.475194091796875000e+02,9.173448085784912109e-01,9.704919433593750000e+02,9.329615478515625000e+02,8.562653660774230957e-01,8.807776489257812500e+02,9.329615478515625000e+02,8.159636855125427246e-01,1.000396667480468750e+03,1.022675781250000000e+03,8.014416694641113281e-01,8.166960449218750000e+02,9.970431518554687500e+02,8.363093137741088867e-01,9.534035034179687500e+02,6.253698120117187500e+02,9.052975773811340332e-01,9.405871582031250000e+02,6.851793212890625000e+02,9.239064455032348633e-01,9.277708740234375000e+02,8.432473144531250000e+02,9.558760523796081543e-01,1.051661987304687500e+03,1.026947875976562500e+03,7.498989701271057129e-01,8.380565795898437500e+02,1.026947875976562500e+03,8.393767476081848145e-01,1.043117797851562500e+03,1.026947875976562500e+03,7.227315902709960938e-01,8.295123901367187500e+02,1.026947875976562500e+03,8.260710239410400391e-01,1.000396667480468750e+03,1.039764282226562500e+03,7.130830883979797363e-01,7.996076049804687500e+02,1.014131591796875000e+03,9.087735414505004883e-01,8.253607409614480730e+02,6.149641957665360223e+02,1.975176653322478160e+02,4.360695508860046630e+02,0.000000000000000000e+00
7.102000000000000000e+04,2.570000000000000000e+02,1.088800000000000000e+04,1.840000000000000000e+02,9.911461791992187500e+02,6.655704345703125000e+02,9.148551821708679199e-01,9.911461791992187500e+02,6.528558349609375000e+02,8.965834975242614746e-01,9.826697998046875000e+02,6.528558349609375000e+02,9.293326735496520996e-01,9.572406005859375000e+02,6.613322143554687500e+02,6.023662686347961426e-01,9.614788208007812500e+02,6.613322143554687500e+02,9.047126173973083496e-01,9.402878417968750000e+02,7.079523925781250000e+02,8.844857811927795410e-01,9.530023803710937500e+02,7.164287719726562500e+02,9.561418890953063965e-01,9.445260009765625000e+02,7.842399291992187500e+02,8.313426971435546875e-01,9.487642211914062500e+02,7.969545288085937500e+02,9.386108517646789551e-01,9.657169799804687500e+02,8.435747070312500000e+02,7.673402428627014160e-01,9.784315795898437500e+02,8.605274658203125000e+02,8.216477632522583008e-01,9.530023803710937500e+02,8.520510864257812500e+02,8.580393791198730469e-01,9.445260009765625000e+02,8.520510864257812500e+02,8.695470094680786133e-01,9.911461791992187500e+02,9.368150634765625000e+02,8.510170578956604004e-01,9.106204223632812500e+02,9.368150634765625000e+02,7.880928516387939453e-01,1.012337158203125000e+03,1.025817138671875000e+03,9.364494681358337402e-01,8.300946655273437500e+02,1.000388000488281250e+03,5.850858688354492188e-01,9.657169799804687500e+02,6.274266357421875000e+02,9.017623066902160645e-01,9.572406005859375000e+02,6.867614135742187500e+02,9.464321136474609375e-01,9.487642211914062500e+02,8.478129272460937500e+02,9.237555265426635742e-01,1.054719116210937500e+03,1.030055419921875000e+03,4.287247359752655029e-01,8.385711059570312500e+02,1.030055419921875000e+03,6.023548841476440430e-01,1.046242797851562500e+03,1.025817138671875000e+03,4.709869623184204102e-01,8.343328857421875000e+02,1.030055419921875000e+03,5.819483399391174316e-01,1.008098999023437500e+03,1.042770019531250000e+03,6.761727929115295410e-01,8.131419067382812500e+02,1.000388000488281250e+03,7.105781435966491699e-01,8.330516874848138968e+02,6.180219912512829978e+02,2.005849509179907955e+02,4.355834851562854055e+02,0.000000000000000000e+00
7.102100000000000000e+04,2.570000000000000000e+02,1.088800000000000000e+04,1.850000000000000000e+02,1.007172363281250000e+03,6.659786987304687500e+02,9.006480574607849121e-01,1.007172363281250000e+03,6.541951293945312500e+02,8.878098130226135254e-01,9.993166503906250000e+02,6.541951293945312500e+02,9.124742150306701660e-01,9.718216552734375000e+02,6.620508422851562500e+02,5.213561654090881348e-01,9.757495117187500000e+02,6.581229858398437500e+02,8.532064557075500488e-01,9.561102905273437500e+02,7.052572021484375000e+02,8.536391258239746094e-01,9.678937988281250000e+02,7.131129150390625000e+02,9.147315621376037598e-01,9.561102905273437500e+02,7.798863525390625000e+02,7.606935501098632812e-01,9.678937988281250000e+02,7.916699218750000000e+02,9.413086771965026855e-01,9.796773681640625000e+02,8.270205688476562500e+02,8.376073837280273438e-01,9.993166503906250000e+02,8.427319946289062500e+02,8.948337435722351074e-01,9.561102905273437500e+02,8.505877075195312500e+02,8.310490250587463379e-01,9.757495117187500000e+02,8.505877075195312500e+02,8.466115593910217285e-01,9.443267211914062500e+02,9.370004272460937500e+02,9.880900979042053223e-01,1.007172363281250000e+03,9.330725708007812500e+02,8.971825242042541504e-01,8.618418579101562500e+02,9.880625000000000000e+02,9.234785437583923340e-01,1.022883728027343750e+03,1.031268798828125000e+03,9.079658985137939453e-01,9.836052246093750000e+02,6.306279907226562500e+02,8.902354240417480469e-01,9.718216552734375000e+02,6.856179199218750000e+02,9.215707182884216309e-01,9.639660034179687500e+02,8.466598510742187500e+02,9.075946211814880371e-01,8.500582885742187500e+02,1.031268798828125000e+03,8.682350516319274902e-01,1.058234375000000000e+03,1.039124511718750000e+03,8.786376118659973145e-01,8.422025756835937500e+02,1.027340942382812500e+03,9.002960324287414551e-01,1.058234375000000000e+03,1.043052368164062500e+03,8.067841529846191406e-01,8.382747192382812500e+02,9.880625000000000000e+02,9.442335963249206543e-01,1.011100219726562500e+03,1.046980224609375000e+03,8.803802132606506348e-01,8.486948012637285501e+02,6.294237498749257611e+02,1.917154433458806579e+02,4.144325021859021945e+02,0.000000000000000000e+00
7.102200000000000000e+04,2.570000000000000000e+02,1.088800000000000000e+04,1.860000000000000000e+02,1.028258178710937500e+03,6.613741455078125000e+02,9.397703409194946289e-01,1.023997985839843750e+03,6.528537597656250000e+02,8.990786075592041016e-01,1.019737792968750000e+03,6.528537597656250000e+02,9.219465255737304688e-01,9.984367675781250000e+02,6.528537597656250000e+02,5.909506678581237793e-01,9.984367675781250000e+02,6.528537597656250000e+02,9.216121435165405273e-01,9.728755493164062500e+02,7.039761962890625000e+02,8.493545651435852051e-01,9.941765747070312500e+02,7.124966430664062500e+02,9.204349517822265625e-01,9.728755493164062500e+02,7.721394653320312500e+02,6.865189671516418457e-01,9.856561279296875000e+02,7.891802978515625000e+02,9.064987301826477051e-01,1.011217407226562500e+03,7.977007446289062500e+02,7.706487774848937988e-01,1.015477600097656250e+03,8.445629882812500000e+02,8.783094286918640137e-01,9.728755493164062500e+02,8.403027954101562500e+02,7.680503129959106445e-01,9.856561279296875000e+02,8.445629882812500000e+02,8.297049999237060547e-01,1.002696960449218750e+03,9.255068969726562500e+02,6.356849074363708496e-01,1.011217407226562500e+03,9.297670898437500000e+02,6.404893398284912109e-01,8.919316406250000000e+02,9.851497802734375000e+02,7.895388007164001465e-01,1.019737792968750000e+03,1.019231445312500000e+03,3.481818437576293945e-01,1.002696960449218750e+03,6.230322875976562500e+02,8.657553195953369141e-01,9.899163818359375000e+02,6.826751708984375000e+02,9.459834098815917969e-01,9.771357421875000000e+02,8.360426025390625000e+02,8.705273270606994629e-01,1.049559204101562500e+03,1.019231445312500000e+03,5.892898440361022949e-01,8.748908081054687500e+02,1.032012084960937500e+03,4.769133031368255615e-01,1.049559204101562500e+03,1.019231445312500000e+03,5.444945096969604492e-01,8.748908081054687500e+02,1.032012084960937500e+03,5.008291006088256836e-01,1.011217407226562500e+03,1.032012084960937500e+03,6.497526168823242188e-01,8.706306152343750000e+02,9.851497802734375000e+02,3.005395829677581787e-01,8.669752792206222693e+02,6.204781515181291525e+02,1.944235519172004842e+02,4.289849867062462181e+02,0.000000000000000000e+00
7.102300000000000000e+04,2.570000000000000000e+02,1.091700000000000000e+04,1.870000000000000000e+02,1.044626831054687500e+03,6.588856811523437500e+02,9.050762057304382324e-01,1.040368530273437500e+03,6.503690185546875000e+02,8.980040550231933594e-01,1.036110229492187500e+03,6.503690185546875000e+02,9.079536199569702148e-01,9.977853393554687500e+02,6.546273193359375000e+02,6.227685809135437012e-01,1.014818603515625000e+03,6.546273193359375000e+02,9.023558497428894043e-01,9.892686767578125000e+02,7.014688110351562500e+02,9.059132337570190430e-01,1.006301940917968750e+03,7.099854736328125000e+02,9.087420105934143066e-01,9.892686767578125000e+02,7.738601684570312500e+02,7.927618026733398438e-01,1.002043640136718750e+03,7.866351318359375000e+02,8.844155073165893555e-01,1.006301940917968750e+03,8.207016601562500000e+02,6.178214550018310547e-01,1.031851806640625000e+03,8.419932250976562500e+02,8.387489914894104004e-01,9.935270385742187500e+02,8.419932250976562500e+02,8.541042208671569824e-01,9.977853393554687500e+02,8.462515869140625000e+02,9.147676229476928711e-01,1.019076904296875000e+03,9.314179077148437500e+02,8.815391659736633301e-01,1.002043640136718750e+03,9.399345092773437500e+02,9.061976075172424316e-01,1.023335205078125000e+03,1.025100830078125000e+03,8.546508550643920898e-01,9.211356201171875000e+02,9.825177001953125000e+02,7.976660728454589844e-01,1.014818603515625000e+03,6.248191528320312500e+02,8.705551624298095703e-01,1.010560302734375000e+03,6.801772460937500000e+02,9.542665481567382812e-01,9.935270385742187500e+02,8.419932250976562500e+02,9.155854582786560059e-01,1.048885131835937500e+03,1.033617431640625000e+03,8.291830420494079590e-01,9.211356201171875000e+02,1.029359130859375000e+03,8.607288002967834473e-01,1.040368530273437500e+03,1.033617431640625000e+03,8.074010014533996582e-01,9.126190185546875000e+02,1.025100830078125000e+03,9.101224541664123535e-01,1.010560302734375000e+03,1.037875732421875000e+03,8.738347887992858887e-01,9.041023559570312500e+02,9.782593383789062500e+02,9.493001699447631836e-01,8.852155155427735735e+02,6.295590446562821398e+02,1.931010182606946728e+02,4.340921782243469806e+02,0.000000000000000000e+00
7.102400000000000000e+04,2.570000000000000000e+02,1.091100000000000000e+04,1.880000000000000000e+02,1.058109130859375000e+03,6.538715209960937500e+02,8.662344813346862793e-01,1.058109130859375000e+03,6.417142333984375000e+02,8.123406171798706055e-01,1.054056640625000000e+03,6.457666625976562500e+02,9.048131108283996582e-01,1.009479797363281250e+03,6.498190917968750000e+02,6.410599350929260254e-01,1.033794433593750000e+03,6.498190917968750000e+02,9.125466942787170410e-01,1.005427368164062500e+03,6.943959960937500000e+02,8.648508191108703613e-01,1.025689575195312500e+03,7.025008544921875000e+02,8.855662345886230469e-01,1.013532226562500000e+03,7.754448852539062500e+02,7.634361982345581055e-01,1.017584655761718750e+03,7.835497436523437500e+02,8.984175920486450195e-01,1.033794433593750000e+03,8.281266479492187500e+02,7.231866717338562012e-01,1.050004272460937500e+03,8.483888549804687500e+02,8.485822081565856934e-01,1.005427368164062500e+03,8.362315673828125000e+02,8.140610456466674805e-01,1.013532226562500000e+03,8.362315673828125000e+02,8.809733986854553223e-01,1.033794433593750000e+03,9.253853149414062500e+02,9.023253321647644043e-01,1.029742065429687500e+03,9.294377441406250000e+02,9.192896485328674316e-01,1.021637145996093750e+03,1.026696411132812500e+03,6.043645739555358887e-01,9.608504638671875000e+02,9.902244262695312500e+02,7.796244621276855469e-01,1.033794433593750000e+03,6.173995361328125000e+02,8.959820270538330078e-01,1.025689575195312500e+03,6.741337890625000000e+02,8.915615081787109375e-01,1.009479797363281250e+03,8.321790771484375000e+02,8.854200243949890137e-01,1.054056640625000000e+03,1.042906250000000000e+03,8.612853884696960449e-01,9.689553222656250000e+02,1.034801269531250000e+03,7.851154208183288574e-01,1.050004272460937500e+03,1.038853759765625000e+03,8.504409193992614746e-01,9.689553222656250000e+02,1.030748901367187500e+03,7.952621579170227051e-01,1.013532226562500000e+03,1.042906250000000000e+03,6.973953843116760254e-01,9.446406860351562500e+02,9.902244262695312500e+02,8.782549500465393066e-01,9.097205930202624131e+02,6.278972096792222146e+02,1.832707309204859030e+02,4.221859304737918137e+02,0.000000000000000000e+00
7.102500000000000000e+04,2.570000000000000000e+02,1.088800000000000000e+04,1.890000000000000000e+02,1.073849243164062500e+03,6.534813232421875000e+02,9.070648550987243652e-01,1.069599975585937500e+03,6.407335815429687500e+02,8.740633726119995117e-01,1.065350708007812500e+03,6.449827880859375000e+02,9.393145442008972168e-01,1.027107543945312500e+03,6.449827880859375000e+02,6.863021254539489746e-01,1.044104492187500000e+03,6.492320556640625000e+02,8.581647872924804688e-01,1.022858276367187500e+03,6.917245483398437500e+02,8.817510008811950684e-01,1.039855224609375000e+03,7.002230224609375000e+02,9.395057559013366699e-01,1.022858276367187500e+03,7.682109985351562500e+02,6.751976609230041504e-01,1.031356811523437500e+03,7.809587402343750000e+02,9.606164693832397461e-01,1.052603027343750000e+03,8.192019653320312500e+02,7.954276204109191895e-01,1.065350708007812500e+03,8.404481811523437500e+02,8.585603833198547363e-01,1.031356811523437500e+03,8.319497070312500000e+02,8.352177143096923828e-01,1.031356811523437500e+03,8.319497070312500000e+02,8.628376722335815430e-01,1.073849243164062500e+03,9.211838989257812500e+02,9.168791174888610840e-01,1.031356811523437500e+03,9.254331054687500000e+02,7.982267141342163086e-01,1.010110534667968750e+03,9.849226074218750000e+02,9.131935238838195801e-01,1.018609008789062500e+03,1.023165832519531250e+03,7.851093411445617676e-01,1.048353759765625000e+03,6.152380981445312500e+02,9.100062847137451172e-01,1.039855224609375000e+03,6.747275390625000000e+02,9.312292337417602539e-01,1.031356811523437500e+03,8.277004394531250000e+02,8.564655184745788574e-01,1.022858276367187500e+03,1.010418090820312500e+03,7.557200193405151367e-01,1.052603027343750000e+03,1.031664306640625000e+03,7.375253438949584961e-01,1.018609008789062500e+03,1.010418090820312500e+03,7.607346773147583008e-01,1.044104492187500000e+03,1.040162841796875000e+03,7.505296468734741211e-01,9.888643188476562500e+02,9.976703491210937500e+02,8.973663449287414551e-01,1.010110534667968750e+03,1.040162841796875000e+03,5.990564227104187012e-01,9.314027063064705771e+02,6.176077482111679728e+02,1.821344961941232441e+02,4.309096546036264499e+02,0.000000000000000000e+00
7.102600000000000000e+04,2.570000000000000000e+02,1.091700000000000000e+04,1.900000000000000000e+02,1.088344726562500000e+03,6.505842285156250000e+02,8.898799419403076172e-01,1.088344726562500000e+03,6.433715820312500000e+02,6.816144585609436035e-01,1.084738403320312500e+03,6.433715820312500000e+02,9.060072898864746094e-01,1.041462768554687500e+03,6.469779052734375000e+02,6.418780684471130371e-01,1.066706909179687500e+03,6.469779052734375000e+02,8.790000677108764648e-01,1.034250244140625000e+03,6.902534790039062500e+02,8.705425262451171875e-01,1.063100585937500000e+03,7.010723876953125000e+02,9.471810460090637207e-01,1.030643920898437500e+03,7.659857788085937500e+02,7.021924257278442383e-01,1.052281738281250000e+03,7.768046875000000000e+02,8.390776515007019043e-01,1.055888061523437500e+03,8.164739379882812500e+02,5.056108832359313965e-01,1.077525756835937500e+03,8.345054321289062500e+02,8.868753910064697266e-01,1.030643920898437500e+03,8.308991699218750000e+02,7.834636569023132324e-01,1.052281738281250000e+03,8.345054321289062500e+02,8.324800133705139160e-01,1.037856567382812500e+03,9.210566406250000000e+02,8.597021102905273438e-01,1.095557250976562500e+03,9.138440551757812500e+02,9.457178711891174316e-01,1.027037597656250000e+03,9.931826171875000000e+02,7.879785895347595215e-01,1.052281738281250000e+03,9.895762939453125000e+02,7.874525189399719238e-01,1.063100585937500000e+03,6.145212402343750000e+02,9.123345017433166504e-01,1.055888061523437500e+03,6.722219848632812500e+02,9.013468623161315918e-01,1.037856567382812500e+03,8.272928466796875000e+02,8.839152455329895020e-01,1.055888061523437500e+03,1.004001525878906250e+03,6.032284498214721680e-01,1.077525756835937500e+03,1.004001525878906250e+03,7.241631150245666504e-01,1.048675415039062500e+03,1.000395202636718750e+03,5.423273444175720215e-01,1.073919555664062500e+03,1.007607788085937500e+03,6.779236197471618652e-01,1.019825012207031250e+03,1.004001525878906250e+03,7.523264884948730469e-01,1.045069091796875000e+03,9.931826171875000000e+02,7.149193286895751953e-01,9.581061323333649398e+02,6.231045326509391771e+02,1.627464060653510387e+02,3.909198411140024518e+02,0.000000000000000000e+00
7.102700000000000000e+04,2.570000000000000000e+02,1.091700000000000000e+04,1.910000000000000000e+02,1.105232421875000000e+03,6.523571777343750000e+02,8.209154009819030762e-01,1.105232421875000000e+03,6.428379516601562500e+02,5.614933967590332031e-01,1.098886230468750000e+03,6.428379516601562500e+02,7.919090390205383301e-01,1.051290161132812500e+03,6.491840820312500000e+02,5.534326434135437012e-01,1.083020874023437500e+03,6.491840820312500000e+02,7.612460851669311523e-01,1.044943969726562500e+03,6.936071166992187500e+02,8.046717047691345215e-01,1.083020874023437500e+03,7.031263427734375000e+02,8.949583172798156738e-01,1.044943969726562500e+03,7.665878295898437500e+02,7.313032150268554688e-01,1.073501708984375000e+03,7.792800903320312500e+02,8.000960946083068848e-01,1.063982421875000000e+03,8.173569946289062500e+02,5.379089713096618652e-01,1.089367065429687500e+03,8.332223510742187500e+02,8.334598541259765625e-01,1.038597900390625000e+03,8.332223510742187500e+02,6.961229443550109863e-01,1.070328613281250000e+03,8.363953857421875000e+02,8.080353140830993652e-01,1.038597900390625000e+03,9.220683593750000000e+02,5.489723682403564453e-01,1.114751586914062500e+03,9.093760986328125000e+02,7.579173445701599121e-01,1.022732482910156250e+03,9.093760986328125000e+02,2.393261194229125977e-01,1.130616943359375000e+03,9.411068115234375000e+02,3.616151809692382812e-01,1.076674682617187500e+03,6.174533691406250000e+02,8.997291326522827148e-01,1.070328613281250000e+03,6.713956298828125000e+02,9.032190442085266113e-01,1.054463256835937500e+03,8.268761596679687500e+02,8.191487789154052734e-01,1.003694030761718750e+03,9.157222290039062500e+02,2.423083037137985229e-01,1.079847778320312500e+03,8.935107421875000000e+02,8.627825230360031128e-02,1.010040222167968750e+03,9.093760986328125000e+02,2.971527576446533203e-01,1.083020874023437500e+03,8.935107421875000000e+02,7.143153995275497437e-02,1.000520996093750000e+03,9.062030029296875000e+02,2.179452925920486450e-01,1.073501708984375000e+03,8.839915161132812500e+02,1.073861494660377502e-01,9.796038545098346049e+02,6.133123906524639324e+02,1.442740490354898384e+02,3.446665197029700494e+02,0.000000000000000000e+00
7.102800000000000000e+04,2.570000000000000000e+02,1.088800000000000000e+04,1.920000000000000000e+02,1.116964965820312500e+03,6.574510498046875000e+02,8.435667753219604492e-01,1.116964965820312500e+03,6.495808105468750000e+02,5.901861786842346191e-01,1.113029785156250000e+03,6.535159301757812500e+02,8.420035839080810547e-01,1.065808227539062500e+03,6.613862304687500000e+02,7.171427011489868164e-01,1.097289306640625000e+03,6.574510498046875000e+02,8.337759375572204590e-01,1.057937866210937500e+03,7.007376098632812500e+02,8.865950107574462891e-01,1.097289306640625000e+03,7.046727294921875000e+02,8.744298815727233887e-01,1.057937866210937500e+03,7.715700683593750000e+02,8.777818083763122559e-01,1.101224487304687500e+03,7.794403686523437500e+02,7.335458993911743164e-01,1.085483886718750000e+03,8.384674072265625000e+02,8.088967204093933105e-01,1.105159545898437500e+03,8.542079467773437500e+02,8.208131194114685059e-01,1.069743286132812500e+03,8.463376464843750000e+02,8.397826552391052246e-01,1.089419067382812500e+03,8.463376464843750000e+02,8.338240981101989746e-01,1.050067626953125000e+03,9.368458251953125000e+02,8.294962644577026367e-01,1.136640625000000000e+03,9.171701660156250000e+02,8.990390300750732422e-01,1.026456787109375000e+03,1.015548583984375000e+03,5.179039239883422852e-01,1.132705566406250000e+03,1.003743164062500000e+03,6.289887428283691406e-01,1.085483886718750000e+03,6.299050903320312500e+02,8.220124840736389160e-01,1.081548706054687500e+03,6.771267700195312500e+02,8.701103925704956055e-01,1.077613647460937500e+03,8.424025268554687500e+02,8.815034627914428711e-01,1.168121826171875000e+03,1.015548583984375000e+03,8.200661540031433105e-01,1.046132568359375000e+03,1.039159423828125000e+03,6.643602252006530762e-01,1.164186645507812500e+03,1.015548583984375000e+03,8.364425897598266602e-01,1.038262207031250000e+03,1.043094604492187500e+03,6.893528699874877930e-01,1.132705566406250000e+03,1.031289184570312500e+03,7.824343442916870117e-01,1.014651428222656250e+03,1.039159423828125000e+03,7.856517434120178223e-01,1.001244955206301483e+03,6.586360984405497447e+02,1.564180353025485601e+02,4.029439601706397980e+02,0.000000000000000000e+00
7.102900000000000000e+04,2.570000000000000000e+02,1.091700000000000000e+04,1.940000000000000000e+02,1.158391723632812500e+03,6.631547241210937500e+02,9.276511669158935547e-01,1.158391723632812500e+03,6.540066528320312500e+02,8.115431070327758789e-01,1.153817626953125000e+03,6.540066528320312500e+02,8.626523613929748535e-01,1.108077392578125000e+03,6.677287597656250000e+02,7.502332329750061035e-01,1.135521606445312500e+03,6.631547241210937500e+02,8.411470055580139160e-01,1.094355346679687500e+03,7.134690551757812500e+02,9.342321753501892090e-01,1.130947509765625000e+03,7.134690551757812500e+02,9.536469578742980957e-01,1.089781250000000000e+03,7.820794677734375000e+02,9.008598327636718750e-01,1.121799438476562500e+03,7.912275390625000000e+02,9.113101363182067871e-01,1.112651367187500000e+03,8.232457275390625000e+02,7.719767689704895020e-01,1.135521606445312500e+03,8.461158447265625000e+02,8.684570193290710449e-01,1.098929321289062500e+03,8.461158447265625000e+02,9.172869920730590820e-01,1.126373535156250000e+03,8.461158447265625000e+02,9.066451787948608398e-01,1.066911132812500000e+03,9.375964355468750000e+02,8.544691205024719238e-01,1.167539794921875000e+03,9.284483642578125000e+02,1.011756181716918945e+00,1.030318847656250000e+03,1.019928894042968750e+03,9.419962763786315918e-01,1.199557983398437500e+03,1.010780883789062500e+03,9.093311429023742676e-01,1.130947509765625000e+03,6.311365356445312500e+02,9.187350869178771973e-01,1.121799438476562500e+03,6.905988769531250000e+02,9.200115203857421875e-01,1.112651367187500000e+03,8.415418090820312500e+02,9.767224788665771484e-01,1.044041015625000000e+03,1.038224975585937500e+03,6.602151989936828613e-01,1.227002075195312500e+03,1.001632812500000000e+03,7.014343738555908203e-01,1.039466918945312500e+03,1.033651000976562500e+03,5.219593048095703125e-01,1.231576171875000000e+03,1.006206848144531250e+03,6.867659091949462891e-01,1.021170837402343750e+03,1.029077026367187500e+03,6.480904221534729004e-01,1.204131958007812500e+03,1.033651000976562500e+03,8.808975815773010254e-01,1.022907181182269369e+03,6.073368422750924083e+02,1.915296531263829820e+02,4.440361388362451862e+02,0.000000000000000000e+00
7.103000000000000000e+04,2.570000000000000000e+02,1.088800000000000000e+04,1.950000000000000000e+02,1.175021240234375000e+03,6.704973754882812500e+02,9.798432588577270508e-01,1.175021240234375000e+03,6.584321899414062500e+02,8.169893622398376465e-01,1.170999511718750000e+03,6.584321899414062500e+02,9.460585117340087891e-01,1.130782348632812500e+03,6.624539184570312500e+02,7.063261866569519043e-01,1.154912597656250000e+03,6.624539184570312500e+02,8.828627467155456543e-01,1.114695434570312500e+03,7.107145996093750000e+02,9.121808409690856934e-01,1.150890991210937500e+03,7.147363281250000000e+02,9.508893489837646484e-01,1.110673706054687500e+03,7.790838623046875000e+02,8.590357303619384766e-01,1.142847534179687500e+03,7.911489868164062500e+02,9.040800333023071289e-01,1.138825805664062500e+03,8.233227539062500000e+02,7.736457586288452148e-01,1.158934326171875000e+03,8.434313964843750000e+02,8.181734681129455566e-01,1.118717163085937500e+03,8.474530639648437500e+02,8.683215975761413574e-01,1.142847534179687500e+03,8.434313964843750000e+02,8.636898994445800781e-01,1.078500000000000000e+03,9.359309692382812500e+02,8.031167984008789062e-01,1.183064697265625000e+03,9.278875122070312500e+02,9.089682102203369141e-01,1.034260986328125000e+03,1.020387084960937500e+03,8.236901164054870605e-01,1.207195068359375000e+03,1.012343627929687500e+03,7.505471706390380859e-01,1.146869262695312500e+03,6.343018798828125000e+02,9.316694140434265137e-01,1.142847534179687500e+03,6.906059570312500000e+02,9.430541992187500000e-01,1.130782348632812500e+03,8.394096679687500000e+02,8.870613574981689453e-01,1.054369628906250000e+03,1.044517456054687500e+03,8.086870312690734863e-01,1.247412231445312500e+03,1.024408813476562500e+03,7.760602831840515137e-01,1.046326171875000000e+03,1.040495727539062500e+03,6.799231767654418945e-01,1.247412231445312500e+03,1.028430541992187500e+03,7.937830686569213867e-01,1.018174133300781250e+03,1.036473999023437500e+03,8.159632682800292969e-01,1.207195068359375000e+03,1.036473999023437500e+03,5.870999097824096680e-01,1.035030388824979809e+03,6.156076249763214037e+02,1.836255158176495570e+02,4.286484906581263203e+02,0.000000000000000000e+00
7.103100000000000000e+04,2.570000000000000000e+02,1.091000000000000000e+04,1.960000000000000000e+02,1.214017333984375000e+03,6.592822875976562500e+02,3.823933899402618408e-01,1.209574707031250000e+03,6.548396606445312500e+02,3.892920613288879395e-01,1.209574707031250000e+03,6.548396606445312500e+02,5.313345193862915039e-01,1.160705688476562500e+03,6.681675415039062500e+02,3.429900407791137695e-01,1.200689453125000000e+03,6.637249145507812500e+02,6.167652606964111328e-01,1.160705688476562500e+03,7.125939331054687500e+02,7.103533744812011719e-01,1.205132080078125000e+03,7.125939331054687500e+02,5.837706923484802246e-01,1.138492553710937500e+03,7.881187744140625000e+02,6.640198230743408203e-01,1.209574707031250000e+03,7.792334594726562500e+02,3.386614322662353516e-01,1.142935180664062500e+03,8.281024780273437500e+02,5.418335199356079102e-01,1.227345214843750000e+03,8.192172241210937500e+02,2.854440808296203613e-01,1.160705688476562500e+03,8.503156738281250000e+02,6.309086084365844727e-01,1.169590942382812500e+03,8.503156738281250000e+02,5.804184675216674805e-01,1.200689453125000000e+03,9.258405151367187500e+02,8.116123080253601074e-01,1.120721923828125000e+03,9.524963378906250000e+02,5.666877031326293945e-01,1.222902587890625000e+03,1.010250610351562500e+03,7.538611292839050293e-01,1.089623535156250000e+03,1.041349121093750000e+03,4.810468554496765137e-01,1.174033569335937500e+03,6.370690917968750000e+02,5.724906325340270996e-01,1.187361572265625000e+03,6.859381103515625000e+02,6.596430540084838867e-01,1.165148315429687500e+03,8.458730468750000000e+02,6.976296901702880859e-01,1.249558471679687500e+03,1.010250610351562500e+03,5.516382455825805664e-01,1.245115844726562500e+03,1.005807983398437500e+03,4.965430200099945068e-01,1.245115844726562500e+03,1.010250610351562500e+03,5.945590734481811523e-01,1.249558471679687500e+03,1.014693237304687500e+03,5.159760713577270508e-01,1.222902587890625000e+03,1.032463745117187500e+03,5.192120075225830078e-01,1.227345214843750000e+03,1.036906372070312500e+03,5.050041079521179199e-01,1.052481402930903187e+03,6.300911489155869276e+02,1.901499081838849179e+02,4.482235503418862663e+02,0.000000000000000000e+00
7.103200000000000000e+04,2.570000000000000000e+02,1.091000000000000000e+04,1.970000000000000000e+02,1.210511962890625000e+03,6.685097045898437500e+02,8.438862562179565430e-01,1.210511962890625000e+03,6.604152221679687500e+02,6.520457863807678223e-01,1.206464721679687500e+03,6.604152221679687500e+02,7.940468788146972656e-01,1.161944824218750000e+03,6.685097045898437500e+02,6.415709257125854492e-01,1.186228393554687500e+03,6.685097045898437500e+02,8.044932484626770020e-01,1.149803100585937500e+03,7.089822998046875000e+02,9.043411612510681152e-01,1.182181152343750000e+03,7.170768432617187500e+02,9.803116321563720703e-01,1.145755737304687500e+03,7.858802490234375000e+02,8.218741416931152344e-01,1.178133911132812500e+03,7.980220336914062500e+02,9.126977324485778809e-01,1.174086547851562500e+03,8.425418701171875000e+02,8.649685978889465332e-01,1.198370117187500000e+03,8.668254394531250000e+02,9.395415186882019043e-01,1.157897583007812500e+03,8.546836547851562500e+02,8.590239882469177246e-01,1.182181152343750000e+03,8.546836547851562500e+02,8.946771025657653809e-01,1.137661254882812500e+03,9.477706298828125000e+02,8.723388910293579102e-01,1.222653686523437500e+03,9.315815429687500000e+02,9.403874278068542480e-01,1.064810668945312500e+03,1.012526733398437500e+03,8.298494219779968262e-01,1.234795532226562500e+03,1.024668579101562500e+03,7.601006031036376953e-01,1.178133911132812500e+03,6.401788940429687500e+02,9.139284491539001465e-01,1.174086547851562500e+03,6.927932739257812500e+02,9.406347274780273438e-01,1.170039306640625000e+03,8.506364135742187500e+02,9.243051409721374512e-01,1.064810668945312500e+03,1.048952026367187500e+03,7.911249399185180664e-01,1.267173583984375000e+03,1.036810302734375000e+03,8.653298616409301758e-01,1.052668823242187500e+03,1.044904785156250000e+03,6.897264122962951660e-01,1.271220825195312500e+03,1.040857543945312500e+03,8.027727603912353516e-01,1.048621582031250000e+03,1.016574035644531250e+03,8.031933307647705078e-01,1.226700927734375000e+03,1.040857543945312500e+03,8.783367276191711426e-01,1.058663781620234886e+03,6.422321952311147015e+02,1.883316708778834254e+02,4.273791582375454254e+02,0.000000000000000000e+00
7.103300000000000000e+04,2.570000000000000000e+02,1.091000000000000000e+04,1.980000000000000000e+02,1.224997802734375000e+03,6.642326049804687500e+02,9.114664196968078613e-01,1.221061401367187500e+03,6.563597412109375000e+02,7.973130941390991211e-01,1.221061401367187500e+03,6.563597412109375000e+02,9.013747572898864746e-01,1.181697143554687500e+03,6.642326049804687500e+02,6.421881914138793945e-01,1.201379272460937500e+03,6.642326049804687500e+02,8.670906424522399902e-01,1.173824340820312500e+03,7.114696655273437500e+02,9.063286185264587402e-01,1.201379272460937500e+03,7.154060668945312500e+02,9.375441074371337891e-01,1.165951416015625000e+03,7.823252563476562500e+02,8.904541730880737305e-01,1.197442871093750000e+03,7.941345214843750000e+02,9.575986862182617188e-01,1.189569946289062500e+03,8.374351806640625000e+02,8.356061577796936035e-01,1.217124877929687500e+03,8.610537109375000000e+02,8.717850446701049805e-01,1.173824340820312500e+03,8.453079833984375000e+02,9.298954010009765625e-01,1.201379272460937500e+03,8.492443847656250000e+02,9.139344692230224609e-01,1.165951416015625000e+03,9.476549682617187500e+02,9.056087732315063477e-01,1.236807006835937500e+03,9.240364379882812500e+02,9.436058402061462402e-01,1.087223022460937500e+03,1.006701293945312500e+03,8.567301630973815918e-01,1.232870605468750000e+03,1.018510559082031250e+03,8.746224641799926758e-01,1.197442871093750000e+03,6.366776123046875000e+02,8.931986689567565918e-01,1.193506347656250000e+03,6.878511352539062500e+02,9.479306936264038086e-01,1.185633544921875000e+03,8.413715820312500000e+02,8.642535209655761719e-01,1.071477294921875000e+03,1.042129028320312500e+03,7.007376551628112793e-01,1.264361938476562500e+03,1.030319824218750000e+03,7.817900180816650391e-01,1.059668090820312500e+03,1.034256225585937500e+03,5.839227437973022461e-01,1.264361938476562500e+03,1.034256225585937500e+03,7.683216929435729980e-01,1.071477294921875000e+03,1.006701293945312500e+03,7.156764268875122070e-01,1.228934204101562500e+03,1.034256225585937500e+03,7.944017052650451660e-01,1.061598226742403085e+03,6.496298232097739174e+02,1.857796423473853338e+02,4.117914608584859479e+02,0.000000000000000000e+00
7.103400000000000000e+04,2.570000000000000000e+02,1.091000000000000000e+04,1.990000000000000000e+02,1.241330810546875000e+03,6.627114868164062500e+02,9.150522947311401367e-01,1.241330810546875000e+03,6.583408203125000000e+02,8.235912322998046875e-01,1.236960205078125000e+03,6.583408203125000000e+02,9.056020975112915039e-01,1.197624145507812500e+03,6.627114868164062500e+02,7.108930349349975586e-01,1.219477416992187500e+03,6.627114868164062500e+02,8.674715161323547363e-01,1.188882812500000000e+03,7.064181518554687500e+02,8.881444931030273438e-01,1.215106811523437500e+03,7.151594848632812500e+02,1.003367066383361816e+00,1.184512084960937500e+03,7.807195434570312500e+02,8.357359170913696289e-01,1.215106811523437500e+03,7.938315429687500000e+02,8.836666941642761230e-01,1.206365478515625000e+03,8.331675415039062500e+02,8.957191705703735352e-01,1.236960205078125000e+03,8.681329345703125000e+02,8.650118708610534668e-01,1.193253417968750000e+03,8.462795410156250000e+02,8.324009180068969727e-01,1.215106811523437500e+03,8.462795410156250000e+02,8.411345481872558594e-01,1.201994750976562500e+03,9.424342651367187500e+02,8.559681773185729980e-01,1.241330810546875000e+03,9.249515991210937500e+02,8.854528069496154785e-01,1.114581420898437500e+03,9.992529907226562500e+02,8.610384464263916016e-01,1.236960205078125000e+03,1.016735656738281250e+03,8.835864663124084473e-01,1.215106811523437500e+03,6.321167602539062500e+02,9.131560921669006348e-01,1.210736083984375000e+03,6.889354858398437500e+02,9.251220226287841797e-01,1.201994750976562500e+03,8.419088745117187500e+02,8.849000930786132812e-01,1.105840087890625000e+03,1.038588989257812500e+03,8.167951107025146484e-01,1.263184204101562500e+03,1.025477050781250000e+03,6.584117412567138672e-01,1.097098754882812500e+03,1.034218383789062500e+03,7.096088528633117676e-01,1.267554809570312500e+03,1.034218383789062500e+03,6.927043795585632324e-01,1.101469360351562500e+03,9.948823242187500000e+02,8.521552681922912598e-01,1.232589477539062500e+03,1.029847656250000000e+03,6.985476613044738770e-01,1.081811342468091198e+03,6.359917026926764265e+02,1.910591426799599049e+02,4.356604640878883856e+02,0.000000000000000000e+00
7.103500000000000000e+04,2.570000000000000000e+02,1.091000000000000000e+04,2.000000000000000000e+02,1.262100341796875000e+03,6.548429565429687500e+02,9.181649684906005859e-01,1.258044799804687500e+03,6.467319335937500000e+02,8.368015289306640625e-01,1.253989257812500000e+03,6.507874755859375000e+02,9.005429744720458984e-01,1.209378906250000000e+03,6.588984375000000000e+02,7.336015105247497559e-01,1.233711791992187500e+03,6.548429565429687500e+02,8.503639698028564453e-01,1.205323364257812500e+03,7.035089111328125000e+02,8.758202791213989258e-01,1.233711791992187500e+03,7.075643920898437500e+02,1.002317070960998535e+00,1.205323364257812500e+03,7.805633544921875000e+02,7.734575271606445312e-01,1.233711791992187500e+03,7.886743164062500000e+02,9.345059394836425781e-01,1.237767333984375000e+03,8.413957519531250000e+02,7.617318630218505859e-01,1.253989257812500000e+03,8.535622558593750000e+02,8.959638476371765137e-01,1.217489868164062500e+03,8.413957519531250000e+02,8.109599351882934570e-01,1.225600830078125000e+03,8.454512939453125000e+02,8.901160359382629395e-01,1.249933837890625000e+03,9.265612182617187500e+02,8.917222023010253906e-01,1.233711791992187500e+03,9.427832031250000000e+02,8.578044176101684570e-01,1.237767333984375000e+03,1.019837585449218750e+03,8.917337656021118164e-01,1.144490966796875000e+03,9.995601196289062500e+02,8.357287645339965820e-01,1.229656372070312500e+03,6.264544677734375000e+02,9.229125380516052246e-01,1.225600830078125000e+03,6.791759033203125000e+02,8.973996639251708984e-01,1.221545288085937500e+03,8.413957519531250000e+02,8.386514186859130859e-01,1.270211303710937500e+03,1.036059570312500000e+03,8.898502588272094727e-01,1.140435424804687500e+03,1.044170532226562500e+03,8.727795481681823730e-01,1.266155761718750000e+03,1.036059570312500000e+03,8.967313170433044434e-01,1.136379882812500000e+03,1.040115112304687500e+03,8.034766316413879395e-01,1.229656372070312500e+03,1.032004150390625000e+03,8.435943722724914551e-01,1.128268920898437500e+03,9.955046386718750000e+02,8.706084489822387695e-01,1.104980375595821442e+03,6.459233224461427199e+02,1.828753896481080119e+02,4.233762628939380193e+02,0.000000000000000000e+00
7.103600000000000000e+04,2.570000000000000000e+02,1.091000000000000000e+04,2.010000000000000000e+02,1.281355712890625000e+03,6.523628540039062500e+02,9.103558063507080078e-01,1.277373901367187500e+03,6.443990478515625000e+02,8.040525913238525391e-01,1.273391967773437500e+03,6.443990478515625000e+02,9.252706170082092285e-01,1.229591430664062500e+03,6.563447265625000000e+02,5.954204201698303223e-01,1.253482666015625000e+03,6.523628540039062500e+02,8.951868414878845215e-01,1.225609497070312500e+03,6.961634521484375000e+02,8.878521323204040527e-01,1.245518920898437500e+03,7.041271972656250000e+02,9.317106604576110840e-01,1.229591430664062500e+03,7.638553466796875000e+02,7.474933862686157227e-01,1.245518920898437500e+03,7.837647094726562500e+02,8.932322263717651367e-01,1.277373901367187500e+03,7.718190917968750000e+02,5.543434023857116699e-01,1.269410156250000000e+03,8.474747314453125000e+02,8.733921051025390625e-01,1.237555175781250000e+03,8.315471801757812500e+02,7.850525975227355957e-01,1.245518920898437500e+03,8.315471801757812500e+02,8.789372444152832031e-01,1.261446411132812500e+03,9.271121826171875000e+02,8.656923174858093262e-01,1.257464477539062500e+03,9.310940551757812500e+02,9.027214646339416504e-01,1.241536987304687500e+03,1.014713439941406250e+03,8.642691373825073242e-01,1.177827026367187500e+03,9.987859497070312500e+02,8.367785215377807617e-01,1.249500732421875000e+03,6.244896850585937500e+02,8.250458836555480957e-01,1.245518920898437500e+03,6.762540893554687500e+02,9.202117919921875000e-01,1.241536987304687500e+03,8.275653076171875000e+02,8.571529388427734375e-01,1.265428222656250000e+03,1.034622802734375000e+03,7.339975237846374512e-01,1.185790771484375000e+03,1.042586547851562500e+03,9.010972380638122559e-01,1.261446411132812500e+03,1.034622802734375000e+03,7.916813492774963379e-01,1.181808837890625000e+03,1.042586547851562500e+03,8.597294688224792480e-01,1.229591430664062500e+03,1.026659057617187500e+03,8.378630876541137695e-01,1.161899536132812500e+03,9.987859497070312500e+02,9.175893068313598633e-01,1.140789168394723674e+03,6.377709802034755739e+02,1.728944040036867591e+02,4.133507442684694979e+02,0.000000000000000000e+00
7.103700000000000000e+04,2.570000000000000000e+02,1.091000000000000000e+04,2.020000000000000000e+02,1.293704223632812500e+03,6.459773559570312500e+02,9.253998398780822754e-01,1.289719604492187500e+03,6.380081787109375000e+02,7.953096628189086914e-01,1.285734985351562500e+03,6.419927978515625000e+02,9.493237733840942383e-01,1.241904785156250000e+03,6.499619140625000000e+02,6.595210433006286621e-01,1.269796752929687500e+03,6.459773559570312500e+02,8.963562250137329102e-01,1.241904785156250000e+03,6.898076171875000000e+02,8.512185811996459961e-01,1.261827636718750000e+03,6.977767333984375000e+02,8.980218768119812012e-01,1.241904785156250000e+03,7.615298461914062500e+02,6.936581730842590332e-01,1.257843017578125000e+03,7.814526367187500000e+02,8.991149067878723145e-01,1.285734985351562500e+03,7.774680786132812500e+02,7.070334553718566895e-01,1.281750488281250000e+03,8.412211914062500000e+02,8.688300251960754395e-01,1.245889404296875000e+03,8.212983398437500000e+02,7.715070843696594238e-01,1.257843017578125000e+03,8.252828979492187500e+02,8.091492652893066406e-01,1.265812255859375000e+03,9.169279785156250000e+02,8.111881613731384277e-01,1.285734985351562500e+03,9.248970947265625000e+02,8.983905911445617676e-01,1.241904785156250000e+03,1.000603942871093750e+03,7.312641143798828125e-01,1.221981933593750000e+03,1.000603942871093750e+03,8.448001742362976074e-01,1.265812255859375000e+03,6.180853881835937500e+02,8.925455808639526367e-01,1.257843017578125000e+03,6.738693237304687500e+02,9.386719465255737305e-01,1.249873901367187500e+03,8.173137817382812500e+02,8.247853517532348633e-01,1.265812255859375000e+03,1.016542175292968750e+03,6.827902197837829590e-01,1.245889404296875000e+03,1.032480468750000000e+03,8.338409066200256348e-01,1.261827636718750000e+03,1.008573059082031250e+03,6.712487936019897461e-01,1.237920166015625000e+03,1.036465087890625000e+03,8.296114802360534668e-01,1.241904785156250000e+03,1.012557617187500000e+03,6.440641283988952637e-01,1.202059082031250000e+03,1.004588500976562500e+03,8.116668462753295898e-01,1.166415967037214614e+03,6.304578762952368152e+02,1.652669319842930236e+02,4.097399116705151982e+02,0.000000000000000000e+00
7.103800000000000000e+04,2.570000000000000000e+02,1.090700000000000000e+04,2.030000000000000000e+02,1.307916748046875000e+03,6.458266601562500000e+02,8.913718461990356445e-01,1.307916748046875000e+03,6.371591186523437500e+02,7.770422697067260742e-01,1.303583007812500000e+03,6.371591186523437500e+02,8.899504542350769043e-01,1.260245361328125000e+03,6.458266601562500000e+02,6.894190311431884766e-01,1.286247924804687500e+03,6.458266601562500000e+02,8.626932501792907715e-01,1.251577880859375000e+03,6.891642456054687500e+02,8.548146486282348633e-01,1.281914184570312500e+03,6.934979858398437500e+02,8.932052850723266602e-01,1.255911621093750000e+03,7.628381347656250000e+02,6.678128242492675781e-01,1.273246704101562500e+03,7.758394775390625000e+02,8.935241699218750000e-01,1.277580444335937500e+03,8.148432617187500000e+02,6.517131328582763672e-01,1.303583007812500000e+03,8.408458251953125000e+02,8.133590817451477051e-01,1.260245361328125000e+03,8.235108032226562500e+02,7.096505761146545410e-01,1.277580444335937500e+03,8.321783447265625000e+02,7.754086256027221680e-01,1.260245361328125000e+03,9.231873168945312500e+02,7.586608529090881348e-01,1.307916748046875000e+03,9.231873168945312500e+02,8.763261437416076660e-01,1.238576660156250000e+03,1.009862548828125000e+03,7.315810918807983398e-01,1.260245361328125000e+03,1.014196289062500000e+03,8.542731404304504395e-01,1.277580444335937500e+03,6.154902954101562500e+02,9.043163657188415527e-01,1.273246704101562500e+03,6.674954223632812500e+02,9.233756065368652344e-01,1.264579223632812500e+03,8.235108032226562500e+02,8.454385995864868164e-01,1.268912963867187500e+03,1.022863769531250000e+03,5.889899730682373047e-01,1.286247924804687500e+03,1.040198852539062500e+03,7.102881669998168945e-01,1.268912963867187500e+03,1.018530029296875000e+03,5.521908402442932129e-01,1.281914184570312500e+03,1.044532592773437500e+03,7.841832041740417480e-01,1.225575317382812500e+03,1.022863769531250000e+03,7.262570261955261230e-01,1.247244140625000000e+03,1.027197509765625000e+03,7.506489753723144531e-01,1.189346955419805226e+03,6.179518249895877489e+02,1.657261171559648574e+02,4.321719723795413302e+02,0.000000000000000000e+00
7.103900000000000000e+04,2.570000000000000000e+02,1.090700000000000000e+04,2.040000000000000000e+02,1.324004150390625000e+03,6.504479370117187500e+02,9.138065576553344727e-01,1.324004150390625000e+03,6.422430419921875000e+02,8.353744745254516602e-01,1.315799316406250000e+03,6.422430419921875000e+02,9.092218875885009766e-01,1.278877319335937500e+03,6.504479370117187500e+02,6.661533713340759277e-01,1.299389526367187500e+03,6.504479370117187500e+02,8.702021837234497070e-01,1.274774902343750000e+03,6.914723510742187500e+02,8.725364208221435547e-01,1.295287109375000000e+03,6.996772460937500000e+02,9.122533202171325684e-01,1.278877319335937500e+03,7.612139282226562500e+02,6.849859952926635742e-01,1.291184692382812500e+03,7.776237182617187500e+02,9.005366563796997070e-01,1.303491943359375000e+03,8.145457153320312500e+02,8.358766436576843262e-01,1.319901733398437500e+03,8.350579223632812500e+02,8.166069984436035156e-01,1.287082153320312500e+03,8.309555053710937500e+02,7.349976301193237305e-01,1.282979736328125000e+03,8.350579223632812500e+02,8.151877522468566895e-01,1.332209106445312500e+03,9.212092895507812500e+02,8.621031641960144043e-01,1.266569946289062500e+03,9.294141845703125000e+02,7.929962277412414551e-01,1.299389526367187500e+03,1.015565490722656250e+03,7.766788601875305176e-01,1.241955322265625000e+03,1.011463073730468750e+03,6.723658442497253418e-01,1.299389526367187500e+03,6.176283569335937500e+02,9.446033835411071777e-01,1.291184692382812500e+03,6.709601440429687500e+02,9.007386565208435059e-01,1.287082153320312500e+03,8.268530273437500000e+02,8.691316246986389160e-01,1.324004150390625000e+03,1.036077758789062500e+03,8.272979855537414551e-01,1.266569946289062500e+03,1.023770385742187500e+03,5.793267488479614258e-01,1.324004150390625000e+03,1.036077758789062500e+03,8.040800094604492188e-01,1.262467529296875000e+03,1.023770385742187500e+03,4.993098080158233643e-01,1.282979736328125000e+03,1.027872802734375000e+03,6.624529957771301270e-01,1.233750366210937500e+03,1.019667968750000000e+03,7.209421396255493164e-01,1.209841578715898549e+03,6.201989058459253101e+02,1.590110714342533811e+02,4.250537375103162958e+02,0.000000000000000000e+00
7.104000000000000000e+04,2.570000000000000000e+02,1.090700000000000000e+04,2.050000000000000000e+02,1.348850708007812500e+03,6.507950439453125000e+02,8.725884556770324707e-01,1.344489624023437500e+03,6.420728759765625000e+02,8.212445974349975586e-01,1.340128540039062500e+03,6.420728759765625000e+02,8.994100093841552734e-01,1.296517944335937500e+03,6.464339599609375000e+02,6.504027247428894043e-01,1.322684326171875000e+03,6.464339599609375000e+02,9.398443698883056641e-01,1.287795898437500000e+03,6.900445556640625000e+02,8.609432578086853027e-01,1.313962280273437500e+03,6.987666625976562500e+02,9.630843400955200195e-01,1.287795898437500000e+03,7.641826171875000000e+02,6.003496646881103516e-01,1.305240112304687500e+03,7.816268310546875000e+02,9.302442073822021484e-01,1.309601196289062500e+03,8.165153198242187500e+02,6.419744491577148438e-01,1.335767578125000000e+03,8.383206176757812500e+02,8.818266391754150391e-01,1.287795898437500000e+03,8.252374877929687500e+02,7.899206876754760742e-01,1.309601196289062500e+03,8.295985107421875000e+02,8.172230124473571777e-01,1.274712646484375000e+03,9.255418701171875000e+02,9.093083739280700684e-01,1.348850708007812500e+03,9.211807861328125000e+02,9.142915010452270508e-01,1.239824218750000000e+03,1.012763061523437500e+03,9.309365749359130859e-01,1.340128540039062500e+03,1.021485229492187500e+03,9.282892346382141113e-01,1.318323242187500000e+03,6.115454711914062500e+02,8.922605514526367188e-01,1.309601196289062500e+03,6.726003417968750000e+02,9.017989039421081543e-01,1.296517944335937500e+03,8.208764038085937500e+02,8.988803029060363770e-01,1.270351562500000000e+03,1.030207275390625000e+03,8.883253931999206543e-01,1.375017089843750000e+03,1.038929443359375000e+03,8.862315416336059570e-01,1.265990600585937500e+03,1.025846313476562500e+03,7.421607375144958496e-01,1.375017089843750000e+03,1.043290527343750000e+03,8.590343594551086426e-01,1.231102050781250000e+03,1.025846313476562500e+03,8.194495439529418945e-01,1.331406494140625000e+03,1.034568359375000000e+03,9.126380085945129395e-01,1.222907564501758770e+03,6.116793090008462741e+02,1.628639005952852585e+02,4.396382875626387658e+02,0.000000000000000000e+00
7.104100000000000000e+04,2.570000000000000000e+02,1.090700000000000000e+04,2.060000000000000000e+02,1.361374145507812500e+03,6.522337646484375000e+02,9.641423225402832031e-01,1.361374145507812500e+03,6.440790405273437500e+02,8.346382379531860352e-01,1.353219482421875000e+03,6.440790405273437500e+02,9.393072724342346191e-01,1.312445678710937500e+03,6.481564331054687500e+02,6.871063709259033203e-01,1.336909912109375000e+03,6.522337646484375000e+02,8.815062046051025391e-01,1.308368408203125000e+03,6.970848388671875000e+02,8.868454694747924805e-01,1.328755249023437500e+03,7.011622314453125000e+02,9.526695609092712402e-01,1.304291015625000000e+03,7.704774780273437500e+02,8.506807088851928711e-01,1.328755249023437500e+03,7.827095947265625000e+02,9.491180777549743652e-01,1.324677856445312500e+03,8.234832763671875000e+02,5.846868753433227539e-01,1.353219482421875000e+03,8.438701782226562500e+02,9.108706712722778320e-01,1.316523071289062500e+03,8.316380615234375000e+02,7.845973968505859375e-01,1.328755249023437500e+03,8.357153930664062500e+02,8.386436104774475098e-01,1.283904174804687500e+03,9.254175415039062500e+02,6.890146732330322266e-01,1.365451538085937500e+03,9.294949340820312500e+02,4.951941967010498047e-01,1.243130493164062500e+03,1.011042297363281250e+03,7.063732743263244629e-01,1.377683593750000000e+03,1.015119689941406250e+03,4.177903234958648682e-01,1.332832641601562500e+03,6.196148071289062500e+02,8.918527364730834961e-01,1.324677856445312500e+03,6.766979980468750000e+02,9.313418269157409668e-01,1.320600463867187500e+03,8.316380615234375000e+02,8.534582853317260742e-01,1.406225219726562500e+03,1.023274414062500000e+03,7.435147166252136230e-01,1.275749389648437500e+03,1.039583862304687500e+03,6.864125728607177734e-01,1.402147827148437500e+03,1.023274414062500000e+03,7.482074499130249023e-01,1.267594726562500000e+03,1.039583862304687500e+03,6.040219068527221680e-01,1.369528930664062500e+03,1.035506469726562500e+03,7.387284040451049805e-01,1.230898315429687500e+03,1.031429199218750000e+03,6.841959357261657715e-01,1.241621166709483759e+03,6.298682111053292374e+02,1.612820715103314342e+02,4.261244213434745234e+02,0.000000000000000000e+00
7.104200000000000000e+04,2.570000000000000000e+02,1.090700000000000000e+04,2.070000000000000000e+02,1.381509521484375000e+03,6.577860717773437500e+02,9.076666235923767090e-01,1.381509521484375000e+03,6.495299682617187500e+02,8.531801104545593262e-01,1.373253417968750000e+03,6.495299682617187500e+02,9.054339528083801270e-01,1.336101074218750000e+03,6.536580200195312500e+02,6.104727983474731445e-01,1.356741210937500000e+03,6.536580200195312500e+02,9.263180494308471680e-01,1.327844970703125000e+03,6.990665893554687500e+02,9.180182218551635742e-01,1.344357177734375000e+03,7.073226928710937500e+02,9.634970426559448242e-01,1.323716796875000000e+03,7.733715209960937500e+02,7.305330038070678711e-01,1.344357177734375000e+03,7.898837280273437500e+02,9.263346195220947266e-01,1.352613281250000000e+03,8.229081420898437500e+02,6.993751525878906250e-01,1.369125488281250000e+03,8.435484008789062500e+02,9.274136424064636230e-01,1.336101074218750000e+03,8.394203491210937500e+02,7.475267052650451660e-01,1.336101074218750000e+03,8.394203491210937500e+02,8.656021952629089355e-01,1.381509521484375000e+03,9.302374877929687500e+02,6.726527810096740723e-01,1.307204589843750000e+03,9.384935913085937500e+02,3.695013225078582764e-01,1.406277832031250000e+03,1.016926574707031250e+03,6.937147974967956543e-01,1.245283935546875000e+03,1.012798522949218750e+03,4.643312394618988037e-01,1.356741210937500000e+03,6.206336059570312500e+02,9.430006742477416992e-01,1.344357177734375000e+03,6.825543823242187500e+02,8.983927965164184570e-01,1.331972900390625000e+03,8.352922973632812500e+02,8.473473787307739258e-01,1.439302246093750000e+03,1.012798522949218750e+03,5.964769124984741211e-01,1.265924072265625000e+03,1.029310791015625000e+03,7.089998722076416016e-01,1.435174316406250000e+03,1.012798522949218750e+03,6.038948297500610352e-01,1.261796142578125000e+03,1.037566894531250000e+03,7.231727838516235352e-01,1.406277832031250000e+03,1.029310791015625000e+03,7.502485513687133789e-01,1.232899658203125000e+03,1.029310791015625000e+03,8.084058761596679688e-01,1.255409456250687526e+03,6.242994817498491784e+02,1.664447333387108756e+02,4.241393770132937107e+02,0.000000000000000000e+00
7.104300000000000000e+04,2.570000000000000000e+02,1.088700000000000000e+04,1.800000000000000000e+01,5.806359252929687500e+02,6.988461303710937500e+02,6.015475392341613770e-01,5.816704101562500000e+02,6.957426757812500000e+02,6.609140038490295410e-01,5.785669555664062500e+02,6.957426757812500000e+02,6.338583827018737793e-01,5.806359252929687500e+02,6.957426757812500000e+02,5.086449384689331055e-01,5.723601074218750000e+02,6.957426757812500000e+02,6.912688016891479492e-01,5.816704101562500000e+02,7.071219482421875000e+02,7.707795500755310059e-01,5.682221679687500000e+02,7.060874633789062500e+02,7.561215758323669434e-01,5.847738647460937500e+02,7.216046752929687500e+02,8.320528268814086914e-01,5.661531982421875000e+02,7.226391601562500000e+02,8.739446401596069336e-01,5.868427734375000000e+02,7.371218261718750000e+02,7.056769132614135742e-01,5.661531982421875000e+02,7.371218261718750000e+02,7.474968433380126953e-01,5.785669555664062500e+02,7.381563110351562500e+02,7.021246552467346191e-01,5.713256225585937500e+02,7.381563110351562500e+02,7.191886901855468750e-01,5.816704101562500000e+02,7.598804321289062500e+02,8.149758577346801758e-01,5.692566528320312500e+02,7.609149169921875000e+02,7.667090892791748047e-01,5.837393798828125000e+02,7.785010375976562500e+02,7.085422873497009277e-01,5.702911376953125000e+02,7.805700073242187500e+02,5.865026116371154785e-01,5.775324707031250000e+02,6.874667968750000000e+02,8.341216444969177246e-01,5.744290161132812500e+02,7.019495239257812500e+02,8.499758243560791016e-01,5.744290161132812500e+02,7.360874023437500000e+02,7.257042527198791504e-01,5.909807128906250000e+02,7.816044921875000000e+02,7.083276510238647461e-01,5.754635009765625000e+02,7.847079467773437500e+02,5.370522737503051758e-01,5.909807128906250000e+02,7.805700073242187500e+02,7.569826841354370117e-01,5.713256225585937500e+02,7.857424316406250000e+02,5.462979674339294434e-01,5.816704101562500000e+02,7.826389770507812500e+02,6.901637315750122070e-01,5.713256225585937500e+02,7.836734619140625000e+02,5.039684772491455078e-01,5.561959920317899559e+02,6.822971842190222560e+02,3.516762712503305011e+01,1.072101835803440508e+02,1.000000000000000000e+00
7.104400000000000000e+04,2.570000000000000000e+02,1.090000000000000000e+04,1.900000000000000000e+01,5.744399414062500000e+02,6.981763305664062500e+02,5.486509203910827637e-01,5.754570312500000000e+02,6.951250000000000000e+02,6.027268171310424805e-01,5.713886108398437500e+02,6.961420898437500000e+02,5.693133473396301270e-01,5.774912109375000000e+02,6.951250000000000000e+02,5.098161697387695312e-01,5.663031005859375000e+02,6.951250000000000000e+02,5.614401698112487793e-01,5.805425415039062500e+02,7.052960205078125000e+02,6.898127794265747070e-01,5.632518310546875000e+02,7.063131103515625000e+02,6.749563217163085938e-01,5.835938110351562500e+02,7.225867309570312500e+02,7.687556147575378418e-01,5.622346801757812500e+02,7.225867309570312500e+02,5.640951395034790039e-01,5.866451416015625000e+02,7.378432617187500000e+02,4.435457289218902588e-01,5.622346801757812500e+02,7.347919311523437500e+02,2.675474286079406738e-01,5.754570312500000000e+02,7.378432617187500000e+02,4.675858914852142334e-01,5.683373413085937500e+02,7.368261718750000000e+02,4.933788478374481201e-01,5.774912109375000000e+02,7.581853027343750000e+02,5.303591489791870117e-01,5.683373413085937500e+02,7.592023925781250000e+02,4.294173717498779297e-01,5.754570312500000000e+02,7.795444335937500000e+02,2.458873689174652100e-01,5.815596313476562500e+02,7.815786132812500000e+02,3.389750719070434570e-01,5.713886108398437500e+02,6.880053100585937500e+02,7.397820949554443359e-01,5.713886108398437500e+02,7.002105102539062500e+02,6.970357894897460938e-01,5.713886108398437500e+02,7.327577514648437500e+02,6.722505688667297363e-01,5.602005004882812500e+02,7.836127929687500000e+02,3.039178848266601562e-01,5.805425415039062500e+02,7.856470336914062500e+02,4.010626375675201416e-01,5.602005004882812500e+02,7.815786132812500000e+02,3.436742126941680908e-01,5.876622314453125000e+02,7.836127929687500000e+02,3.124760389328002930e-01,5.571491699218750000e+02,7.815786132812500000e+02,3.099834620952606201e-01,5.815596313476562500e+02,7.846299438476562500e+02,4.187972247600555420e-01,5.534677322936696555e+02,6.841995060137467135e+02,3.487804277534792163e+01,1.057298043469345430e+02,1.000000000000000000e+00
7.104500000000000000e+04,2.570000000000000000e+02,1.088800000000000000e+04,2.000000000000000000e+01,5.737407226562500000e+02,7.018371582031250000e+02,6.102824211120605469e-01,5.748409423828125000e+02,6.996368408203125000e+02,6.179571747779846191e-01,5.726406250000000000e+02,6.996368408203125000e+02,5.871815681457519531e-01,5.759410400390625000e+02,6.985367431640625000e+02,5.537849068641662598e-01,5.649394531250000000e+02,6.974365234375000000e+02,4.728264510631561279e-01,5.759410400390625000e+02,7.084381103515625000e+02,6.560135483741760254e-01,5.605388183593750000e+02,7.073380126953125000e+02,6.980904340744018555e-01,5.781413574218750000e+02,7.249405517578125000e+02,7.571946382522583008e-01,5.583385009765625000e+02,7.249405517578125000e+02,5.801550149917602539e-01,5.803416748046875000e+02,7.381424560546875000e+02,6.581430435180664062e-01,5.572384033203125000e+02,7.381424560546875000e+02,2.752960622310638428e-01,5.704403076171875000e+02,7.403427734375000000e+02,6.011652946472167969e-01,5.638393554687500000e+02,7.414428710937500000e+02,6.836314201354980469e-01,5.715404052734375000e+02,7.612457275390625000e+02,5.582370162010192871e-01,5.649394531250000000e+02,7.623459472656250000e+02,4.168063700199127197e-01,5.781413574218750000e+02,7.821488037109375000e+02,5.409354567527770996e-01,5.649394531250000000e+02,7.854492187500000000e+02,4.930101633071899414e-01,5.693400878906250000e+02,6.908355712890625000e+02,6.527988314628601074e-01,5.682399902343750000e+02,7.029373779296875000e+02,6.942461729049682617e-01,5.671397705078125000e+02,7.381424560546875000e+02,6.996160149574279785e-01,5.759410400390625000e+02,7.887497558593750000e+02,5.853437185287475586e-01,5.726406250000000000e+02,7.887497558593750000e+02,6.486697793006896973e-01,5.792415771484375000e+02,7.865494384765625000e+02,4.531550705432891846e-01,5.726406250000000000e+02,7.898498535156250000e+02,5.565700531005859375e-01,5.770412597656250000e+02,7.854492187500000000e+02,4.441238939762115479e-01,5.649394531250000000e+02,7.887497558593750000e+02,3.781140744686126709e-01,5.486854553175023739e+02,6.867832817585142493e+02,3.682531088523808194e+01,1.107023827163575334e+02,1.000000000000000000e+00
7.104600000000000000e+04,2.570000000000000000e+02,1.088700000000000000e+04,2.100000000000000000e+01,5.658513793945312500e+02,7.018309326171875000e+02,7.076583504676818848e-01,5.669501953125000000e+02,6.996333007812500000e+02,7.687163949012756348e-01,5.636537475585937500e+02,6.996333007812500000e+02,6.831070780754089355e-01,5.669501953125000000e+02,6.996333007812500000e+02,7.429588437080383301e-01,5.592585449218750000e+02,6.996333007812500000e+02,7.107906937599182129e-01,5.680490112304687500e+02,7.117202148437500000e+02,8.280679583549499512e-01,5.548632812500000000e+02,7.117202148437500000e+02,8.090926408767700195e-01,5.724442138671875000e+02,7.271035156250000000e+02,7.956914901733398438e-01,5.515668945312500000e+02,7.282023315429687500e+02,8.035123944282531738e-01,5.735430297851562500e+02,7.413880004882812500e+02,8.039126396179199219e-01,5.526657104492187500e+02,7.424868164062500000e+02,8.565024137496948242e-01,5.647525634765625000e+02,7.435856323242187500e+02,7.596178054809570312e-01,5.581597290039062500e+02,7.435856323242187500e+02,7.572337388992309570e-01,5.680490112304687500e+02,7.655617675781250000e+02,7.858929038047790527e-01,5.559620971679687500e+02,7.688582153320312500e+02,7.073175311088562012e-01,5.757406616210937500e+02,7.842415161132812500e+02,6.788167953491210938e-01,5.581597290039062500e+02,7.875379638671875000e+02,6.398048400878906250e-01,5.636537475585937500e+02,6.919416503906250000e+02,8.712739944458007812e-01,5.625549926757812500e+02,7.062261352539062500e+02,8.516240119934082031e-01,5.614561767578125000e+02,7.435856323242187500e+02,8.034008145332336426e-01,5.812346801757812500e+02,7.875379638671875000e+02,6.725291609764099121e-01,5.636537475585937500e+02,7.908344116210937500e+02,5.562754273414611816e-01,5.812346801757812500e+02,7.864391479492187500e+02,7.260724902153015137e-01,5.570609130859375000e+02,7.908344116210937500e+02,5.288125276565551758e-01,5.757406616210937500e+02,7.864391479492187500e+02,6.400616168975830078e-01,5.581597290039062500e+02,7.886367797851562500e+02,5.388649702072143555e-01,5.445717042410053637e+02,6.835250467477590064e+02,3.781859206472358892e+01,1.124426098175083553e+02,1.000000000000000000e+00
7.104700000000000000e+04,2.570000000000000000e+02,1.090300000000000000e+04,2.200000000000000000e+01,5.628950805664062500e+02,7.036533203125000000e+02,7.741605043411254883e-01,5.628950805664062500e+02,7.002376708984375000e+02,8.342300057411193848e-01,5.606179809570312500e+02,7.013762207031250000e+02,7.759141325950622559e-01,5.617565307617187500e+02,7.002376708984375000e+02,6.895058155059814453e-01,5.560637817382812500e+02,7.002376708984375000e+02,7.806510329246520996e-01,5.640336303710937500e+02,7.116232299804687500e+02,8.047890663146972656e-01,5.515095214843750000e+02,7.116232299804687500e+02,8.310528397560119629e-01,5.663107910156250000e+02,7.275630493164062500e+02,7.676826119422912598e-01,5.480938720703125000e+02,7.287015991210937500e+02,9.209631681442260742e-01,5.685878906250000000e+02,7.435028686523437500e+02,6.724885106086730957e-01,5.480938720703125000e+02,7.435028686523437500e+02,8.929733037948608398e-01,5.606179809570312500e+02,7.446414184570312500e+02,8.187409043312072754e-01,5.549251708984375000e+02,7.446414184570312500e+02,8.171807527542114258e-01,5.651722412109375000e+02,7.674125366210937500e+02,8.267948031425476074e-01,5.526480712890625000e+02,7.708282470703125000e+02,7.170504331588745117e-01,5.731420898437500000e+02,7.856294555664062500e+02,6.670343875885009766e-01,5.526480712890625000e+02,7.901837158203125000e+02,7.214480042457580566e-01,5.594794311523437500e+02,6.934063110351562500e+02,8.558747768402099609e-01,5.583408813476562500e+02,7.059304809570312500e+02,8.473480939865112305e-01,5.572023315429687500e+02,7.446414184570312500e+02,8.572953343391418457e-01,5.606179809570312500e+02,7.935993652343750000e+02,5.497931241989135742e-01,5.617565307617187500e+02,7.935993652343750000e+02,4.991109967231750488e-01,5.617565307617187500e+02,7.935993652343750000e+02,4.552618563175201416e-01,5.606179809570312500e+02,7.935993652343750000e+02,3.776682019233703613e-01,5.503709716796875000e+02,7.935993652343750000e+02,3.873603641986846924e-01,5.515095214843750000e+02,7.924608154296875000e+02,4.119758903980255127e-01,5.405982135105434736e+02,6.852369380468635427e+02,3.920285793925506823e+01,1.157005580751457501e+02,1.000000000000000000e+00
7.104800000000000000e+04,2.570000000000000000e+02,1.090400000000000000e+04,2.300000000000000000e+01,5.538211669921875000e+02,7.021780395507812500e+02,7.046894431114196777e-01,5.561661376953125000e+02,6.998330688476562500e+02,7.422152161598205566e-01,5.526486206054687500e+02,6.986605224609375000e+02,7.307953834533691406e-01,5.561661376953125000e+02,6.986605224609375000e+02,6.986255645751953125e-01,5.491311645507812500e+02,6.986605224609375000e+02,7.673047184944152832e-01,5.608561401367187500e+02,7.115581054687500000e+02,7.504849433898925781e-01,5.456136474609375000e+02,7.103855590820312500e+02,8.112439513206481934e-01,5.632011718750000000e+02,7.279731445312500000e+02,7.242478132247924805e-01,5.420961303710937500e+02,7.291456298828125000e+02,8.815975189208984375e-01,5.655462036132812500e+02,7.443881835937500000e+02,5.649705529212951660e-01,5.432686157226562500e+02,7.443881835937500000e+02,8.460845351219177246e-01,5.561661376953125000e+02,7.443881835937500000e+02,7.875517606735229492e-01,5.514761352539062500e+02,7.455606689453125000e+02,7.649605870246887207e-01,5.596836547851562500e+02,7.690107421875000000e+02,7.681123018264770508e-01,5.538211669921875000e+02,7.690107421875000000e+02,7.296899557113647461e-01,5.690637207031250000e+02,7.901157836914062500e+02,6.996334791183471680e-01,5.702362060546875000e+02,7.889432983398437500e+02,4.312407374382019043e-01,5.538211669921875000e+02,6.927980346679687500e+02,8.330945372581481934e-01,5.526486206054687500e+02,7.045230712890625000e+02,8.893979787826538086e-01,5.538211669921875000e+02,7.443881835937500000e+02,7.992767095565795898e-01,5.596836547851562500e+02,7.983233032226562500e+02,4.105675518512725830e-01,5.549936523437500000e+02,7.959783325195312500e+02,4.756009876728057861e-01,5.737537231445312500e+02,7.912883300781250000e+02,3.818847239017486572e-01,5.526486206054687500e+02,7.948057861328125000e+02,4.112665355205535889e-01,5.702362060546875000e+02,7.948057861328125000e+02,6.245703697204589844e-01,5.526486206054687500e+02,7.948057861328125000e+02,5.140694975852966309e-01,5.326995783319051725e+02,6.846643902072823948e+02,4.082912155837402679e+01,1.191501120441834018e+02,1.000000000000000000e+00
7.104900000000000000e+04,2.570000000000000000e+02,1.088700000000000000e+04,2.400000000000000000e+01,5.543960571289062500e+02,7.029544067382812500e+02,7.481772899627685547e-01,5.555494384765625000e+02,7.006477050781250000e+02,7.952731847763061523e-01,5.532427368164062500e+02,7.006477050781250000e+02,7.790020108222961426e-01,5.543960571289062500e+02,7.018010253906250000e+02,6.656869053840637207e-01,5.474760742187500000e+02,6.994943847656250000e+02,8.022156357765197754e-01,5.567027587890625000e+02,7.133344116210937500e+02,8.035491108894348145e-01,5.428627319335937500e+02,7.121810913085937500e+02,8.152800798416137695e-01,5.601627807617187500e+02,7.294810791015625000e+02,8.694020509719848633e-01,5.382493896484375000e+02,7.294810791015625000e+02,9.038548469543457031e-01,5.624694213867187500e+02,7.467811279296875000e+02,6.260817050933837891e-01,5.382493896484375000e+02,7.456278076171875000e+02,8.633792996406555176e-01,5.543960571289062500e+02,7.479344482421875000e+02,8.195204138755798340e-01,5.463227539062500000e+02,7.479344482421875000e+02,8.110247850418090820e-01,5.578560791015625000e+02,7.710011596679687500e+02,8.443871140480041504e-01,5.451693725585937500e+02,7.733078613281250000e+02,7.462495565414428711e-01,5.647761230468750000e+02,7.906079101562500000e+02,8.894205093383789062e-01,5.428627319335937500e+02,7.929145507812500000e+02,7.108584046363830566e-01,5.520894165039062500e+02,6.937277221679687500e+02,7.865492701530456543e-01,5.497827148437500000e+02,7.064143676757812500e+02,8.789517879486083984e-01,5.497827148437500000e+02,7.467811279296875000e+02,8.614652156829833984e-01,5.682360839843750000e+02,7.952212524414062500e+02,7.352526783943176270e-01,5.509360961914062500e+02,7.963745727539062500e+02,5.799177885055541992e-01,5.693894653320312500e+02,7.929145507812500000e+02,7.368972897529602051e-01,5.486293945312500000e+02,7.963745727539062500e+02,5.560641884803771973e-01,5.659294433593750000e+02,7.940678710937500000e+02,6.596312522888183594e-01,5.428627319335937500e+02,7.952212524414062500e+02,4.941710233688354492e-01,5.279647414095635440e+02,6.859017921746539059e+02,4.133660312384142799e+01,1.191674880899043956e+02,1.000000000000000000e+00
7.105000000000000000e+04,2.570000000000000000e+02,1.088700000000000000e+04,2.500000000000000000e+01,5.511541748046875000e+02,7.022465209960937500e+02,7.697740197181701660e-01,5.511541748046875000e+02,6.999168090820312500e+02,7.917553782463073730e-01,5.488245239257812500e+02,6.999168090820312500e+02,7.421984672546386719e-01,5.511541748046875000e+02,6.999168090820312500e+02,5.935550332069396973e-01,5.430003051757812500e+02,6.987519531250000000e+02,8.264486789703369141e-01,5.523190307617187500e+02,7.115652465820312500e+02,7.784729003906250000e-01,5.371760864257812500e+02,7.104003906250000000e+02,8.736606836318969727e-01,5.558135375976562500e+02,7.278730468750000000e+02,8.038496971130371094e-01,5.325166625976562500e+02,7.290379028320312500e+02,8.910906910896301270e-01,5.546487426757812500e+02,7.360269165039062500e+02,3.012323081493377686e-01,5.336815185546875000e+02,7.453457031250000000e+02,9.154471755027770996e-01,5.488245239257812500e+02,7.476753540039062500e+02,7.848044037818908691e-01,5.406705932617187500e+02,7.488402099609375000e+02,8.168313503265380859e-01,5.534838867187500000e+02,7.721370849609375000e+02,8.017001152038574219e-01,5.383408813476562500e+02,7.756315917968750000e+02,6.996611952781677246e-01,5.593081054687500000e+02,7.931042480468750000e+02,8.880886435508728027e-01,5.371760864257812500e+02,7.965988159179687500e+02,7.976446747779846191e-01,5.476596679687500000e+02,6.917628784179687500e+02,8.556346893310546875e-01,5.453299560546875000e+02,7.057410278320312500e+02,8.394417166709899902e-01,5.453299560546875000e+02,7.476753540039062500e+02,8.239550590515136719e-01,5.662971191406250000e+02,7.965988159179687500e+02,8.093833923339843750e-01,5.441651000976562500e+02,7.989284667968750000e+02,6.191624999046325684e-01,5.651323242187500000e+02,7.942691040039062500e+02,8.100264072418212891e-01,5.406705932617187500e+02,7.989284667968750000e+02,6.170102953910827637e-01,5.581432495117187500e+02,7.965988159179687500e+02,7.038596272468566895e-01,5.360112304687500000e+02,7.977636108398437500e+02,6.022179126739501953e-01,5.232114033165778437e+02,6.866274407113601228e+02,4.180419536568888361e+01,1.198562200937864191e+02,1.000000000000000000e+00
7.105100000000000000e+04,2.570000000000000000e+02,1.091200000000000000e+04,4.300000000000000000e+01,4.842299804687500000e+02,6.907792968750000000e+02,8.356856107711791992e-01,4.856899108886718750e+02,6.893193969726562500e+02,8.852789998054504395e-01,4.813101196289062500e+02,6.878594360351562500e+02,8.818618059158325195e-01,4.871498107910156250e+02,6.907792968750000000e+02,6.699932217597961426e-01,4.769303588867187500e+02,6.893193969726562500e+02,9.130513072013854980e-01,4.842299804687500000e+02,7.053785400390625000e+02,7.538595199584960938e-01,4.696307373046875000e+02,7.053785400390625000e+02,7.035862207412719727e-01,4.813101196289062500e+02,7.287373657226562500e+02,6.809738874435424805e-01,4.681708068847656250e+02,7.258175048828125000e+02,3.797270953655242920e-01,4.856899108886718750e+02,7.506361694335937500e+02,7.362505793571472168e-01,4.856899108886718750e+02,7.520961303710937500e+02,2.461601495742797852e-01,4.783902893066406250e+02,7.477163696289062500e+02,5.750587582588195801e-01,4.696307373046875000e+02,7.462564086914062500e+02,5.271740555763244629e-01,4.827700500488281250e+02,7.798346557617187500e+02,5.321958661079406738e-01,4.594112548828125000e+02,7.827545166015625000e+02,4.271972775459289551e-01,4.564914245605468750e+02,8.119530029296875000e+02,4.170358479022979736e-01,4.535715637207031250e+02,8.119530029296875000e+02,5.754719376564025879e-01,4.827700500488281250e+02,6.805598144531250000e+02,8.854500055313110352e-01,4.783902893066406250e+02,6.980789184570312500e+02,8.076342344284057617e-01,4.725505676269531250e+02,7.462564086914062500e+02,6.169214844703674316e-01,4.652509460449218750e+02,8.192526245117187500e+02,4.885269403457641602e-01,4.856899108886718750e+02,8.192526245117187500e+02,8.804050683975219727e-01,4.637910461425781250e+02,8.177927246093750000e+02,4.996543526649475098e-01,4.842299804687500000e+02,8.207125244140625000e+02,8.893820047378540039e-01,4.535715637207031250e+02,8.163327636718750000e+02,5.536817312240600586e-01,4.740104980468750000e+02,8.163327636718750000e+02,6.248921751976013184e-01,4.402864627743769006e+02,6.705444353947585796e+02,5.409011295637782268e+01,1.507596449609833371e+02,1.000000000000000000e+00
7.105200000000000000e+04,2.570000000000000000e+02,1.091800000000000000e+04,4.800000000000000000e+01,4.389218750000000000e+02,6.903817749023437500e+02,8.484820127487182617e-01,4.406814575195312500e+02,6.851029663085937500e+02,7.901200056076049805e-01,4.371622619628906250e+02,6.851029663085937500e+02,7.618497014045715332e-01,4.406814575195312500e+02,6.851029663085937500e+02,3.645483255386352539e-01,4.266046752929687500e+02,6.851029663085937500e+02,6.712343692779541016e-01,4.371622619628906250e+02,7.026989746093750000e+02,5.762335062026977539e-01,4.160471191406250000e+02,7.026989746093750000e+02,7.492968440055847168e-01,4.494794311523437500e+02,7.220545043945312500e+02,3.957224190235137939e-01,4.107683105468750000e+02,7.308524780273437500e+02,5.029221773147583008e-01,4.494794311523437500e+02,7.396504516601562500e+02,6.905136704444885254e-01,4.406814575195312500e+02,7.414100952148437500e+02,4.902520477771759033e-01,4.371622619628906250e+02,7.537272338867187500e+02,4.336420893669128418e-01,4.283642883300781250e+02,7.590060424804687500e+02,4.849888086318969727e-01,4.318834838867187500e+02,7.906787719726562500e+02,3.553083240985870361e-01,4.318834838867187500e+02,7.906787719726562500e+02,5.969679355621337891e-01,4.195662841796875000e+02,8.258707275390625000e+02,4.077770709991455078e-01,4.213258972167968750e+02,8.276303100585937500e+02,7.789088487625122070e-01,4.336430664062500000e+02,6.710261840820312500e+02,9.249212145805358887e-01,4.283642883300781250e+02,6.939009399414062500e+02,7.558799386024475098e-01,4.301238708496093750e+02,7.554868164062500000e+02,5.169320702552795410e-01,4.354026794433593750e+02,8.381878662109375000e+02,3.939128816127777100e-01,4.354026794433593750e+02,8.364282836914062500e+02,7.299870252609252930e-01,4.336430664062500000e+02,8.346687011718750000e+02,3.768101632595062256e-01,4.301238708496093750e+02,8.399474487304687500e+02,7.178689241409301758e-01,4.125279235839843750e+02,8.329090576171875000e+02,4.064365625381469727e-01,4.125279235839843750e+02,8.346687011718750000e+02,7.506049275398254395e-01,3.968402948269446142e+02,6.654454574018811854e+02,6.365510686885045288e+01,1.805448712717141007e+02,1.000000000000000000e+00
7.105300000000000000e+04,2.570000000000000000e+02,1.091700000000000000e+04,5.000000000000000000e+01,4.284526367187500000e+02,6.874964599609375000e+02,8.891211748123168945e-01,4.266314086914062500e+02,6.838540039062500000e+02,8.138067722320556641e-01,4.248101501464843750e+02,6.838540039062500000e+02,8.948376178741455078e-01,4.102402648925781250e+02,6.802114868164062500e+02,6.348030567169189453e-01,4.193464660644531250e+02,6.820327758789062500e+02,8.070363998413085938e-01,4.229889221191406250e+02,7.038875732421875000e+02,7.009548544883728027e-01,4.011340942382812500e+02,7.038875732421875000e+02,8.180500864982604980e-01,4.284526367187500000e+02,7.275636596679687500e+02,5.435939431190490723e-01,3.938491210937500000e+02,7.312061767578125000e+02,7.673386335372924805e-01,4.375588073730468750e+02,7.403123168945312500e+02,7.491064071655273438e-01,3.938491210937500000e+02,7.585247192382812500e+02,7.908521294593811035e-01,4.193464660644531250e+02,7.585247192382812500e+02,6.354709863662719727e-01,4.102402648925781250e+02,7.621671752929687500e+02,5.804778933525085449e-01,4.229889221191406250e+02,7.931281738281250000e+02,6.386610269546508789e-01,4.211676940917968750e+02,7.949494628906250000e+02,5.752513408660888672e-01,4.138827514648437500e+02,8.295529174804687500e+02,5.263143777847290039e-01,4.102402648925781250e+02,8.313742065429687500e+02,7.002077698707580566e-01,4.211676940917968750e+02,6.692841186523437500e+02,8.893221020698547363e-01,4.138827514648437500e+02,6.929601440429687500e+02,8.472979068756103516e-01,4.138827514648437500e+02,7.585247192382812500e+02,7.029938697814941406e-01,4.666986083984375000e+02,8.386591186523437500e+02,5.865488648414611816e-01,4.302738647460937500e+02,8.423015747070312500e+02,7.577178478240966797e-01,4.666986083984375000e+02,8.386591186523437500e+02,5.823060274124145508e-01,4.266314086914062500e+02,8.459440917968750000e+02,7.658330798149108887e-01,4.521287231445312500e+02,8.404803466796875000e+02,6.197728514671325684e-01,4.047765502929687500e+02,8.404803466796875000e+02,6.953812241554260254e-01,3.869397457341145241e+02,6.636268429762427559e+02,6.681793598125176459e+01,1.857080221689744803e+02,1.000000000000000000e+00
7.105400000000000000e+04,2.570000000000000000e+02,1.091700000000000000e+04,5.100000000000000000e+01,4.207525634765625000e+02,6.892554931640625000e+02,8.490457534790039062e-01,4.207525634765625000e+02,6.838444213867187500e+02,7.453964948654174805e-01,4.171452331542968750e+02,6.856481323242187500e+02,7.600429654121398926e-01,4.027158508300781250e+02,6.802371215820312500e+02,4.125446081161499023e-01,4.099305419921875000e+02,6.820407714843750000e+02,6.592091917991638184e-01,3.955011596679687500e+02,7.018811645507812500e+02,3.796631395816802979e-01,3.973048400878906250e+02,7.054885253906250000e+02,4.828008711338043213e-01,4.333782653808593750e+02,7.361509399414062500e+02,3.861763179302215576e-01,4.279672546386718750e+02,7.361509399414062500e+02,4.796015620231628418e-01,4.351819458007812500e+02,7.451692504882812500e+02,5.968602299690246582e-01,4.315745849609375000e+02,7.451692504882812500e+02,5.553861856460571289e-01,4.135378723144531250e+02,7.632059936523437500e+02,3.966260850429534912e-01,4.135378723144531250e+02,7.650096435546875000e+02,4.522791504859924316e-01,4.171452331542968750e+02,7.974757690429687500e+02,5.155113339424133301e-01,4.153415527343750000e+02,7.992794189453125000e+02,5.236010551452636719e-01,4.099305419921875000e+02,8.335491943359375000e+02,5.285515785217285156e-01,4.081268615722656250e+02,8.317454833984375000e+02,4.984219968318939209e-01,4.153415527343750000e+02,6.712187500000000000e+02,8.651671409606933594e-01,4.081268615722656250e+02,6.928627929687500000e+02,6.572073698043823242e-01,4.099305419921875000e+02,7.632059936523437500e+02,4.748348891735076904e-01,4.622369995117187500e+02,8.443712158203125000e+02,4.031765460968017578e-01,4.261635742187500000e+02,8.461748657226562500e+02,7.335445880889892578e-01,4.622369995117187500e+02,8.425675659179687500e+02,3.572916090488433838e-01,4.225562438964843750e+02,8.479785766601562500e+02,7.881784439086914062e-01,4.081268615722656250e+02,8.407638549804687500e+02,3.680090606212615967e-01,4.027158508300781250e+02,8.407638549804687500e+02,5.585129857063293457e-01,3.905818863247957893e+02,6.702108925326790541e+02,6.033295206531346366e+01,1.777124839037685433e+02,1.000000000000000000e+00
7.105500000000000000e+04,2.570000000000000000e+02,1.088900000000000000e+04,5.200000000000000000e+01,4.432854919433593750e+02,6.965075683593750000e+02,8.987933993339538574e-01,4.450703125000000000e+02,6.929379272460937500e+02,9.235765933990478516e-01,4.397158508300781250e+02,6.929379272460937500e+02,8.981995582580566406e-01,4.468551330566406250e+02,6.947227172851562500e+02,7.059428095817565918e-01,4.307917480468750000e+02,6.947227172851562500e+02,9.233150482177734375e-01,4.415006713867187500e+02,7.125709838867187500e+02,8.341491818428039551e-01,4.272220764160156250e+02,7.125709838867187500e+02,8.210410475730895996e-01,4.343613891601562500e+02,7.357736206054687500e+02,6.335831880569458008e-01,4.218676147460937500e+02,7.339888305664062500e+02,7.253826856613159180e-01,4.415006713867187500e+02,7.554066772460937500e+02,6.111454367637634277e-01,4.254372558593750000e+02,7.429129638671875000e+02,6.639517545700073242e-01,4.325765686035156250e+02,7.625459594726562500e+02,7.222939729690551758e-01,4.254372558593750000e+02,7.625459594726562500e+02,7.329379916191101074e-01,4.397158508300781250e+02,8.000272216796875000e+02,3.782845437526702881e-01,4.432854919433593750e+02,8.000272216796875000e+02,5.962519049644470215e-01,4.415006713867187500e+02,8.375084838867187500e+02,6.182045340538024902e-01,4.432854919433593750e+02,8.339388427734375000e+02,3.665987849235534668e-01,4.397158508300781250e+02,6.822290039062500000e+02,8.765855431556701660e-01,4.361462097167968750e+02,7.036468505859375000e+02,8.831622600555419922e-01,4.290069274902343750e+02,7.607611694335937500e+02,8.305799365043640137e-01,4.557792358398437500e+02,8.464326171875000000e+02,8.069530129432678223e-01,4.040194091796875000e+02,8.392933349609375000e+02,3.794999420642852783e-01,4.557792358398437500e+02,8.446477661132812500e+02,8.253221511840820312e-01,4.004497680664062500e+02,8.428629760742187500e+02,3.997015953063964844e-01,4.379310302734375000e+02,8.428629760742187500e+02,8.305665850639343262e-01,3.897408447265625000e+02,8.321540527343750000e+02,4.001525342464447021e-01,3.949555238448082264e+02,6.691047063468180340e+02,6.260393886091389959e+01,1.847406893000761556e+02,1.000000000000000000e+00
7.105600000000000000e+04,2.570000000000000000e+02,1.091700000000000000e+04,5.300000000000000000e+01,4.386648559570312500e+02,6.960449829101562500e+02,9.235418438911437988e-01,4.404751281738281250e+02,6.924244995117187500e+02,9.550913572311401367e-01,4.350443420410156250e+02,6.924244995117187500e+02,9.646525382995605469e-01,4.422853698730468750e+02,6.942347412109375000e+02,8.113674521446228027e-01,4.278033142089843750e+02,6.924244995117187500e+02,9.174576997756958008e-01,4.368545837402343750e+02,7.123373413085937500e+02,9.326454997062683105e-01,4.241828002929687500e+02,7.123373413085937500e+02,8.593771457672119141e-01,4.314238281250000000e+02,7.358706665039062500e+02,9.114654064178466797e-01,4.187520141601562500e+02,7.340604248046875000e+02,7.965154051780700684e-01,4.350443420410156250e+02,7.557835083007812500e+02,7.005318403244018555e-01,4.259930419921875000e+02,7.467322387695312500e+02,5.915944576263427734e-01,4.259930419921875000e+02,7.630245361328125000e+02,8.401867151260375977e-01,4.241828002929687500e+02,7.648348388671875000e+02,8.290343880653381348e-01,4.350443420410156250e+02,8.046605224609375000e+02,5.158261656761169434e-01,4.386648559570312500e+02,8.046605224609375000e+02,7.092806100845336914e-01,4.350443420410156250e+02,8.408656616210937500e+02,5.684602856636047363e-01,4.350443420410156250e+02,8.372451171875000000e+02,4.446406066417694092e-01,4.368545837402343750e+02,6.815629272460937500e+02,9.796963930130004883e-01,4.314238281250000000e+02,7.032860107421875000e+02,9.066867232322692871e-01,4.241828002929687500e+02,7.630245361328125000e+02,9.176421761512756348e-01,4.495263977050781250e+02,8.481066894531250000e+02,7.846348285675048828e-01,3.988391723632812500e+02,8.426759033203125000e+02,3.892489373683929443e-01,4.477161560058593750e+02,8.462964477539062500e+02,7.872724533081054688e-01,3.934083862304687500e+02,8.444862060546875000e+02,3.962368369102478027e-01,4.314238281250000000e+02,8.444862060546875000e+02,8.703420758247375488e-01,3.915981445312500000e+02,8.372451171875000000e+02,2.145720124244689941e-01,3.969803785720261544e+02,6.696299755099551021e+02,6.351477282969051430e+01,1.883897234498223270e+02,1.000000000000000000e+00
7.105700000000000000e+04,2.570000000000000000e+02,1.091900000000000000e+04,5.400000000000000000e+01,4.340971069335937500e+02,6.953765869140625000e+02,9.339966773986816406e-01,4.359729919433593750e+02,6.916248779296875000e+02,9.322249889373779297e-01,4.303453674316406250e+02,6.916248779296875000e+02,9.848266243934631348e-01,4.378488769531250000e+02,6.935007324218750000e+02,7.621099352836608887e-01,4.228418579101562500e+02,6.916248779296875000e+02,9.117463231086730957e-01,4.340971069335937500e+02,7.122595214843750000e+02,9.160326719284057617e-01,4.153383789062500000e+02,7.103836059570312500e+02,9.347818493843078613e-01,4.303453674316406250e+02,7.385217285156250000e+02,9.047188758850097656e-01,4.115866088867187500e+02,7.366458740234375000e+02,8.146417737007141113e-01,4.340971069335937500e+02,7.647839965820312500e+02,7.852748632431030273e-01,4.134624938964843750e+02,7.460252685546875000e+02,5.105765461921691895e-01,4.265936279296875000e+02,7.647839965820312500e+02,8.620730638504028320e-01,4.134624938964843750e+02,7.647839965820312500e+02,8.678760528564453125e-01,4.322212524414062500e+02,8.041773681640625000e+02,8.865540623664855957e-01,4.059589843750000000e+02,8.041773681640625000e+02,8.436998128890991211e-01,4.284694824218750000e+02,8.416948242187500000e+02,9.725397825241088867e-01,3.890761108398437500e+02,8.341913452148437500e+02,6.629579663276672363e-01,4.303453674316406250e+02,6.803696289062500000e+02,9.484985470771789551e-01,4.265936279296875000e+02,7.028801269531250000e+02,8.838756680488586426e-01,4.209660034179687500e+02,7.629080810546875000e+02,8.890396356582641602e-01,4.416006164550781250e+02,8.510742187500000000e+02,8.716911077499389648e-01,3.928278808593750000e+02,8.491983642578125000e+02,5.137602686882019043e-01,4.416006164550781250e+02,8.491983642578125000e+02,8.655701279640197754e-01,3.853243713378906250e+02,8.491983642578125000e+02,5.957668423652648926e-01,4.247177429199218750e+02,8.473225097656250000e+02,9.178354144096374512e-01,3.815726318359375000e+02,8.379431152343750000e+02,6.364945769309997559e-01,3.963680694835352938e+02,6.689320955371688342e+02,6.475568270120123771e+01,1.937569062680096295e+02,1.000000000000000000e+00
7.105800000000000000e+04,2.570000000000000000e+02,1.092000000000000000e+04,5.500000000000000000e+01,4.291857299804687500e+02,6.953211059570312500e+02,9.168510437011718750e-01,4.329606933593750000e+02,6.915461425781250000e+02,9.076781272888183594e-01,4.254107666015625000e+02,6.915461425781250000e+02,9.676116704940795898e-01,4.329606933593750000e+02,6.934335937500000000e+02,7.817079424858093262e-01,4.178608093261718750e+02,6.915461425781250000e+02,9.512340426445007324e-01,4.291857299804687500e+02,7.123084716796875000e+02,9.410623311996459961e-01,4.103108825683593750e+02,7.123084716796875000e+02,9.188581109046936035e-01,4.254107666015625000e+02,7.425081787109375000e+02,9.036845564842224121e-01,4.065359191894531250e+02,7.406206665039062500e+02,7.349044680595397949e-01,4.291857299804687500e+02,7.689329223632812500e+02,8.286240696907043457e-01,4.046484375000000000e+02,7.500581054687500000e+02,4.116815626621246338e-01,4.216357727050781250e+02,7.670454711914062500e+02,8.850657343864440918e-01,4.103108825683593750e+02,7.670454711914062500e+02,8.577339053153991699e-01,4.254107666015625000e+02,8.085700683593750000e+02,8.929005265235900879e-01,4.046484375000000000e+02,8.085700683593750000e+02,8.804166316986083984e-01,4.216357727050781250e+02,8.444322509765625000e+02,9.540286064147949219e-01,3.838861389160156250e+02,8.406572875976562500e+02,7.995181083679199219e-01,4.272982482910156250e+02,6.802212524414062500e+02,9.360172152519226074e-01,4.216357727050781250e+02,7.028710327148437500e+02,8.730688095092773438e-01,4.159733276367187500e+02,7.670454711914062500e+02,8.816958665847778320e-01,4.348481750488281250e+02,8.538696899414062500e+02,8.212894797325134277e-01,4.008734741210937500e+02,8.557571411132812500e+02,7.496502995491027832e-01,4.367356567382812500e+02,8.519821777343750000e+02,8.240008354187011719e-01,3.952110290527343750e+02,8.576446533203125000e+02,7.113953828811645508e-01,4.197482910156250000e+02,8.519821777343750000e+02,8.685666918754577637e-01,3.782236938476562500e+02,8.425447998046875000e+02,7.687032818794250488e-01,3.929167610952299583e+02,6.698695444807715376e+02,6.488994340003125672e+01,1.962119503572765780e+02,1.000000000000000000e+00
7.105900000000000000e+04,2.570000000000000000e+02,1.092000000000000000e+04,5.600000000000000000e+01,4.245156860351562500e+02,6.966359252929687500e+02,9.226664304733276367e-01,4.264000549316406250e+02,6.909827880859375000e+02,9.380451440811157227e-01,4.207469482421875000e+02,6.909827880859375000e+02,9.710631370544433594e-01,4.282844238281250000e+02,6.928671875000000000e+02,7.624179124832153320e-01,4.113250732421875000e+02,6.909827880859375000e+02,9.528301358222961426e-01,4.245156860351562500e+02,7.117108764648437500e+02,9.596187472343444824e-01,4.037875976562500000e+02,7.117108764648437500e+02,9.087619185447692871e-01,4.226313171386718750e+02,7.418607788085937500e+02,9.065404534339904785e-01,4.000188598632812500e+02,7.418607788085937500e+02,7.623999118804931641e-01,4.264000549316406250e+02,7.682420043945312500e+02,8.501157760620117188e-01,4.000188598632812500e+02,7.512826538085937500e+02,3.780246675014495850e-01,4.188625793457031250e+02,7.682420043945312500e+02,8.601460456848144531e-01,4.056719665527343750e+02,7.682420043945312500e+02,8.842107653617858887e-01,4.188625793457031250e+02,8.115825195312500000e+02,9.002280831336975098e-01,4.037875976562500000e+02,8.115825195312500000e+02,9.184784293174743652e-01,4.150938110351562500e+02,8.492698974609375000e+02,9.852983951568603516e-01,3.792908020019531250e+02,8.379636840820312500e+02,8.750687241554260254e-01,4.207469482421875000e+02,6.796765747070312500e+02,9.091791510581970215e-01,4.150938110351562500e+02,7.041734008789062500e+02,8.932645320892333984e-01,4.113250732421875000e+02,7.663576049804687500e+02,9.172954559326171875e-01,4.301687927246093750e+02,8.605761108398437500e+02,8.256000876426696777e-01,3.905970153808593750e+02,8.586917724609375000e+02,8.160077333450317383e-01,4.301687927246093750e+02,8.568073730468750000e+02,7.957089543342590332e-01,3.830595397949218750e+02,8.605761108398437500e+02,7.792817950248718262e-01,4.113250732421875000e+02,8.549230346679687500e+02,8.839538693428039551e-01,3.736376953125000000e+02,8.417324218750000000e+02,8.293727636337280273e-01,3.875187939880461272e+02,6.699732638153762991e+02,6.423731205306410175e+01,1.965676003735017048e+02,1.000000000000000000e+00
7.106000000000000000e+04,2.570000000000000000e+02,1.092000000000000000e+04,5.700000000000000000e+01,4.180954895019531250e+02,6.963449707031250000e+02,9.380759596824645996e-01,4.218706665039062500e+02,6.925697631835937500e+02,9.304727911949157715e-01,4.143202819824218750e+02,6.925697631835937500e+02,9.743360280990600586e-01,4.237582702636718750e+02,6.925697631835937500e+02,7.528898715972900391e-01,4.067698974609375000e+02,6.925697631835937500e+02,9.185811281204223633e-01,4.199830627441406250e+02,7.133333740234375000e+02,9.102323651313781738e-01,3.973319091796875000e+02,7.133333740234375000e+02,8.932200074195861816e-01,4.180954895019531250e+02,7.435349121093750000e+02,8.887655735015869141e-01,3.954443359375000000e+02,7.416472778320312500e+02,6.944713592529296875e-01,4.237582702636718750e+02,7.661860351562500000e+02,9.443980455398559570e-01,4.180954895019531250e+02,7.661860351562500000e+02,2.971352040767669678e-01,4.124326782226562500e+02,7.718488159179687500e+02,8.954911231994628906e-01,3.992195129394531250e+02,7.718488159179687500e+02,8.554587960243225098e-01,4.124326782226562500e+02,8.152635498046875000e+02,9.069676995277404785e-01,4.011071166992187500e+02,8.133759155273437500e+02,9.005500674247741699e-01,4.086575012207031250e+02,8.511278686523437500e+02,9.915113449096679688e-01,3.727931823730468750e+02,8.416898803710937500e+02,8.456678986549377441e-01,4.162078857421875000e+02,6.793566284179687500e+02,9.243298768997192383e-01,4.105451049804687500e+02,7.038953857421875000e+02,8.591732978820800781e-01,4.048822937011718750e+02,7.699612426757812500e+02,8.867175579071044922e-01,4.237582702636718750e+02,8.624534301757812500e+02,7.956597805023193359e-01,3.860063476562500000e+02,8.624534301757812500e+02,8.075723052024841309e-01,4.237582702636718750e+02,8.586782226562500000e+02,8.193165063858032227e-01,3.784559631347656250e+02,8.624534301757812500e+02,7.279462814331054688e-01,4.048822937011718750e+02,8.586782226562500000e+02,8.696833252906799316e-01,3.690179748535156250e+02,8.454650878906250000e+02,6.474634408950805664e-01,3.826424011677253247e+02,6.723537442843837653e+02,6.345634379968578287e+01,1.965865888264654586e+02,1.000000000000000000e+00
7.106100000000000000e+04,2.570000000000000000e+02,1.092000000000000000e+04,5.800000000000000000e+01,4.131571044921875000e+02,6.961194458007812500e+02,9.088647365570068359e-01,4.169382324218750000e+02,6.923383178710937500e+02,9.340630769729614258e-01,4.093760070800781250e+02,6.904477539062500000e+02,9.323638677597045898e-01,4.188287963867187500e+02,6.942288818359375000e+02,8.410009741783142090e-01,3.999232177734375000e+02,6.923383178710937500e+02,9.039450287818908691e-01,4.150476684570312500e+02,7.131344604492187500e+02,8.884630799293518066e-01,3.904704284667968750e+02,7.131344604492187500e+02,8.982034325599670410e-01,4.150476684570312500e+02,7.433833618164062500e+02,8.881469368934631348e-01,3.885798645019531250e+02,7.433833618164062500e+02,7.184389233589172363e-01,4.207193603515625000e+02,7.679606323242187500e+02,9.405887126922607422e-01,3.847987670898437500e+02,7.490550537109375000e+02,1.647961437702178955e-01,4.074854431152343750e+02,7.736322631835937500e+02,9.036990404129028320e-01,3.923609924316406250e+02,7.736322631835937500e+02,8.604568839073181152e-01,4.055948791503906250e+02,8.171151123046875000e+02,8.818733096122741699e-01,3.980326538085937500e+02,8.152245483398437500e+02,9.145172238349914551e-01,3.999232177734375000e+02,8.549262695312500000e+02,9.118694663047790527e-01,3.696742858886718750e+02,8.435829467773437500e+02,8.544670939445495605e-01,4.112665710449218750e+02,6.791044311523437500e+02,9.451304674148559570e-01,4.055948791503906250e+02,7.055722045898437500e+02,9.323850274085998535e-01,3.999232177734375000e+02,7.717417602539062500e+02,9.198989868164062500e-01,4.150476684570312500e+02,8.662695922851562500e+02,7.108252048492431641e-01,3.791270751953125000e+02,8.643790283203125000e+02,8.556570410728454590e-01,4.131571044921875000e+02,8.643790283203125000e+02,7.468826174736022949e-01,3.734554138183593750e+02,8.643790283203125000e+02,8.293572664260864258e-01,3.961420898437500000e+02,8.624885253906250000e+02,8.769285678863525391e-01,3.658931884765625000e+02,8.454734497070312500e+02,6.978646516799926758e-01,3.788958578107258290e+02,6.743967088589843115e+02,6.285296719574910185e+01,1.965215953845955710e+02,1.000000000000000000e+00
7.106200000000000000e+04,2.570000000000000000e+02,1.092100000000000000e+04,5.900000000000000000e+01,4.073576660156250000e+02,6.952960815429687500e+02,9.157122969627380371e-01,4.091976928710937500e+02,6.916160888671875000e+02,9.238311052322387695e-01,4.036776733398437500e+02,6.897760620117187500e+02,9.017311930656433105e-01,4.128776855468750000e+02,6.934560546875000000e+02,8.696737885475158691e-01,3.944776611328125000e+02,6.916160888671875000e+02,8.866378068923950195e-01,4.091976928710937500e+02,7.136961059570312500e+02,8.433160781860351562e-01,3.834376220703125000e+02,7.136961059570312500e+02,8.558041453361511230e-01,4.091976928710937500e+02,7.431361694335937500e+02,8.824148178100585938e-01,3.779176025390625000e+02,7.431361694335937500e+02,6.936490535736083984e-01,4.147176818847656250e+02,7.670562133789062500e+02,9.206852912902832031e-01,3.779176025390625000e+02,7.504962158203125000e+02,2.640981078147888184e-01,4.018376770019531250e+02,7.707362670898437500e+02,8.936844468116760254e-01,3.852776184082031250e+02,7.725762329101562500e+02,8.727759718894958496e-01,3.999976501464843750e+02,8.167363281250000000e+02,8.624752163887023926e-01,3.963176574707031250e+02,8.148963623046875000e+02,9.056605696678161621e-01,3.926376342773437500e+02,8.572164306640625000e+02,9.668799042701721191e-01,3.687175903320312500e+02,8.424963989257812500e+02,8.416505455970764160e-01,4.055176696777343750e+02,6.768960571289062500e+02,9.054327011108398438e-01,3.999976501464843750e+02,7.044960937500000000e+02,8.980329036712646484e-01,3.926376342773437500e+02,7.707362670898437500e+02,9.256573915481567383e-01,4.073576660156250000e+02,8.682564697265625000e+02,7.587574720382690430e-01,3.779176025390625000e+02,8.627364501953125000e+02,8.616528511047363281e-01,4.073576660156250000e+02,8.664164428710937500e+02,8.575866818428039551e-01,3.705575866699218750e+02,8.627364501953125000e+02,9.691179394721984863e-01,3.907976379394531250e+02,8.627364501953125000e+02,9.008275866508483887e-01,3.631975708007812500e+02,8.461763916015625000e+02,7.582044005393981934e-01,3.630003555640547575e+02,6.762391026860387910e+02,6.229332830971219437e+01,1.928566482679962064e+02,1.000000000000000000e+00
7.106300000000000000e+04,2.570000000000000000e+02,1.091700000000000000e+04,6.000000000000000000e+01,4.019633483886718750e+02,6.939135742187500000e+02,9.302288293838500977e-01,4.038657836914062500e+02,6.901087036132812500e+02,9.141588807106018066e-01,3.981584472656250000e+02,6.901087036132812500e+02,9.414879679679870605e-01,4.076706542968750000e+02,6.920111694335937500e+02,8.452526330947875977e-01,3.886462402343750000e+02,6.901087036132812500e+02,9.237907528877258301e-01,4.057682189941406250e+02,7.148404541015625000e+02,8.488863110542297363e-01,3.772315979003906250e+02,7.129379882812500000e+02,8.710749745368957520e-01,4.057682189941406250e+02,7.452795410156250000e+02,8.701202869415283203e-01,3.715242614746093750e+02,7.452795410156250000e+02,7.471532225608825684e-01,4.114755554199218750e+02,7.681088256835937500e+02,9.058209657669067383e-01,3.696218261718750000e+02,7.490844116210937500e+02,5.570550560951232910e-01,3.962560119628906250e+02,7.719136962890625000e+02,8.371458649635314941e-01,3.791340332031250000e+02,7.719136962890625000e+02,8.375175595283508301e-01,3.924511413574218750e+02,8.156698608398437500e+02,8.899775147438049316e-01,3.905486755371093750e+02,8.156698608398437500e+02,8.860117793083190918e-01,3.696218261718750000e+02,8.461089477539062500e+02,6.208257079124450684e-01,3.848413696289062500e+02,8.575235595703125000e+02,6.287469863891601562e-01,4.000608825683593750e+02,6.767916259765625000e+02,9.318294525146484375e-01,3.943535766601562500e+02,7.034257812500000000e+02,9.234549999237060547e-01,3.867438049316406250e+02,7.700112915039062500e+02,8.821986317634582520e-01,3.981584472656250000e+02,8.670357666015625000e+02,8.257402777671813965e-01,3.772315979003906250e+02,8.613284912109375000e+02,5.070309638977050781e-01,3.981584472656250000e+02,8.651333618164062500e+02,8.231816887855529785e-01,3.696218261718750000e+02,8.632308959960937500e+02,5.174211859703063965e-01,3.810364685058593750e+02,8.651333618164062500e+02,4.497756063938140869e-01,3.620120544433593750e+02,8.499138183593750000e+02,6.014896631240844727e-01,3.598710827596657396e+02,6.756514594451621178e+02,6.323620940135123192e+01,1.954566370083985021e+02,1.000000000000000000e+00
7.106400000000000000e+04,2.570000000000000000e+02,1.091700000000000000e+04,6.100000000000000000e+01,3.962214355468750000e+02,6.919169921875000000e+02,9.120096564292907715e-01,4.001145019531250000e+02,6.880239257812500000e+02,9.107030034065246582e-01,3.923283691406250000e+02,6.880239257812500000e+02,9.401193857192993164e-01,4.020610656738281250e+02,6.899704589843750000e+02,8.345867991447448730e-01,3.825957031250000000e+02,6.880239257812500000e+02,9.077963232994079590e-01,4.001145019531250000e+02,7.133289184570312500e+02,9.074485301971435547e-01,3.689699401855468750e+02,7.113823852539062500e+02,8.892046809196472168e-01,4.001145019531250000e+02,7.444734497070312500e+02,8.884824514389038086e-01,3.611838073730468750e+02,7.444734497070312500e+02,8.361809849739074707e-01,4.079006652832031250e+02,7.678319091796875000e+02,9.248085618019104004e-01,3.592372741699218750e+02,7.580992431640625000e+02,2.695811092853546143e-01,3.903818359375000000e+02,7.736715087890625000e+02,8.811290264129638672e-01,3.728630065917968750e+02,7.756180419921875000e+02,8.408970236778259277e-01,3.864887695312500000e+02,8.164953002929687500e+02,9.069573283195495605e-01,3.845422363281250000e+02,8.164953002929687500e+02,9.032869338989257812e-01,3.728630065917968750e+02,8.554260253906250000e+02,7.393342256546020508e-01,3.689699401855468750e+02,8.554260253906250000e+02,8.331180810928344727e-01,3.942749023437500000e+02,6.763447265625000000e+02,9.061095118522644043e-01,3.864887695312500000e+02,7.035962524414062500e+02,8.822665214538574219e-01,3.806491699218750000e+02,7.717249755859375000e+02,8.972460031509399414e-01,3.884353027343750000e+02,8.690517578125000000e+02,8.085438013076782227e-01,3.825957031250000000e+02,8.671052246093750000e+02,7.611749172210693359e-01,3.884353027343750000e+02,8.671052246093750000e+02,8.626728653907775879e-01,3.767560729980468750e+02,8.709982910156250000e+02,7.804465293884277344e-01,3.631303405761718750e+02,8.593190917968750000e+02,5.722748041152954102e-01,3.611838073730468750e+02,8.593190917968750000e+02,7.194964885711669922e-01,3.571506165558272414e+02,6.738465251835315257e+02,6.410655840684819395e+01,1.992745868054311131e+02,1.000000000000000000e+00
7.106500000000000000e+04,2.570000000000000000e+02,1.091700000000000000e+04,6.200000000000000000e+01,3.893533325195312500e+02,6.912844238281250000e+02,9.059644341468811035e-01,3.933631286621093750e+02,6.872746582031250000e+02,9.248442053794860840e-01,3.853435668945312500e+02,6.852697753906250000e+02,9.003484249114990234e-01,3.953680114746093750e+02,6.892795410156250000e+02,8.483388423919677734e-01,3.753191528320312500e+02,6.872746582031250000e+02,9.311954975128173828e-01,3.933631286621093750e+02,7.133381958007812500e+02,8.854052424430847168e-01,3.612849426269531250e+02,7.113333129882812500e+02,8.539375066757202148e-01,3.953680114746093750e+02,7.434114379882812500e+02,8.673236370086669922e-01,3.512605285644531250e+02,7.434114379882812500e+02,7.892276048660278320e-01,4.013826599121093750e+02,7.674700927734375000e+02,9.053445458412170410e-01,3.572751770019531250e+02,7.494261474609375000e+02,7.528707981109619141e-01,3.833386840820312500e+02,7.734847412109375000e+02,8.218812346458435059e-01,3.632898254394531250e+02,7.754896240234375000e+02,8.115252256393432617e-01,3.793289184570312500e+02,8.175922241210937500e+02,9.171761274337768555e-01,3.793289184570312500e+02,8.175922241210937500e+02,9.173170924186706543e-01,3.672995910644531250e+02,8.596948242187500000e+02,8.393115401268005371e-01,3.652947082519531250e+02,8.596948242187500000e+02,9.069728851318359375e-01,3.893533325195312500e+02,6.732404785156250000e+02,8.872603178024291992e-01,3.813338012695312500e+02,7.013088989257812500e+02,8.722632527351379395e-01,3.733142700195312500e+02,7.714798583984375000e+02,8.776084780693054199e-01,3.793289184570312500e+02,8.717241210937500000e+02,7.254969477653503418e-01,3.733142700195312500e+02,8.717241210937500000e+02,8.361064195632934570e-01,3.793289184570312500e+02,8.697192382812500000e+02,8.271158933639526367e-01,3.672995910644531250e+02,8.717241210937500000e+02,8.680726289749145508e-01,3.612849426269531250e+02,8.657094726562500000e+02,6.625105738639831543e-01,3.572751770019531250e+02,8.616997070312500000e+02,7.077664732933044434e-01,3.497031590976037023e+02,6.710738151524074055e+02,6.558870074096086000e+01,2.045044739414800006e+02,1.000000000000000000e+00
7.106600000000000000e+04,2.570000000000000000e+02,1.091700000000000000e+04,6.300000000000000000e+01,3.828764953613281250e+02,6.907639160156250000e+02,9.149546623229980469e-01,3.870094909667968750e+02,6.866309204101562500e+02,9.190963506698608398e-01,3.787435302734375000e+02,6.866309204101562500e+02,9.376036524772644043e-01,3.890759582519531250e+02,6.886974487304687500e+02,8.585810065269470215e-01,3.684111328125000000e+02,6.866309204101562500e+02,9.469186663627624512e-01,3.870094909667968750e+02,7.134952392578125000e+02,8.942672014236450195e-01,3.539457397460937500e+02,7.114287719726562500e+02,8.844441175460815430e-01,3.890759582519531250e+02,7.465589599609375000e+02,8.804543018341064453e-01,3.415468444824218750e+02,7.424260253906250000e+02,8.344443440437316895e-01,3.973418884277343750e+02,7.692902832031250000e+02,9.091861248016357422e-01,3.477462768554687500e+02,7.486254272460937500e+02,8.542165756225585938e-01,3.746105651855468750e+02,7.754897460937500000e+02,8.831543922424316406e-01,3.560122070312500000e+02,7.775562133789062500e+02,8.808807730674743652e-01,3.725440979003906250e+02,8.209523925781250000e+02,9.260883331298828125e-01,3.725440979003906250e+02,8.209523925781250000e+02,8.796430230140686035e-01,3.642781677246093750e+02,8.643485717773437500e+02,8.898099660873413086e-01,3.601451721191406250e+02,8.643485717773437500e+02,9.473932385444641113e-01,3.828764953613281250e+02,6.721655273437500000e+02,9.196037650108337402e-01,3.746105651855468750e+02,7.010963134765625000e+02,9.003320336341857910e-01,3.663446350097656250e+02,7.754897460937500000e+02,9.022495150566101074e-01,3.766770629882812500e+02,8.746809692382812500e+02,8.955243825912475586e-01,3.725440979003906250e+02,8.746809692382812500e+02,7.906703352928161621e-01,3.766770629882812500e+02,8.726145019531250000e+02,8.577423691749572754e-01,3.684111328125000000e+02,8.767474365234375000e+02,8.180893063545227051e-01,3.560122070312500000e+02,8.705479736328125000e+02,7.504884004592895508e-01,3.539457397460937500e+02,8.684815063476562500e+02,8.064795732498168945e-01,3.420170360991832013e+02,6.679136995464911024e+02,6.720746991063430187e+01,2.104855868988341854e+02,1.000000000000000000e+00
7.106700000000000000e+04,2.570000000000000000e+02,1.088700000000000000e+04,6.400000000000000000e+01,3.762825927734375000e+02,6.884788208007812500e+02,9.121602773666381836e-01,3.803862915039062500e+02,6.843751220703125000e+02,9.153743386268615723e-01,3.721788940429687500e+02,6.843751220703125000e+02,9.300197362899780273e-01,3.824381408691406250e+02,6.884788208007812500e+02,8.645153641700744629e-01,3.619196166992187500e+02,6.843751220703125000e+02,9.332914352416992188e-01,3.803862915039062500e+02,7.110491943359375000e+02,8.933191895484924316e-01,3.475566406250000000e+02,7.089973754882812500e+02,9.045636653900146484e-01,3.824381408691406250e+02,7.438788452148437500e+02,9.201977849006652832e-01,3.372973937988281250e+02,7.438788452148437500e+02,8.558095693588256836e-01,3.926974182128906250e+02,7.705529785156250000e+02,9.419943690299987793e-01,3.372973937988281250e+02,7.561900024414062500e+02,5.118566751480102539e-01,3.680751953125000000e+02,7.746566772460937500e+02,8.651208281517028809e-01,3.516603698730468750e+02,7.746566772460937500e+02,8.580372929573059082e-01,3.660233154296875000e+02,8.218493041992187500e+02,9.148769378662109375e-01,3.639714660644531250e+02,8.218493041992187500e+02,8.780246376991271973e-01,3.557640686035156250e+02,8.669900512695312500e+02,8.723260164260864258e-01,3.537122192382812500e+02,8.669900512695312500e+02,9.353468418121337891e-01,3.762825927734375000e+02,6.700121459960937500e+02,9.280195832252502441e-01,3.680751953125000000e+02,6.987380981445312500e+02,9.238988161087036133e-01,3.598677673339843750e+02,7.726047973632812500e+02,9.003934860229492188e-01,3.721788940429687500e+02,8.772493286132812500e+02,8.200575709342956543e-01,3.701270446777343750e+02,8.772493286132812500e+02,8.330726623535156250e-01,3.721788940429687500e+02,8.751974487304687500e+02,8.294803500175476074e-01,3.660233154296875000e+02,8.793011474609375000e+02,8.700250983238220215e-01,3.496084899902343750e+02,8.731456298828125000e+02,7.195885181427001953e-01,3.496084899902343750e+02,8.751974487304687500e+02,7.591041326522827148e-01,3.352003399223692668e+02,6.680006723953699748e+02,6.728029936143605028e+01,2.117000868522020482e+02,1.000000000000000000e+00
7.106800000000000000e+04,2.570000000000000000e+02,1.088700000000000000e+04,6.500000000000000000e+01,3.715216674804687500e+02,6.893970947265625000e+02,9.270980358123779297e-01,3.737251281738281250e+02,6.849901733398437500e+02,9.399788975715637207e-01,3.671147460937500000e+02,6.849901733398437500e+02,9.706612229347229004e-01,3.759285888671875000e+02,6.871936035156250000e+02,8.271964192390441895e-01,3.560974121093750000e+02,6.849901733398437500e+02,9.512811303138732910e-01,3.759285888671875000e+02,7.114317016601562500e+02,9.325219392776489258e-01,3.406731872558593750e+02,7.092282714843750000e+02,8.723811507225036621e-01,3.781320495605468750e+02,7.444836425781250000e+02,8.960488438606262207e-01,3.296558837890625000e+02,7.422801513671875000e+02,8.604964017868041992e-01,3.847424316406250000e+02,7.687217407226562500e+02,9.091072678565979004e-01,3.340628051757812500e+02,7.532974853515625000e+02,6.082267761230468750e-01,3.627078247070312500e+02,7.753320922851562500e+02,8.885230422019958496e-01,3.450801086425781250e+02,7.753320922851562500e+02,8.844597935676574707e-01,3.583008728027343750e+02,8.238082885742187500e+02,9.090086221694946289e-01,3.560974121093750000e+02,8.238082885742187500e+02,8.985580205917358398e-01,3.494870300292968750e+02,8.678775024414062500e+02,8.712936639785766602e-01,3.472835693359375000e+02,8.700809936523437500e+02,9.194670915603637695e-01,3.693182067871093750e+02,6.695659179687500000e+02,9.188136458396911621e-01,3.627078247070312500e+02,7.004144287109375000e+02,8.961480259895324707e-01,3.538939514160156250e+02,7.731286621093750000e+02,8.939592838287353516e-01,3.649112854003906250e+02,8.788948364257812500e+02,8.446128964424133301e-01,3.627078247070312500e+02,8.810982666015625000e+02,7.795433402061462402e-01,3.649112854003906250e+02,8.766913452148437500e+02,8.268107175827026367e-01,3.583008728027343750e+02,8.833017578125000000e+02,8.408655524253845215e-01,3.406731872558593750e+02,8.744879150390625000e+02,6.849468350410461426e-01,3.406731872558593750e+02,8.744879150390625000e+02,7.559283375740051270e-01,3.280806596180877932e+02,6.619791495697827486e+02,6.941951987096263110e+01,2.221053091110992455e+02,1.000000000000000000e+00
7.106900000000000000e+04,2.570000000000000000e+02,1.091100000000000000e+04,6.600000000000000000e+01,3.094461669921875000e+02,6.747545776367187500e+02,3.501142561435699463e-01,3.116158447265625000e+02,6.725848999023437500e+02,2.961418330669403076e-01,3.051068115234375000e+02,6.725848999023437500e+02,3.699277639389038086e-01,3.181249389648437500e+02,6.725848999023437500e+02,2.527258694171905518e-01,2.942583618164062500e+02,6.704151611328125000e+02,3.133069574832916260e-01,3.181249389648437500e+02,7.051301879882812500e+02,3.883491158485412598e-01,2.790705566406250000e+02,6.986211547851562500e+02,3.714400231838226318e-01,3.701974487304687500e+02,7.463542480468750000e+02,4.831965267658233643e-01,3.181249389648437500e+02,7.376755371093750000e+02,3.506796061992645264e-01,3.788761901855468750e+02,7.658814697265625000e+02,3.493388891220092773e-01,3.246339721679687500e+02,7.528633422851562500e+02,5.292456150054931641e-01,3.528399353027343750e+02,7.723905029296875000e+02,3.254492878913879395e-01,3.333127441406250000e+02,7.680511474609375000e+02,3.114164471626281738e-01,3.506702270507812500e+02,8.244630126953125000e+02,5.641744732856750488e-01,3.506702270507812500e+02,8.222933349609375000e+02,5.179758071899414062e-01,3.398218078613281250e+02,8.700264892578125000e+02,8.293250799179077148e-01,3.376520996093750000e+02,8.700264892578125000e+02,7.289060950279235840e-01,3.615186767578125000e+02,6.682454833984375000e+02,2.045990377664566040e-01,2.985977172851562500e+02,6.856030273437500000e+02,2.753675580024719238e-01,3.441611938476562500e+02,7.680511474609375000e+02,3.821473419666290283e-01,3.550096130371093750e+02,8.830446166992187500e+02,8.357623219490051270e-01,3.528399353027343750e+02,8.830446166992187500e+02,5.337495207786560059e-01,3.571793212890625000e+02,8.787052001953125000e+02,8.888854980468750000e-01,3.463308715820312500e+02,8.852142944335937500e+02,5.878408551216125488e-01,3.354824218750000000e+02,8.743658447265625000e+02,7.913931608200073242e-01,3.311430664062500000e+02,8.765355224609375000e+02,6.263788342475891113e-01,3.074918431482518599e+02,6.589605904900897713e+02,7.127241480989272304e+01,2.237662387803175079e+02,1.000000000000000000e+00
7.107000000000000000e+04,2.570000000000000000e+02,1.088700000000000000e+04,6.700000000000000000e+01,3.560753173828125000e+02,6.864525146484375000e+02,8.979275822639465332e-01,3.604606323242187500e+02,6.820671997070312500e+02,9.069442749023437500e-01,3.516900329589843750e+02,6.820671997070312500e+02,9.286652803421020508e-01,3.626532897949218750e+02,6.842598876953125000e+02,8.557347059249877930e-01,3.429194335937500000e+02,6.820671997070312500e+02,9.513694643974304199e-01,3.626532897949218750e+02,7.105716552734375000e+02,9.202886819839477539e-01,3.231855773925781250e+02,7.083790283203125000e+02,8.689467906951904297e-01,3.648459167480468750e+02,7.478467407226562500e+02,9.523752331733703613e-01,3.122223205566406250e+02,7.478467407226562500e+02,8.073363304138183594e-01,3.736165161132812500e+02,7.741585083007812500e+02,9.529065489768981934e-01,3.100296936035156250e+02,7.719658813476562500e+02,4.406345784664154053e-01,3.494973754882812500e+02,7.807364501953125000e+02,8.976457715034484863e-01,3.297635192871093750e+02,7.829291381835937500e+02,8.987547159194946289e-01,3.429194335937500000e+02,8.289747924804687500e+02,9.360436797142028809e-01,3.407267761230468750e+02,8.289747924804687500e+02,9.252437949180603027e-01,3.319561767578125000e+02,8.728277587890625000e+02,8.528656363487243652e-01,3.319561767578125000e+02,8.750203857421875000e+02,8.524114489555358887e-01,3.560753173828125000e+02,6.667186889648437500e+02,9.379110932350158691e-01,3.473047180175781250e+02,6.974157714843750000e+02,9.195873141288757324e-01,3.407267761230468750e+02,7.807364501953125000e+02,9.329419136047363281e-01,3.473047180175781250e+02,8.859836425781250000e+02,8.600681424140930176e-01,3.451120910644531250e+02,8.881763305664062500e+02,7.957006692886352539e-01,3.494973754882812500e+02,8.837910156250000000e+02,8.118900656700134277e-01,3.407267761230468750e+02,8.903689575195312500e+02,8.418571949005126953e-01,3.253782348632812500e+02,8.772130737304687500e+02,7.005745768547058105e-01,3.275708923339843750e+02,8.815983886718750000e+02,7.684435248374938965e-01,3.069592314002134685e+02,6.596055779596492812e+02,7.238013596928516336e+01,2.257461061064454952e+02,1.000000000000000000e+00
7.107100000000000000e+04,2.570000000000000000e+02,1.088700000000000000e+04,6.800000000000000000e+01,3.493248596191406250e+02,6.858079833984375000e+02,9.280801415443420410e-01,3.537330932617187500e+02,6.836038208007812500e+02,9.182344079017639160e-01,3.449166259765625000e+02,6.813997192382812500e+02,9.664520621299743652e-01,3.559371948242187500e+02,6.858079833984375000e+02,8.601425290107727051e-01,3.361001586914062500e+02,6.813997192382812500e+02,9.450643062591552734e-01,3.559371948242187500e+02,7.100532226562500000e+02,9.252685904502868652e-01,3.162630920410156250e+02,7.078491210937500000e+02,8.734592795372009277e-01,3.581413269042968750e+02,7.475232543945312500e+02,9.253811836242675781e-01,3.052425231933593750e+02,7.453190917968750000e+02,8.452734947204589844e-01,3.669577941894531250e+02,7.761767578125000000e+02,9.378213286399841309e-01,3.096507568359375000e+02,7.563397216796875000e+02,5.464394092559814453e-01,3.449166259765625000e+02,7.827891235351562500e+02,8.484298586845397949e-01,3.228754577636718750e+02,7.827891235351562500e+02,8.498851060867309570e-01,3.361001586914062500e+02,8.312796630859375000e+02,9.022526741027832031e-01,3.316919250488281250e+02,8.312796630859375000e+02,9.095641374588012695e-01,3.250795593261718750e+02,8.753619995117187500e+02,9.449046254158020020e-01,3.228754577636718750e+02,8.775661010742187500e+02,9.247488975524902344e-01,3.493248596191406250e+02,6.681750488281250000e+02,9.479988813400268555e-01,3.405083923339843750e+02,6.990326538085937500e+02,9.555172920227050781e-01,3.338960266113281250e+02,7.805849609375000000e+02,9.118248820304870605e-01,3.405083923339843750e+02,8.863825683593750000e+02,8.560537695884704590e-01,3.383042602539062500e+02,8.885867309570312500e+02,7.587770819664001465e-01,3.405083923339843750e+02,8.841784667968750000e+02,8.496100902557373047e-01,3.316919250488281250e+02,8.929949340820312500e+02,8.283476233482360840e-01,3.206713256835937500e+02,8.797702636718750000e+02,7.620257139205932617e-01,3.184672241210937500e+02,8.841784667968750000e+02,7.902762889862060547e-01,3.008418434206196252e+02,6.622662169131322116e+02,7.334796043277077615e+01,2.271224008253893771e+02,1.000000000000000000e+00
7.107200000000000000e+04,2.570000000000000000e+02,1.088700000000000000e+04,6.900000000000000000e+01,3.442381286621093750e+02,6.874456787109375000e+02,9.167016148567199707e-01,3.465821533203125000e+02,6.827576293945312500e+02,9.339907169342041016e-01,3.395501098632812500e+02,6.827576293945312500e+02,9.165407419204711914e-01,3.489261779785156250e+02,6.851016845703125000e+02,8.406492471694946289e-01,3.278300476074218750e+02,6.827576293945312500e+02,9.308322668075561523e-01,3.489261779785156250e+02,7.132297973632812500e+02,9.299187064170837402e-01,3.090779418945312500e+02,7.108858032226562500e+02,8.664130568504333496e-01,3.512701721191406250e+02,7.507340087890625000e+02,9.405831098556518555e-01,2.973578796386718750e+02,7.460460205078125000e+02,8.597331047058105469e-01,3.583022155761718750e+02,7.788621826171875000e+02,9.874000549316406250e-01,3.020458984375000000e+02,7.577660522460937500e+02,6.139919757843017578e-01,3.348620910644531250e+02,7.858942260742187500e+02,8.993824124336242676e-01,3.161099853515625000e+02,7.858942260742187500e+02,9.036039113998413086e-01,3.278300476074218750e+02,8.351185302734375000e+02,9.138799309730529785e-01,3.231420288085937500e+02,8.351185302734375000e+02,8.902531862258911133e-01,3.184540100097656250e+02,8.773107299804687500e+02,9.217219948768615723e-01,3.161099853515625000e+02,8.796547851562500000e+02,8.611153960227966309e-01,3.418941345214843750e+02,6.663495483398437500e+02,9.151715636253356934e-01,3.325180664062500000e+02,6.991657714843750000e+02,9.117615818977355957e-01,3.254860229492187500e+02,7.835502319335937500e+02,9.409907460212707520e-01,3.348620910644531250e+02,8.890308227539062500e+02,8.398342132568359375e-01,3.325180664062500000e+02,8.913748168945312500e+02,7.820547819137573242e-01,3.348620910644531250e+02,8.866868286132812500e+02,8.324064612388610840e-01,3.254860229492187500e+02,8.937188110351562500e+02,8.252367377281188965e-01,3.114219665527343750e+02,8.819987792968750000e+02,8.410294055938720703e-01,3.090779418945312500e+02,8.866868286132812500e+02,8.470124006271362305e-01,2.937995943556671818e+02,6.589530492266619603e+02,7.583360283427037984e+01,2.368223955826566680e+02,1.000000000000000000e+00
7.107300000000000000e+04,2.570000000000000000e+02,1.092200000000000000e+04,7.000000000000000000e+01,3.357658996582031250e+02,6.863392944335937500e+02,9.123326539993286133e-01,3.403955383300781250e+02,6.840244750976562500e+02,9.119444489479064941e-01,3.311362915039062500e+02,6.817097167968750000e+02,9.511268734931945801e-01,3.427103271484375000e+02,6.840244750976562500e+02,8.105589747428894043e-01,3.195622863769531250e+02,6.817097167968750000e+02,9.376235604286193848e-01,3.427103271484375000e+02,7.141169433593750000e+02,9.514139294624328613e-01,3.010438232421875000e+02,7.094873657226562500e+02,8.916962146759033203e-01,3.450251464843750000e+02,7.511538696289062500e+02,9.423823952674865723e-01,2.894698181152343750e+02,7.465242309570312500e+02,8.750455379486083984e-01,3.519695434570312500e+02,7.789315185546875000e+02,9.778401851654052734e-01,2.940994262695312500e+02,7.534686279296875000e+02,7.404789924621582031e-01,3.288215026855468750e+02,7.881907348632812500e+02,8.878203630447387695e-01,3.079882507324218750e+02,7.881907348632812500e+02,9.310705661773681641e-01,3.195622863769531250e+02,8.391164550781250000e+02,9.141922593116760254e-01,3.149326782226562500e+02,8.391164550781250000e+02,9.407379627227783203e-01,3.103030700683593750e+02,8.807829589843750000e+02,9.568827748298645020e-01,3.056734313964843750e+02,8.830977783203125000e+02,7.992063164710998535e-01,3.357658996582031250e+02,6.678208618164062500e+02,9.599291682243347168e-01,3.265066833496093750e+02,7.002281494140625000e+02,9.107001423835754395e-01,3.195622863769531250e+02,7.858759155273437500e+02,9.451702833175659180e-01,3.241918945312500000e+02,8.923569946289062500e+02,8.614442348480224609e-01,3.241918945312500000e+02,8.946717529296875000e+02,7.770159840583801270e-01,3.265066833496093750e+02,8.877273559570312500e+02,8.493009805679321289e-01,3.172474670410156250e+02,8.993013916015625000e+02,7.878134846687316895e-01,3.033586425781250000e+02,8.830977783203125000e+02,8.129984736442565918e-01,3.010438232421875000e+02,8.923569946289062500e+02,7.304302453994750977e-01,2.863921972601380048e+02,6.587263206377079996e+02,7.579208288227528101e+01,2.385118910693721546e+02,1.000000000000000000e+00
7.107400000000000000e+04,2.570000000000000000e+02,1.088700000000000000e+04,7.100000000000000000e+01,3.287909240722656250e+02,6.867960815429687500e+02,9.310585260391235352e-01,3.336124267578125000e+02,6.819745483398437500e+02,9.096221923828125000e-01,3.239694213867187500e+02,6.819745483398437500e+02,9.543240070343017578e-01,3.360231933593750000e+02,6.843853149414062500e+02,8.596233129501342773e-01,3.143264160156250000e+02,6.819745483398437500e+02,9.334591031074523926e-01,3.360231933593750000e+02,7.133143310546875000e+02,9.490751624107360840e-01,2.926296691894531250e+02,7.109035644531250000e+02,9.022706151008605957e-01,3.360231933593750000e+02,7.518863525390625000e+02,9.452698826789855957e-01,2.805758972167968750e+02,7.470648803710937500e+02,8.502087593078613281e-01,3.432554321289062500e+02,7.808153686523437500e+02,9.810582399368286133e-01,2.878081665039062500e+02,7.542971191406250000e+02,7.059534192085266113e-01,3.215586853027343750e+02,7.904583740234375000e+02,9.008711576461791992e-01,2.998619079589843750e+02,7.904583740234375000e+02,9.187492132186889648e-01,3.119156799316406250e+02,8.410841674804687500e+02,8.775366544723510742e-01,3.070941772460937500e+02,8.410841674804687500e+02,9.028568863868713379e-01,3.022726745605468750e+02,8.820669555664062500e+02,9.031090736389160156e-01,2.998619079589843750e+02,8.868884277343750000e+02,8.886803984642028809e-01,3.287909240722656250e+02,6.675100708007812500e+02,9.534110426902770996e-01,3.191479187011718750e+02,6.988498535156250000e+02,9.254846572875976562e-01,3.119156799316406250e+02,7.904583740234375000e+02,9.350273013114929199e-01,3.167371826171875000e+02,8.941206665039062500e+02,8.558810949325561523e-01,3.167371826171875000e+02,8.965314331054687500e+02,8.325617909431457520e-01,3.167371826171875000e+02,8.892991943359375000e+02,8.482866287231445312e-01,3.119156799316406250e+02,8.989421997070312500e+02,8.884524703025817871e-01,2.950404052734375000e+02,8.868884277343750000e+02,8.493793606758117676e-01,2.950404052734375000e+02,8.917099609375000000e+02,8.821102976799011230e-01,2.783526452225463004e+02,6.582563910591993590e+02,7.672246686318896991e+01,2.453585337527479169e+02,1.000000000000000000e+00
7.107500000000000000e+04,2.570000000000000000e+02,1.088700000000000000e+04,7.200000000000000000e+01,3.215623168945312500e+02,6.879756469726562500e+02,9.463403820991516113e-01,3.239133911132812500e+02,6.832735595703125000e+02,9.536418914794921875e-01,3.168601989746093750e+02,6.832735595703125000e+02,9.784752726554870605e-01,3.286155090332031250e+02,6.856245727539062500e+02,8.255779147148132324e-01,3.051048889160156250e+02,6.832735595703125000e+02,9.235563874244689941e-01,3.286155090332031250e+02,7.161884155273437500e+02,9.466024041175842285e-01,2.862963867187500000e+02,7.114862670898437500e+02,8.883332014083862305e-01,3.309665527343750000e+02,7.538053588867187500e+02,9.304046034812927246e-01,2.745410766601562500e+02,7.491032714843750000e+02,7.899520397186279297e-01,3.380197448730468750e+02,7.843692016601562500e+02,9.236957430839538574e-01,2.792432250976562500e+02,7.608585815429687500e+02,5.248683094978332520e-01,3.145091247558593750e+02,7.914223632812500000e+02,8.704219460487365723e-01,2.933495788574218750e+02,7.914223632812500000e+02,8.924133777618408203e-01,3.051048889160156250e+02,8.431456909179687500e+02,8.902977108955383301e-01,2.980516967773437500e+02,8.454967651367187500e+02,8.972687721252441406e-01,2.933495788574218750e+02,8.831137695312500000e+02,8.519731760025024414e-01,2.909985351562500000e+02,8.901669311523437500e+02,8.636978268623352051e-01,3.192112731933593750e+02,6.668161010742187500e+02,9.335896372795104980e-01,3.098070068359375000e+02,6.997309570312500000e+02,9.260966777801513672e-01,3.027538146972656250e+02,7.890712890625000000e+02,9.374974966049194336e-01,3.074559631347656250e+02,8.972201538085937500e+02,7.374377250671386719e-01,3.098070068359375000e+02,8.995711669921875000e+02,8.937262296676635742e-01,3.098070068359375000e+02,8.925180053710937500e+02,7.476276755332946777e-01,3.051048889160156250e+02,9.042733154296875000e+02,8.672021627426147461e-01,2.862963867187500000e+02,8.878159179687500000e+02,7.403758764266967773e-01,2.862963867187500000e+02,8.972201538085937500e+02,8.352116942405700684e-01,2.733379607165296648e+02,6.593164847815700114e+02,7.537623247146780159e+01,2.439363072187485386e+02,1.000000000000000000e+00
7.107600000000000000e+04,2.570000000000000000e+02,1.088700000000000000e+04,7.300000000000000000e+01,3.137329711914062500e+02,6.874246826171875000e+02,9.352062344551086426e-01,3.160732421875000000e+02,6.827440795898437500e+02,9.373520612716674805e-01,3.090523986816406250e+02,6.827440795898437500e+02,9.384116530418395996e-01,3.207538146972656250e+02,6.850843505859375000e+02,9.021722674369812012e-01,2.973510131835937500e+02,6.827440795898437500e+02,9.234194755554199219e-01,3.230940856933593750e+02,7.155079956054687500e+02,9.325272440910339355e-01,2.786287841796875000e+02,7.131677246093750000e+02,9.342089295387268066e-01,3.254343566894531250e+02,7.552927856445312500e+02,9.360909461975097656e-01,2.669273681640625000e+02,7.482719116210937500e+02,8.671548962593078613e-01,3.301149291992187500e+02,7.857164306640625000e+02,9.217494726181030273e-01,2.669273681640625000e+02,7.646538696289062500e+02,5.635509490966796875e-01,3.067121276855468750e+02,7.927372436523437500e+02,8.779057264328002930e-01,2.856496276855468750e+02,7.927372436523437500e+02,9.143477678298950195e-01,2.973510131835937500e+02,8.465637207031250000e+02,9.156107306480407715e-01,2.903301696777343750e+02,8.465637207031250000e+02,9.150310158729553223e-01,2.856496276855468750e+02,8.886887207031250000e+02,8.477188944816589355e-01,2.833093261718750000e+02,8.933692626953125000e+02,8.097957372665405273e-01,3.137329711914062500e+02,6.663621215820312500e+02,8.997434973716735840e-01,3.043718566894531250e+02,7.014663085937500000e+02,9.170216321945190430e-01,2.973510131835937500e+02,7.903969726562500000e+02,9.334411621093750000e-01,3.020315856933593750e+02,9.003901367187500000e+02,8.200104832649230957e-01,3.020315856933593750e+02,9.027304077148437500e+02,8.117609620094299316e-01,2.996912841796875000e+02,8.957095947265625000e+02,8.003935217857360840e-01,2.950107421875000000e+02,9.050706787109375000e+02,7.637970447540283203e-01,2.786287841796875000e+02,8.933692626953125000e+02,7.135472297668457031e-01,2.786287841796875000e+02,9.003901367187500000e+02,7.720785140991210938e-01,2.681021868628704965e+02,6.610277509093798471e+02,7.478727082206165733e+01,2.424617386083344854e+02,1.000000000000000000e+00
7.107700000000000000e+04,2.570000000000000000e+02,1.088700000000000000e+04,7.400000000000000000e+01,3.060173034667968750e+02,6.886788330078125000e+02,9.309399724006652832e-01,3.107764282226562500e+02,6.839197387695312500e+02,9.342498183250427246e-01,3.012581787109375000e+02,6.815401611328125000e+02,9.584717154502868652e-01,3.131559753417968750e+02,6.862992553710937500e+02,9.503235220909118652e-01,2.917399597167968750e+02,6.815401611328125000e+02,9.370464086532592773e-01,3.155355224609375000e+02,7.172335205078125000e+02,9.274542331695556641e-01,2.727034912109375000e+02,7.124744262695312500e+02,9.136183261871337891e-01,3.179151000976562500e+02,7.553064575195312500e+02,9.390274882316589355e-01,2.608057250976562500e+02,7.505473022460937500e+02,8.189956545829772949e-01,3.250537719726562500e+02,7.886202392578125000e+02,9.344898462295532227e-01,2.655648193359375000e+02,7.553064575195312500e+02,5.264734029769897461e-01,3.012581787109375000e+02,7.957589111328125000e+02,8.386198878288269043e-01,2.798421630859375000e+02,7.957589111328125000e+02,8.601629734039306641e-01,2.917399597167968750e+02,8.504887084960937500e+02,9.069146513938903809e-01,2.846012878417968750e+02,8.504887084960937500e+02,9.273166656494140625e-01,2.774626159667968750e+02,8.909412231445312500e+02,8.982770442962646484e-01,2.750830688476562500e+02,8.957003173828125000e+02,8.208106160163879395e-01,3.060173034667968750e+02,6.672628173828125000e+02,9.393336176872253418e-01,2.988786315917968750e+02,7.005765991210937500e+02,9.096867442131042480e-01,2.893604125976562500e+02,7.933793334960937500e+02,9.221547842025756836e-01,2.917399597167968750e+02,9.028389892578125000e+02,8.596380949020385742e-01,2.917399597167968750e+02,9.075980834960937500e+02,7.168896794319152832e-01,2.917399597167968750e+02,9.004594116210937500e+02,8.330429792404174805e-01,2.846012878417968750e+02,9.099776611328125000e+02,7.075207829475402832e-01,2.727034912109375000e+02,8.933207397460937500e+02,7.891889214515686035e-01,2.703239440917968750e+02,9.028389892578125000e+02,7.589677572250366211e-01,2.590855305680033780e+02,6.622610575866876843e+02,7.561409524092749734e+01,2.443835016830215636e+02,1.000000000000000000e+00
7.107800000000000000e+04,2.570000000000000000e+02,1.088700000000000000e+04,7.500000000000000000e+01,2.997354125976562500e+02,6.886640014648437500e+02,9.401448369026184082e-01,3.045301818847656250e+02,6.838692626953125000e+02,9.392480850219726562e-01,2.949406433105468750e+02,6.814718627929687500e+02,9.654010534286499023e-01,3.093249511718750000e+02,6.862666015625000000e+02,8.783927559852600098e-01,2.829537353515625000e+02,6.838692626953125000e+02,9.281712770462036133e-01,3.093249511718750000e+02,7.174326171875000000e+02,9.447069764137268066e-01,2.637746887207031250e+02,7.126378173828125000e+02,9.329516291618347168e-01,3.117223205566406250e+02,7.581881103515625000e+02,9.302361607551574707e-01,2.517877655029296875e+02,7.509959106445312500e+02,8.387122750282287598e-01,3.189144592285156250e+02,7.893540649414062500e+02,9.178853034973144531e-01,2.541851501464843750e+02,7.677775878906250000e+02,5.230013728141784668e-01,2.973380432128906250e+02,7.989436035156250000e+02,8.985629081726074219e-01,2.733641967773437500e+02,7.965462036132812500e+02,9.215035438537597656e-01,2.877485046386718750e+02,8.516859741210937500e+02,9.360290765762329102e-01,2.781589660644531250e+02,8.516859741210937500e+02,9.504370689392089844e-01,2.709668273925781250e+02,8.900441284179687500e+02,8.688619136810302734e-01,2.685694580078125000e+02,8.972362670898437500e+02,8.229036331176757812e-01,2.973380432128906250e+02,6.670875854492187500e+02,9.034049510955810547e-01,2.901458740234375000e+02,7.030482788085937500e+02,9.207728505134582520e-01,2.853511047363281250e+02,7.941488037109375000e+02,9.031184911727905273e-01,2.829537353515625000e+02,9.044284057617187500e+02,8.442709445953369141e-01,2.829537353515625000e+02,9.068257446289062500e+02,8.855958580970764160e-01,2.853511047363281250e+02,8.996336059570312500e+02,8.023377656936645508e-01,2.757615966796875000e+02,9.092231445312500000e+02,8.552461862564086914e-01,2.661720581054687500e+02,8.948388671875000000e+02,7.231836318969726562e-01,2.637746887207031250e+02,9.044284057617187500e+02,7.456617355346679688e-01,2.533235474127297380e+02,6.610502345245140532e+02,7.578997679719077496e+01,2.461984300668088963e+02,1.000000000000000000e+00
7.107900000000000000e+04,2.570000000000000000e+02,1.091700000000000000e+04,7.600000000000000000e+01,2.943591918945312500e+02,6.888190917968750000e+02,9.399960637092590332e-01,2.992171325683593750e+02,6.839611816406250000e+02,9.547013044357299805e-01,2.895012207031250000e+02,6.839611816406250000e+02,9.746496081352233887e-01,3.016460876464843750e+02,6.863901367187500000e+02,8.248786926269531250e-01,2.773563842773437500e+02,6.839611816406250000e+02,9.068753719329833984e-01,3.040750732421875000e+02,7.179667968750000000e+02,9.409084320068359375e-01,2.554956207275390625e+02,7.131088256835937500e+02,9.328682422637939453e-01,3.065040588378906250e+02,7.592593383789062500e+02,9.617640972137451172e-01,2.433507537841796875e+02,7.519724121093750000e+02,8.867256641387939453e-01,3.113619995117187500e+02,7.932649536132812500e+02,9.329152107238769531e-01,2.433507537841796875e+02,7.908359985351562500e+02,5.173239111900329590e-01,2.919302062988281250e+02,8.005518798828125000e+02,9.217105507850646973e-01,2.652115173339843750e+02,7.981229248046875000e+02,9.146028161048889160e-01,2.822143249511718750e+02,8.539892578125000000e+02,9.658647775650024414e-01,2.700694580078125000e+02,8.539892578125000000e+02,9.549214243888854980e-01,2.652115173339843750e+02,8.928528442382812500e+02,8.763051033020019531e-01,2.603535461425781250e+02,9.001397705078125000e+02,8.362624049186706543e-01,2.919302062988281250e+02,6.645294189453125000e+02,9.178484082221984863e-01,2.846432800292968750e+02,7.009639892578125000e+02,9.301397204399108887e-01,2.797853393554687500e+02,7.956939086914062500e+02,9.076389074325561523e-01,2.749273986816406250e+02,9.074266967773437500e+02,8.793364167213439941e-01,2.749273986816406250e+02,9.098556518554687500e+02,8.885778784751892090e-01,2.773563842773437500e+02,9.025687255859375000e+02,8.524481654167175293e-01,2.676404724121093750e+02,9.122846069335937500e+02,8.550387024879455566e-01,2.603535461425781250e+02,8.977108154296875000e+02,7.281205058097839355e-01,2.554956207275390625e+02,9.074266967773437500e+02,7.947381734848022461e-01,2.457119677534493007e+02,6.604602864830585531e+02,7.675599918038233227e+01,2.488923771381846564e+02,1.000000000000000000e+00
7.108000000000000000e+04,2.570000000000000000e+02,1.088700000000000000e+04,7.700000000000000000e+01,2.863514404296875000e+02,6.876948242187500000e+02,9.387731552124023438e-01,2.913757019042968750e+02,6.826705322265625000e+02,9.395620226860046387e-01,2.813271484375000000e+02,6.826705322265625000e+02,9.794287681579589844e-01,2.963999938964843750e+02,6.851826782226562500e+02,8.529855012893676758e-01,2.687664184570312500e+02,6.826705322265625000e+02,9.189155101776123047e-01,2.963999938964843750e+02,7.178405151367187500e+02,9.358344078063964844e-01,2.486692962646484375e+02,7.128162231445312500e+02,9.315096139907836914e-01,3.014242858886718750e+02,7.605469360351562500e+02,9.359945058822631836e-01,2.361085815429687500e+02,7.530104980468750000e+02,8.910492062568664551e-01,3.064485778808593750e+02,7.932047729492187500e+02,9.504600167274475098e-01,2.486692962646484375e+02,7.555226440429687500e+02,5.467008948326110840e-01,2.863514404296875000e+02,8.007412109375000000e+02,8.797256946563720703e-01,2.587178649902343750e+02,8.007412109375000000e+02,8.826769590377807617e-01,2.788150024414062500e+02,8.534962158203125000e+02,9.063493609428405762e-01,2.612300109863281250e+02,8.534962158203125000e+02,9.189368486404418945e-01,2.612300109863281250e+02,8.911783447265625000e+02,9.218681454658508301e-01,2.536935729980468750e+02,8.987147827148437500e+02,8.308696150779724121e-01,2.863514404296875000e+02,6.650855712890625000e+02,9.201428890228271484e-01,2.763028564453125000e+02,7.027677001953125000e+02,9.322774410247802734e-01,2.737907104492187500e+02,7.982290649414062500e+02,9.286899566650390625e-01,2.712785644531250000e+02,9.087633056640625000e+02,8.482877612113952637e-01,2.687664184570312500e+02,9.112754516601562500e+02,9.051234126091003418e-01,2.737907104492187500e+02,9.062512207031250000e+02,8.768163323402404785e-01,2.587178649902343750e+02,9.137875976562500000e+02,9.009835124015808105e-01,2.562057189941406250e+02,8.987147827148437500e+02,8.163072466850280762e-01,2.486692962646484375e+02,9.037390747070312500e+02,7.716169357299804688e-01,2.381145420444113938e+02,6.588834908206534919e+02,7.924844197321601769e+01,2.553721237058815632e+02,1.000000000000000000e+00
7.108100000000000000e+04,2.570000000000000000e+02,1.088700000000000000e+04,7.800000000000000000e+01,2.801636657714843750e+02,6.896016235351562500e+02,9.397443532943725586e-01,2.850881347656250000e+02,6.822149658203125000e+02,9.452947378158569336e-01,2.752392272949218750e+02,6.822149658203125000e+02,9.388815164566040039e-01,2.900125732421875000e+02,6.846771850585937500e+02,9.031445384025573730e-01,2.629281005859375000e+02,6.797527465820312500e+02,8.956180810928344727e-01,2.924747924804687500e+02,7.191483154296875000e+02,9.048846960067749023e-01,2.432303161621093750e+02,7.117616577148437500e+02,9.576067328453063965e-01,2.973992614746093750e+02,7.610061645507812500e+02,9.279357790946960449e-01,2.309191894531250000e+02,7.511572265625000000e+02,8.486524224281311035e-01,3.023236999511718750e+02,7.930150756835937500e+02,9.438391327857971191e-01,2.456925354003906250e+02,7.486950073242187500e+02,8.490810394287109375e-01,2.801636657714843750e+02,8.028639526367187500e+02,8.967239260673522949e-01,2.530792083740234375e+02,8.004017333984375000e+02,9.257391691207885742e-01,2.752392272949218750e+02,8.545706787109375000e+02,9.208682179450988770e-01,2.555414428710937500e+02,8.545706787109375000e+02,9.362305998802185059e-01,2.555414428710937500e+02,8.939662475585937500e+02,8.731338977813720703e-01,2.481547546386718750e+02,9.038151245117187500e+02,7.784589529037475586e-01,2.801636657714843750e+02,6.649793701171875000e+02,9.450437426567077637e-01,2.703147888183593750e+02,7.019127807617187500e+02,9.118706583976745605e-01,2.678525695800781250e+02,7.979395141601562500e+02,9.113500714302062988e-01,2.653903198242187500e+02,9.112018432617187500e+02,8.692530989646911621e-01,2.629281005859375000e+02,9.136640625000000000e+02,8.259131908416748047e-01,2.678525695800781250e+02,9.062774047851562500e+02,8.291435837745666504e-01,2.530792083740234375e+02,9.161262817382812500e+02,8.170176744461059570e-01,2.506169891357421875e+02,8.988906860351562500e+02,6.574296951293945312e-01,2.407680969238281250e+02,9.136640625000000000e+02,8.146041631698608398e-01,2.335338487364349760e+02,6.599102797114793475e+02,7.931725972709691064e+01,2.544448485033400402e+02,1.000000000000000000e+00
7.108200000000000000e+04,2.570000000000000000e+02,1.091700000000000000e+04,7.900000000000000000e+01,2.755830383300781250e+02,6.880822143554687500e+02,9.271749258041381836e-01,2.805720520019531250e+02,6.830932006835937500e+02,9.275155067443847656e-01,2.680995178222656250e+02,6.805986938476562500e+02,9.401983618736267090e-01,2.830665588378906250e+02,6.855877075195312500e+02,8.974577784538269043e-01,2.556269836425781250e+02,6.805986938476562500e+02,9.233061075210571289e-01,2.880555725097656250e+02,7.205108032226562500e+02,9.032537937164306641e-01,2.356709289550781250e+02,7.155217895507812500e+02,9.114990830421447754e-01,2.930445861816406250e+02,7.629174194335937500e+02,9.212011694908142090e-01,2.231983947753906250e+02,7.529393920898437500e+02,8.428316712379455566e-01,3.005281066894531250e+02,7.953460083007812500e+02,9.125357866287231445e-01,2.406599426269531250e+02,7.479503784179687500e+02,8.547034859657287598e-01,2.730885314941406250e+02,8.028295288085937500e+02,8.942886590957641602e-01,2.456489562988281250e+02,8.028295288085937500e+02,9.071016907691955566e-01,2.730885314941406250e+02,8.552141723632812500e+02,9.379125237464904785e-01,2.456489562988281250e+02,8.577086791992187500e+02,9.475315213203430176e-01,2.531324768066406250e+02,8.951262817382812500e+02,8.933653831481933594e-01,2.381654357910156250e+02,9.075988159179687500e+02,7.896841168403625488e-01,2.730885314941406250e+02,6.631371459960937500e+02,9.523180723190307617e-01,2.656050109863281250e+02,7.030492553710937500e+02,9.357877969741821289e-01,2.606159973144531250e+02,8.003350219726562500e+02,9.055687785148620605e-01,2.581214904785156250e+02,9.150823364257812500e+02,7.769273519515991211e-01,2.506379699707031250e+02,9.250603637695312500e+02,5.937197804450988770e-01,2.631105041503906250e+02,9.100933227539062500e+02,8.571504950523376465e-01,2.381654357910156250e+02,9.250603637695312500e+02,6.634925007820129395e-01,2.481434631347656250e+02,8.976207885742187500e+02,7.695336341857910156e-01,2.356709289550781250e+02,9.125878295898437500e+02,7.718297839164733887e-01,2.300632375797689235e+02,6.590962183741307854e+02,8.041233063736913778e+01,2.560981682932493868e+02,1.000000000000000000e+00
7.108300000000000000e+04,2.570000000000000000e+02,1.088700000000000000e+04,8.000000000000000000e+01,2.685382385253906250e+02,6.904915161132812500e+02,9.243568181991577148e-01,2.711228637695312500e+02,6.827376708984375000e+02,9.368535876274108887e-01,2.607843933105468750e+02,6.827376708984375000e+02,9.204654097557067871e-01,2.762920837402343750e+02,6.853223266601562500e+02,8.915693759918212891e-01,2.504459381103515625e+02,6.827376708984375000e+02,9.170153737068176270e-01,2.814613037109375000e+02,7.215068969726562500e+02,8.667310476303100586e-01,2.297690277099609375e+02,7.137530517578125000e+02,9.152764678001403809e-01,2.917997741699218750e+02,7.628607177734375000e+02,9.134666323661804199e-01,2.168459625244140625e+02,7.576914672851562500e+02,8.764055967330932617e-01,2.995535888671875000e+02,7.964606933593750000e+02,9.173989295959472656e-01,2.323536376953125000e+02,7.499376220703125000e+02,8.035649061203002930e-01,2.685382385253906250e+02,8.042145385742187500e+02,8.844159841537475586e-01,2.375228729248046875e+02,8.042145385742187500e+02,8.991061449050903320e-01,2.711228637695312500e+02,8.559067993164062500e+02,9.522623419761657715e-01,2.401074829101562500e+02,8.584914550781250000e+02,9.342005252838134766e-01,2.478613281250000000e+02,8.946760253906250000e+02,1.010776042938232422e+00,2.323536376953125000e+02,9.101837158203125000e+02,7.464138269424438477e-01,2.685382385253906250e+02,6.646453857421875000e+02,9.544457793235778809e-01,2.581997680664062500e+02,7.034146118164062500e+02,9.331389069557189941e-01,2.530305480957031250e+02,8.016299438476562500e+02,9.221401810646057129e-01,2.581997680664062500e+02,9.153529052734375000e+02,8.139035105705261230e-01,2.452767181396484375e+02,9.256914062500000000e+02,6.899950504302978516e-01,2.633690185546875000e+02,9.127683105468750000e+02,8.725713491439819336e-01,2.349382629394531250e+02,9.282760009765625000e+02,7.392525076866149902e-01,2.426920928955078125e+02,8.998452758789062500e+02,8.700201511383056641e-01,2.271844177246093750e+02,9.153529052734375000e+02,7.959880828857421875e-01,2.229274677596144443e+02,6.563090433660988765e+02,8.347789338751420019e+01,2.626573282656843276e+02,1.000000000000000000e+00
7.108400000000000000e+04,2.570000000000000000e+02,1.090900000000000000e+04,8.100000000000000000e+01,2.614861450195312500e+02,6.891533203125000000e+02,9.495922327041625977e-01,2.666950073242187500e+02,6.839444580078125000e+02,9.549719095230102539e-01,2.562772827148437500e+02,6.813399658203125000e+02,9.621807336807250977e-01,2.719038696289062500e+02,6.865488281250000000e+02,9.460066556930541992e-01,2.432551269531250000e+02,6.813399658203125000e+02,9.390902519226074219e-01,2.771127319335937500e+02,7.230108642578125000e+02,8.465058207511901855e-01,2.224196777343750000e+02,7.151976318359375000e+02,9.227208495140075684e-01,2.875304565429687500e+02,7.646817626953125000e+02,9.245491027832031250e-01,2.093975219726562500e+02,7.568685302734375000e+02,8.550292849540710449e-01,2.953437500000000000e+02,7.959349365234375000e+02,9.355956315994262695e-01,2.276285400390625000e+02,7.464508056640625000e+02,8.582320809364318848e-01,2.614861450195312500e+02,8.063526611328125000e+02,8.957324624061584473e-01,2.302329711914062500e+02,8.063526611328125000e+02,9.012692570686340332e-01,2.666950073242187500e+02,8.584412841796875000e+02,9.418205618858337402e-01,2.328374023437500000e+02,8.610457763671875000e+02,8.785483837127685547e-01,2.458595581054687500e+02,8.975078125000000000e+02,9.694467186927795410e-01,2.250241088867187500e+02,9.157387695312500000e+02,8.344812989234924316e-01,2.614861450195312500e+02,6.631090087890625000e+02,9.400171041488647461e-01,2.536728515625000000e+02,7.021754150390625000e+02,9.318382143974304199e-01,2.458595581054687500e+02,8.037482910156250000e+02,9.059184789657592773e-01,2.536728515625000000e+02,9.183432617187500000e+02,8.255065679550170898e-01,2.380462646484375000e+02,9.287609863281250000e+02,6.530678272247314453e-01,2.588817138671875000e+02,9.131343994140625000e+02,8.858650922775268555e-01,2.276285400390625000e+02,9.313653564453125000e+02,6.329172253608703613e-01,2.406506958007812500e+02,9.001121826171875000e+02,8.989073038101196289e-01,2.224196777343750000e+02,9.183432617187500000e+02,7.489730119705200195e-01,2.165871054239706268e+02,6.542186874748933860e+02,8.641254048885645034e+01,2.663875388390450780e+02,1.000000000000000000e+00
7.108500000000000000e+04,2.570000000000000000e+02,1.091700000000000000e+04,8.200000000000000000e+01,2.532355499267578125e+02,6.892704467773437500e+02,9.374608397483825684e-01,2.589655151367187500e+02,6.835404663085937500e+02,9.565237164497375488e-01,2.475055999755859375e+02,6.806754760742187500e+02,9.399058222770690918e-01,2.646954650878906250e+02,6.864054565429687500e+02,9.283509850502014160e-01,2.389106750488281250e+02,6.806754760742187500e+02,9.318462610244750977e-01,2.704254150390625000e+02,7.207851562500000000e+02,8.756363987922668457e-01,2.159908599853515625e+02,7.121902465820312500e+02,8.954099416732788086e-01,2.818853149414062500e+02,7.637598266601562500e+02,9.541168212890625000e-01,2.045309600830078125e+02,7.551648559570312500e+02,8.940184116363525391e-01,2.962102050781250000e+02,7.981395263671875000e+02,9.243487119674682617e-01,2.217208099365234375e+02,7.465699462890625000e+02,8.700187802314758301e-01,2.589655151367187500e+02,8.038694458007812500e+02,9.306501746177673340e-01,2.245858001708984375e+02,8.038694458007812500e+02,8.976578116416931152e-01,2.646954650878906250e+02,8.611690063476562500e+02,9.545968174934387207e-01,2.245858001708984375e+02,8.611690063476562500e+02,9.120678305625915527e-01,2.417756500244140625e+02,9.041436157226562500e+02,9.155703783035278320e-01,2.188558349609375000e+02,9.127385864257812500e+02,8.312731981277465820e-01,2.561005249023437500e+02,6.634856567382812500e+02,9.446739554405212402e-01,2.475055999755859375e+02,7.035952758789062500e+02,9.291245937347412109e-01,2.417756500244140625e+02,8.010045166015625000e+02,9.451581239700317383e-01,2.503705749511718750e+02,9.213334960937500000e+02,8.730185031890869141e-01,2.303157501220703125e+02,9.241984863281250000e+02,8.236769437789916992e-01,2.561005249023437500e+02,9.184685058593750000e+02,9.242805242538452148e-01,2.188558349609375000e+02,9.270634765625000000e+02,8.780444860458374023e-01,2.360457000732421875e+02,9.098735961914062500e+02,8.828161954879760742e-01,2.131258850097656250e+02,9.184685058593750000e+02,7.725414037704467773e-01,2.098129659968429905e+02,6.511913618064364755e+02,9.315775330829410450e+01,2.850570627599178124e+02,1.000000000000000000e+00
7.108600000000000000e+04,2.570000000000000000e+02,1.090900000000000000e+04,8.300000000000000000e+01,2.481737976074218750e+02,6.899359741210937500e+02,9.420310854911804199e-01,2.539908599853515625e+02,6.841189575195312500e+02,9.399410486221313477e-01,2.452652740478515625e+02,6.812103881835937500e+02,9.448010325431823730e-01,2.568993835449218750e+02,6.870274658203125000e+02,8.965991735458374023e-01,2.307226257324218750e+02,6.812103881835937500e+02,9.294883608818054199e-01,2.627164306640625000e+02,7.190213012695312500e+02,9.062411189079284668e-01,2.103629302978515625e+02,7.132042236328125000e+02,9.241745471954345703e-01,2.772590942382812500e+02,7.626492309570312500e+02,9.513032436370849609e-01,1.929117584228515625e+02,7.510150756835937500e+02,8.530626296997070312e-01,2.918017272949218750e+02,7.975515747070312500e+02,9.402464628219604492e-01,2.132714538574218750e+02,7.451980590820312500e+02,8.814964890480041504e-01,2.510823211669921875e+02,8.062771606445312500e+02,9.266018271446228027e-01,2.190885162353515625e+02,8.062771606445312500e+02,9.337729811668395996e-01,2.598079223632812500e+02,8.644476928710937500e+02,9.352308511734008789e-01,2.190885162353515625e+02,8.644476928710937500e+02,9.336287379264831543e-01,2.423567352294921875e+02,9.051671142578125000e+02,9.298575520515441895e-01,2.103629302978515625e+02,9.197097778320312500e+02,9.241316318511962891e-01,2.481737976074218750e+02,6.637592163085937500e+02,9.680483341217041016e-01,2.394482116699218750e+02,7.015701293945312500e+02,9.294215440750122070e-01,2.336311492919921875e+02,8.033685913085937500e+02,9.616623520851135254e-01,2.539908599853515625e+02,9.255267944335937500e+02,8.353790640830993652e-01,2.249055633544921875e+02,9.313438720703125000e+02,8.548727631568908691e-01,2.568993835449218750e+02,9.197097778320312500e+02,9.057335853576660156e-01,2.161799774169921875e+02,9.342523803710937500e+02,8.527696728706359863e-01,2.365396881103515625e+02,9.138927001953125000e+02,8.928276300430297852e-01,2.074543914794921875e+02,9.255267944335937500e+02,8.587026000022888184e-01,1.980351224082140504e+02,6.482490502223378144e+02,9.683745686904674699e+01,2.949255606065747770e+02,1.000000000000000000e+00
7.108700000000000000e+04,2.570000000000000000e+02,1.090900000000000000e+04,8.400000000000000000e+01,2.407427825927734375e+02,6.917048950195312500e+02,9.380764961242675781e-01,2.465684204101562500e+02,6.858792724609375000e+02,9.557188749313354492e-01,2.378299560546875000e+02,6.829664916992187500e+02,9.555773735046386719e-01,2.523940429687500000e+02,6.887921142578125000e+02,9.356055855751037598e-01,2.261786956787109375e+02,6.829664916992187500e+02,9.497617483139038086e-01,2.582196960449218750e+02,7.208330688476562500e+02,9.097622632980346680e-01,2.028761444091796875e+02,7.120946655273437500e+02,8.910947442054748535e-01,2.727837829589843750e+02,7.616125488281250000e+02,9.335485100746154785e-01,1.883120574951171875e+02,7.557869262695312500e+02,9.063853025436401367e-01,2.902606811523437500e+02,7.994791870117187500e+02,9.556156992912292480e-01,2.087017822265625000e+02,7.499613037109375000e+02,9.014050364494323730e-01,2.436555938720703125e+02,8.082176513671875000e+02,9.329267144203186035e-01,2.116146087646484375e+02,8.082176513671875000e+02,9.177142381668090820e-01,2.553068695068359375e+02,8.664739990234375000e+02,9.879387021064758301e-01,2.116146087646484375e+02,8.693867797851562500e+02,9.725713729858398438e-01,2.407427825927734375e+02,9.130790405273437500e+02,9.126956462860107422e-01,2.028761444091796875e+02,9.218175048828125000e+02,9.102927446365356445e-01,2.436555938720703125e+02,6.654895629882812500e+02,9.787170290946960449e-01,2.349171447753906250e+02,7.033562011718750000e+02,9.445623755455017090e-01,2.290915069580078125e+02,8.053048095703125000e+02,9.549553394317626953e-01,2.523940429687500000e+02,9.305559692382812500e+02,8.978611230850219727e-01,2.203530578613281250e+02,9.305559692382812500e+02,8.731766939163208008e-01,2.553068695068359375e+02,9.247303466796875000e+02,9.148268103599548340e-01,2.116146087646484375e+02,9.334688110351562500e+02,8.708412051200866699e-01,2.349171447753906250e+02,9.189047241210937500e+02,8.664444684982299805e-01,1.999633331298828125e+02,9.276431274414062500e+02,9.120302796363830566e-01,1.922905969914082505e+02,6.482078134323372751e+02,9.874358488992388061e+01,2.989597913638259570e+02,1.000000000000000000e+00
7.108800000000000000e+04,2.570000000000000000e+02,1.090900000000000000e+04,8.500000000000000000e+01,2.350228118896484375e+02,6.919280395507812500e+02,9.574914574623107910e-01,2.407412567138671875e+02,6.862095947265625000e+02,9.732072353363037109e-01,2.293043670654296875e+02,6.833503417968750000e+02,9.586695432662963867e-01,2.464597015380859375e+02,6.890687866210937500e+02,9.170208573341369629e-01,2.207267150878906250e+02,6.833503417968750000e+02,9.036396145820617676e-01,2.521781463623046875e+02,7.233794555664062500e+02,8.874812126159667969e-01,1.978529357910156250e+02,7.119425659179687500e+02,9.000349044799804688e-01,2.693334655761718750e+02,7.634085693359375000e+02,9.300029277801513672e-01,1.835568389892578125e+02,7.548308715820312500e+02,8.363747596740722656e-01,2.893480224609375000e+02,8.005784301757812500e+02,9.404007792472839355e-01,2.007121582031250000e+02,7.491124267578125000e+02,8.774779438972473145e-01,2.378820343017578125e+02,8.120153198242187500e+02,9.703830480575561523e-01,2.064306030273437500e+02,8.091560668945312500e+02,9.196987748146057129e-01,2.521781463623046875e+02,8.691997070312500000e+02,9.698111414909362793e-01,2.064306030273437500e+02,8.691997070312500000e+02,9.410117268562316895e-01,2.378820343017578125e+02,9.178064575195312500e+02,9.145509004592895508e-01,1.949937133789062500e+02,9.263841552734375000e+02,9.116472601890563965e-01,2.378820343017578125e+02,6.661950073242187500e+02,9.536342024803161621e-01,2.293043670654296875e+02,7.033648681640625000e+02,9.214559793472290039e-01,2.235859222412109375e+02,8.062968750000000000e+02,9.391468763351440430e-01,2.521781463623046875e+02,9.321026000976562500e+02,9.006630182266235352e-01,2.150082702636718750e+02,9.349617919921875000e+02,8.476052880287170410e-01,2.550373687744140625e+02,9.292433471679687500e+02,8.730861544609069824e-01,2.064306030273437500e+02,9.378210449218750000e+02,8.730637431144714355e-01,2.321635894775390625e+02,9.206657104492187500e+02,8.818715214729309082e-01,1.921344909667968750e+02,9.321026000976562500e+02,8.865755796432495117e-01,1.888249417303034363e+02,6.507353387556454436e+02,9.862180168006622694e+01,2.968082934841576161e+02,1.000000000000000000e+00
7.108900000000000000e+04,2.570000000000000000e+02,1.091700000000000000e+04,8.600000000000000000e+01,2.271379089355468750e+02,6.907470703125000000e+02,9.433150291442871094e-01,2.355908203125000000e+02,6.879294433593750000e+02,9.466242790222167969e-01,2.243202819824218750e+02,6.851118164062500000e+02,9.316940903663635254e-01,2.412260894775390625e+02,6.907470703125000000e+02,9.146223664283752441e-01,2.158673706054687500e+02,6.822941894531250000e+02,9.204462766647338867e-01,2.496790008544921875e+02,7.273763427734375000e+02,9.244163632392883301e-01,1.905086517333984375e+02,7.161058349609375000e+02,8.836941719055175781e-01,2.665848083496093750e+02,7.668232421875000000e+02,9.148786067962646484e-01,1.764204711914062500e+02,7.555527343750000000e+02,8.883504271507263184e-01,2.834906311035156250e+02,8.006348876953125000e+02,9.529779553413391113e-01,1.989615631103515625e+02,7.499174194335937500e+02,8.615911006927490234e-01,2.327731933593750000e+02,8.119054565429687500e+02,9.602133631706237793e-01,1.989615631103515625e+02,8.119054565429687500e+02,9.142243266105651855e-01,2.496790008544921875e+02,8.710758056640625000e+02,9.451590776443481445e-01,1.961439208984375000e+02,8.710758056640625000e+02,9.069097638130187988e-01,2.384084625244140625e+02,9.189755859375000000e+02,8.985599875450134277e-01,1.905086517333984375e+02,9.274285278320312500e+02,8.921111226081848145e-01,2.327731933593750000e+02,6.653883666992187500e+02,9.653535485267639160e-01,2.243202819824218750e+02,7.048352661132812500e+02,9.323017597198486328e-01,2.158673706054687500e+02,8.090878295898437500e+02,9.112318754196166992e-01,2.468613586425781250e+02,9.358814086914062500e+02,8.978659510612487793e-01,2.045968322753906250e+02,9.386990356445312500e+02,8.637179732322692871e-01,2.524966430664062500e+02,9.330637817382812500e+02,8.937491178512573242e-01,1.933262786865234375e+02,9.386990356445312500e+02,9.139466285705566406e-01,2.327731933593750000e+02,9.274285278320312500e+02,8.716059923171997070e-01,1.876910095214843750e+02,9.302461547851562500e+02,8.347622156143188477e-01,1.879342417889997137e+02,6.532070223202706529e+02,9.877678406174351267e+01,2.929807167680456814e+02,1.000000000000000000e+00
7.109000000000000000e+04,2.570000000000000000e+02,1.088700000000000000e+04,8.700000000000000000e+01,2.231074676513671875e+02,6.908882446289062500e+02,9.478355050086975098e-01,2.288753662109375000e+02,6.851203613281250000e+02,9.517490863800048828e-01,2.173395538330078125e+02,6.851203613281250000e+02,9.161119461059570312e-01,2.375272216796875000e+02,6.880043334960937500e+02,9.254786968231201172e-01,2.086876983642578125e+02,6.822363891601562500e+02,9.374463558197021484e-01,2.461790771484375000e+02,7.254956665039062500e+02,9.084682464599609375e-01,1.885000457763671875e+02,7.139598999023437500e+02,9.151887893676757812e-01,2.634827880859375000e+02,7.658710327148437500e+02,9.222265481948852539e-01,1.711963348388671875e+02,7.572191772460937500e+02,8.568355441093444824e-01,2.807864990234375000e+02,8.004784545898437500e+02,9.380265474319458008e-01,1.942679443359375000e+02,7.514512329101562500e+02,8.878943324089050293e-01,2.288753662109375000e+02,8.148981933593750000e+02,9.674991965293884277e-01,1.942679443359375000e+02,8.120142211914062500e+02,8.930175900459289551e-01,2.461790771484375000e+02,8.725772094726562500e+02,9.364588260650634766e-01,1.913839874267578125e+02,8.725772094726562500e+02,9.283971786499023438e-01,2.346432647705078125e+02,9.244883422851562500e+02,9.097853302955627441e-01,1.827321319580078125e+02,9.273723144531250000e+02,8.688095808029174805e-01,2.259914093017578125e+02,6.649326782226562500e+02,9.557489156723022461e-01,2.202235107421875000e+02,7.053080444335937500e+02,9.388638138771057129e-01,2.144556121826171875e+02,8.091303100585937500e+02,8.977788090705871582e-01,2.490630340576171875e+02,9.389081420898437500e+02,9.215413331985473633e-01,2.000358428955078125e+02,9.389081420898437500e+02,9.044630527496337891e-01,2.519469757080078125e+02,9.360241699218750000e+02,8.895999789237976074e-01,1.913839874267578125e+02,9.417920532226562500e+02,9.060479998588562012e-01,2.288753662109375000e+02,9.302562866210937500e+02,8.889266848564147949e-01,1.798481903076171875e+02,9.331401977539062500e+02,8.664511442184448242e-01,1.826712593430944764e+02,6.537285673451669936e+02,1.004383189352040233e+02,2.957834414752219345e+02,1.000000000000000000e+00
7.109100000000000000e+04,2.570000000000000000e+02,1.088700000000000000e+04,8.800000000000000000e+01,2.164841613769531250e+02,6.922423706054687500e+02,9.297738075256347656e-01,2.252601776123046875e+02,6.863916625976562500e+02,9.135861396789550781e-01,2.135588226318359375e+02,6.834663085937500000e+02,9.512709975242614746e-01,2.340361785888671875e+02,6.893170166015625000e+02,9.440565705299377441e-01,2.047828063964843750e+02,6.834663085937500000e+02,9.156819581985473633e-01,2.398868560791015625e+02,7.244210815429687500e+02,9.164023995399475098e-01,1.843054504394531250e+02,7.156450195312500000e+02,8.982759714126586914e-01,2.574388732910156250e+02,7.653757934570312500e+02,9.132611751556396484e-01,1.667534179687500000e+02,7.565997924804687500e+02,8.623912334442138672e-01,2.749909057617187500e+02,8.004798583984375000e+02,9.123549461364746094e-01,1.930814666748046875e+02,7.507490844726562500e+02,8.812915682792663574e-01,2.252601776123046875e+02,8.121812133789062500e+02,9.326517581939697266e-01,1.901561279296875000e+02,8.121812133789062500e+02,8.986157774925231934e-01,2.428121948242187500e+02,8.736132812500000000e+02,9.580137133598327637e-01,1.872307891845703125e+02,8.736132812500000000e+02,8.817073106765747070e-01,2.340361785888671875e+02,9.262693481445312500e+02,9.053394794464111328e-01,1.784547729492187500e+02,9.291947021484375000e+02,8.884925246238708496e-01,2.223348388671875000e+02,6.659143066406250000e+02,9.338499307632446289e-01,2.164841613769531250e+02,7.039437255859375000e+02,9.465451836585998535e-01,2.077081451416015625e+02,8.092558593750000000e+02,9.009591341018676758e-01,2.457375335693359375e+02,9.438213500976562500e+02,9.069226384162902832e-01,1.960068054199218750e+02,9.408960571289062500e+02,9.144686460494995117e-01,2.486628723144531250e+02,9.379707031250000000e+02,8.741491436958312988e-01,1.843054504394531250e+02,9.438213500976562500e+02,9.400048255920410156e-01,2.281855163574218750e+02,9.321199951171875000e+02,8.684386610984802246e-01,1.755294342041015625e+02,9.350453491210937500e+02,8.056237101554870605e-01,1.798039289364871536e+02,6.525734324411810121e+02,1.023031653373193137e+02,2.994953280453895559e+02,1.000000000000000000e+00
7.109200000000000000e+04,2.570000000000000000e+02,1.088700000000000000e+04,8.900000000000000000e+01,2.138612060546875000e+02,6.927243041992187500e+02,9.555405378341674805e-01,2.227386169433593750e+02,6.868060302734375000e+02,9.507732987403869629e-01,2.109020538330078125e+02,6.838468627929687500e+02,9.638204574584960938e-01,2.316160583496093750e+02,6.897651977539062500e+02,9.378277063369750977e-01,2.020246276855468750e+02,6.838468627929687500e+02,9.561720490455627441e-01,2.375343322753906250e+02,7.252749023437500000e+02,9.232563972473144531e-01,1.783515014648437500e+02,7.163974609375000000e+02,9.191616773605346680e-01,2.523300476074218750e+02,7.667028808593750000e+02,9.201180934906005859e-01,1.635557861328125000e+02,7.578254394531250000e+02,8.891354799270629883e-01,2.700848999023437500e+02,8.022125854492187500e+02,9.228812456130981445e-01,1.872289123535156250e+02,7.519071655273437500e+02,8.778637051582336426e-01,2.227386169433593750e+02,8.140491333007812500e+02,9.487635493278503418e-01,1.872289123535156250e+02,8.140491333007812500e+02,8.897414803504943848e-01,2.404934692382812500e+02,8.732319946289062500e+02,9.465424418449401855e-01,1.842697753906250000e+02,8.761911010742187500e+02,9.031876921653747559e-01,2.345751953125000000e+02,9.294556884765625000e+02,9.414706230163574219e-01,1.724332122802734375e+02,9.294556884765625000e+02,8.936614990234375000e-01,2.197794799804687500e+02,6.660920410156250000e+02,9.456059336662292480e-01,2.109020538330078125e+02,7.075200195312500000e+02,9.240338802337646484e-01,2.049837646484375000e+02,8.110899658203125000e+02,8.931016325950622559e-01,2.464117584228515625e+02,9.442514038085937500e+02,9.182197451591491699e-01,1.901880645751953125e+02,9.442514038085937500e+02,9.007960557937622070e-01,2.493709106445312500e+02,9.412922363281250000e+02,8.845711350440979004e-01,1.783515014648437500e+02,9.442514038085937500e+02,9.265407919883728027e-01,2.256977691650390625e+02,9.383331298828125000e+02,8.877895474433898926e-01,1.694740600585937500e+02,9.324147949218750000e+02,7.869377732276916504e-01,1.754163039834915594e+02,6.521565944951402116e+02,1.029080254159327410e+02,3.030480861136194335e+02,1.000000000000000000e+00
7.109300000000000000e+04,2.570000000000000000e+02,1.088700000000000000e+04,9.000000000000000000e+01,2.096871643066406250e+02,6.922564086914062500e+02,9.566259384155273438e-01,2.187851257324218750e+02,6.892237548828125000e+02,9.562367796897888184e-01,2.066545104980468750e+02,6.861911010742187500e+02,9.469365477561950684e-01,2.278830871582031250e+02,6.892237548828125000e+02,9.231845736503601074e-01,1.975565643310546875e+02,6.831584472656250000e+02,9.316262006759643555e-01,2.369810485839843750e+02,7.256156005859375000e+02,9.357696175575256348e-01,1.763279876708984375e+02,7.165176391601562500e+02,8.785300254821777344e-01,2.521443023681640625e+02,7.680727539062500000e+02,8.901827931404113770e-01,1.611647338867187500e+02,7.589747924804687500e+02,8.142892122268676758e-01,2.642749023437500000e+02,8.044645996093750000e+02,9.337548017501831055e-01,1.854259490966796875e+02,7.559421386718750000e+02,8.803796172142028809e-01,2.187851257324218750e+02,8.135625000000000000e+02,8.980356454849243164e-01,1.854259490966796875e+02,8.135625000000000000e+02,8.832393288612365723e-01,2.400137023925781250e+02,8.742155761718750000e+02,9.728474617004394531e-01,1.793606414794921875e+02,8.772482299804687500e+02,8.978564143180847168e-01,2.309157409667968750e+02,9.318359985351562500e+02,9.227654337882995605e-01,1.672300415039062500e+02,9.288033447265625000e+02,6.789851188659667969e-01,2.157524719238281250e+02,6.649625244140625000e+02,9.607321619987487793e-01,2.096871643066406250e+02,7.074196777343750000e+02,9.474070072174072266e-01,2.005892181396484375e+02,8.105298461914062500e+02,9.270790219306945801e-01,2.491116485595703125e+02,9.500319213867187500e+02,8.932011127471923828e-01,1.793606414794921875e+02,9.469992675781250000e+02,8.674771785736083984e-01,2.491116485595703125e+02,9.469992675781250000e+02,8.662500381469726562e-01,1.702626800537109375e+02,9.469992675781250000e+02,8.646816611289978027e-01,2.248504333496093750e+02,9.379013061523437500e+02,9.218217730522155762e-01,1.672300415039062500e+02,9.318359985351562500e+02,5.656501650810241699e-01,1.708509264242409813e+02,6.530272653457050183e+02,1.042242174247450635e+02,3.091867795318640901e+02,1.000000000000000000e+00
7.109400000000000000e+04,2.570000000000000000e+02,1.092400000000000000e+04,9.100000000000000000e+01,2.057719879150390625e+02,6.955902099609375000e+02,9.634096622467041016e-01,2.147598571777343750e+02,6.895983276367187500e+02,9.577717781066894531e-01,2.027760314941406250e+02,6.866023559570312500e+02,9.471150040626525879e-01,2.237477111816406250e+02,6.895983276367187500e+02,9.529537558555603027e-01,1.967841339111328125e+02,6.836063842773437500e+02,9.290338754653930664e-01,2.327355804443359375e+02,7.255497436523437500e+02,9.153905510902404785e-01,1.728164978027343750e+02,7.165618896484375000e+02,8.815250396728515625e-01,2.477153472900390625e+02,7.704890747070312500e+02,9.050104022026062012e-01,1.548407745361328125e+02,7.555092773437500000e+02,8.679190278053283691e-01,2.596991577148437500e+02,8.064404907226562500e+02,9.335998892784118652e-01,1.818043670654296875e+02,7.585052490234375000e+02,8.987793326377868652e-01,2.147598571777343750e+02,8.184243164062500000e+02,9.043074250221252441e-01,1.788084106445312500e+02,8.154283447265625000e+02,8.557497262954711914e-01,2.387274780273437500e+02,8.753474121093750000e+02,9.386247992515563965e-01,1.698205413818359375e+02,8.783433837890625000e+02,9.267985224723815918e-01,2.327355804443359375e+02,9.352665405273437500e+02,9.651700854301452637e-01,1.518448181152343750e+02,9.292745971679687500e+02,7.874751091003417969e-01,2.147598571777343750e+02,6.656306762695312500e+02,9.534442424774169922e-01,2.057719879150390625e+02,7.075740356445312500e+02,9.463152885437011719e-01,1.967841339111328125e+02,8.124324340820312500e+02,9.121869206428527832e-01,2.477153472900390625e+02,9.502462768554687500e+02,8.480914831161499023e-01,1.758124542236328125e+02,9.502462768554687500e+02,8.843921422958374023e-01,2.507113037109375000e+02,9.472503051757812500e+02,8.819584846496582031e-01,1.668245849609375000e+02,9.502462768554687500e+02,8.549624681472778320e-01,2.237477111816406250e+02,9.412584228515625000e+02,9.043864607810974121e-01,1.428569641113281250e+02,9.322705688476562500e+02,7.117072343826293945e-01,1.672294676662276061e+02,6.538977815010792938e+02,1.034728064749202190e+02,3.089841143096419955e+02,1.000000000000000000e+00
7.109500000000000000e+04,2.570000000000000000e+02,1.092400000000000000e+04,9.200000000000000000e+01,2.069229583740234375e+02,6.946334228515625000e+02,9.490075111389160156e-01,2.157241821289062500e+02,6.887659912109375000e+02,9.590616822242736816e-01,2.010554809570312500e+02,6.858322143554687500e+02,9.828608632087707520e-01,2.245253906250000000e+02,6.916997070312500000e+02,9.023266434669494629e-01,1.922542572021484375e+02,6.858322143554687500e+02,9.266129732131958008e-01,2.303928833007812500e+02,7.298383178710937500e+02,9.283673763275146484e-01,1.717180786132812500e+02,7.181033935546875000e+02,9.049280881881713867e-01,2.450615692138671875e+02,7.767781372070312500e+02,9.163990020751953125e-01,1.541156311035156250e+02,7.591757202148437500e+02,9.100753664970397949e-01,2.567965393066406250e+02,8.119830322265625000e+02,9.538675546646118164e-01,1.834530334472656250e+02,7.591757202148437500e+02,8.395706415176391602e-01,2.127904357910156250e+02,8.207842407226562500e+02,9.191023707389831543e-01,1.746518096923828125e+02,8.178505249023437500e+02,8.700045943260192871e-01,2.391940917968750000e+02,8.794590454101562500e+02,9.365667700767517090e-01,1.717180786132812500e+02,8.794590454101562500e+02,8.892735838890075684e-01,2.303928833007812500e+02,9.352001342773437500e+02,9.608901143074035645e-01,1.570493774414062500e+02,9.322663574218750000e+02,8.658071756362915039e-01,2.127904357910156250e+02,6.682297973632812500e+02,9.480953216552734375e-01,2.039892120361328125e+02,7.093021240234375000e+02,9.311965107917785645e-01,1.951880035400390625e+02,8.178505249023437500e+02,8.700115084648132324e-01,2.450615692138671875e+02,9.498688354492187500e+02,8.497170805931091309e-01,1.717180786132812500e+02,9.528025512695312500e+02,8.624562621116638184e-01,2.479953155517578125e+02,9.469350585937500000e+02,8.967769145965576172e-01,1.629168548583984375e+02,9.498688354492187500e+02,7.615981698036193848e-01,2.245253906250000000e+02,9.410676269531250000e+02,9.031037688255310059e-01,1.511819000244140625e+02,9.381338500976562500e+02,7.843434214591979980e-01,1.674654019673441212e+02,6.580158610157919838e+02,1.014143651079444339e+02,3.045805382010761377e+02,1.000000000000000000e+00
7.109600000000000000e+04,2.570000000000000000e+02,1.088700000000000000e+04,9.300000000000000000e+01,2.045204162597656250e+02,6.947596435546875000e+02,9.592881202697753906e-01,2.131411743164062500e+02,6.890124511718750000e+02,9.663487672805786133e-01,2.016468505859375000e+02,6.890124511718750000e+02,9.478613734245300293e-01,2.246354980468750000e+02,6.918860473632812500e+02,9.365084171295166016e-01,1.930260925292968750e+02,6.890124511718750000e+02,8.879510760307312012e-01,2.303826599121093750e+02,7.292426147460937500e+02,8.936803340911865234e-01,1.729110412597656250e+02,7.206218261718750000e+02,8.790238499641418457e-01,2.447505493164062500e+02,7.752199096679687500e+02,9.342550635337829590e-01,1.556695556640625000e+02,7.637255859375000000e+02,8.557009696960449219e-01,2.533713073730468750e+02,8.125764160156250000e+02,9.229426383972167969e-01,1.844053649902343750e+02,7.637255859375000000e+02,8.167077302932739258e-01,2.102675781250000000e+02,8.211972045898437500e+02,8.705158233642578125e-01,1.729110412597656250e+02,8.211972045898437500e+02,8.666142225265502930e-01,2.361298217773437500e+02,8.786688232421875000e+02,9.594790339469909668e-01,1.757846069335937500e+02,8.757952270507812500e+02,8.318815827369689941e-01,2.303826599121093750e+02,9.390139770507812500e+02,8.908699750900268555e-01,1.642902832031250000e+02,9.390139770507812500e+02,8.116814494132995605e-01,2.102675781250000000e+02,6.660238037109375000e+02,9.466685652732849121e-01,2.045204162597656250e+02,7.120010986328125000e+02,9.235826730728149414e-01,1.901525268554687500e+02,8.183236083984375000e+02,8.708109855651855469e-01,2.476241455078125000e+02,9.533818969726562500e+02,8.081458806991577148e-01,1.757846069335937500e+02,9.562554931640625000e+02,8.269823193550109863e-01,2.504977111816406250e+02,9.505083007812500000e+02,8.612056970596313477e-01,1.671638793945312500e+02,9.533818969726562500e+02,7.243578433990478516e-01,2.246354980468750000e+02,9.447611694335937500e+02,8.769494891166687012e-01,1.642902832031250000e+02,9.418875732421875000e+02,6.876113414764404297e-01,1.706506102349927403e+02,6.620440460357597203e+02,9.886264816697726587e+01,2.986874682845832467e+02,1.000000000000000000e+00
7.109700000000000000e+04,2.570000000000000000e+02,1.090900000000000000e+04,1.020000000000000000e+02,2.594158325195312500e+02,7.093222656250000000e+02,9.219365715980529785e-01,2.657584838867187500e+02,7.029795532226562500e+02,9.325746297836303711e-01,2.530731658935546875e+02,7.029795532226562500e+02,9.544327259063720703e-01,2.657584838867187500e+02,7.029795532226562500e+02,6.461865901947021484e-01,2.340451812744140625e+02,6.998082275390625000e+02,9.043713212013244629e-01,2.657584838867187500e+02,7.378642578125000000e+02,9.015772938728332520e-01,2.150171813964843750e+02,7.251788940429687500e+02,8.569149374961853027e-01,2.752724914550781250e+02,7.822628784179687500e+02,9.132062196731567383e-01,1.991605224609375000e+02,7.695775756835937500e+02,7.623836398124694824e-01,2.847864990234375000e+02,8.203188476562500000e+02,9.392992258071899414e-01,2.245311737060546875e+02,7.537208862304687500e+02,8.728673458099365234e-01,2.372165069580078125e+02,8.298328857421875000e+02,8.263375163078308105e-01,2.086745147705078125e+02,8.330042114257812500e+02,7.731952667236328125e-01,2.340451812744140625e+02,9.027734985351562500e+02,8.727871775627136230e-01,2.150171813964843750e+02,9.027734985351562500e+02,7.571026086807250977e-01,2.118458557128906250e+02,9.630288085937500000e+02,9.058211445808410645e-01,1.706185302734375000e+02,9.471721191406250000e+02,7.862126231193542480e-01,2.562445068359375000e+02,6.744375610351562500e+02,9.226158261299133301e-01,2.435591735839843750e+02,7.188362426757812500e+02,8.631050586700439453e-01,2.245311737060546875e+02,8.266614990234375000e+02,8.744978904724121094e-01,2.245311737060546875e+02,9.883994750976562500e+02,7.500264644622802734e-01,1.706185302734375000e+02,9.725427856445312500e+02,7.149768471717834473e-01,2.308738403320312500e+02,9.820568237304687500e+02,8.207221031188964844e-01,1.642758636474609375e+02,9.693714599609375000e+02,7.845775485038757324e-01,2.055031890869140625e+02,9.725427856445312500e+02,7.997265458106994629e-01,1.674472045898437500e+02,9.503435058593750000e+02,7.342314720153808594e-01,1.938667355585840824e+02,6.673599200097874018e+02,1.027303630411967106e+02,3.225166304949918867e+02,0.000000000000000000e+00
7.109800000000000000e+04,2.570000000000000000e+02,1.088800000000000000e+04,1.090000000000000000e+02,2.752417297363281250e+02,6.939132690429687500e+02,4.907337129116058350e-01,3.336441955566406250e+02,7.158142089843750000e+02,5.487270951271057129e-01,2.679414062500000000e+02,6.829628295898437500e+02,5.634456872940063477e-01,2.971426391601562500e+02,7.012135620117187500e+02,3.583322167396545410e-01,2.496906433105468750e+02,6.829628295898437500e+02,5.423542857170104980e-01,3.263438720703125000e+02,7.450154418945312500e+02,4.564887583255767822e-01,2.204894104003906250e+02,7.267646484375000000e+02,5.555719733238220215e-01,3.299940490722656250e+02,7.851671142578125000e+02,4.837922751903533936e-01,1.985884857177734375e+02,7.924674072265625000e+02,6.155624985694885254e-01,3.445946655273437500e+02,8.253188476562500000e+02,6.658406853675842285e-01,2.058887939453125000e+02,8.618203735351562500e+02,5.557661652565002441e-01,2.788918762207031250e+02,8.545200805664062500e+02,3.269473016262054443e-01,2.314398803710937500e+02,8.581702270507812500e+02,4.266969263553619385e-01,3.044429626464843750e+02,9.129225463867187500e+02,4.460139572620391846e-01,2.788918762207031250e+02,9.238729858398437500e+02,5.525102019309997559e-01,3.263438720703125000e+02,9.968760375976562500e+02,4.992404878139495850e-01,3.007928161621093750e+02,1.007826538085937500e+03,8.194539546966552734e-01,3.263438720703125000e+02,6.866129760742187500e+02,5.679646134376525879e-01,2.496906433105468750e+02,7.048637084960937500e+02,5.116201639175415039e-01,2.606411132812500000e+02,8.435695800781250000e+02,3.066563308238983154e-01,3.518949584960937500e+02,1.004176391601562500e+03,6.466605067253112793e-01,3.372943420410156250e+02,1.018776977539062500e+03,6.187045574188232422e-01,3.518949584960937500e+02,1.004176391601562500e+03,6.105864048004150391e-01,3.299940490722656250e+02,1.022427124023437500e+03,6.711617112159729004e-01,3.263438720703125000e+02,1.004176391601562500e+03,6.625338196754455566e-01,3.007928161621093750e+02,1.018776977539062500e+03,7.791503667831420898e-01,1.994387709925516390e+02,6.523093864397184234e+02,1.473954060261982306e+02,3.721131066143501585e+02,0.000000000000000000e+00
7.109900000000000000e+04,2.570000000000000000e+02,1.091700000000000000e+04,1.100000000000000000e+02,3.415387268066406250e+02,7.266124267578125000e+02,9.505235552787780762e-01,3.452137451171875000e+02,7.192623901367187500e+02,9.217483401298522949e-01,3.378637084960937500e+02,7.192623901367187500e+02,9.392717480659484863e-01,3.231636352539062500e+02,7.155874023437500000e+02,5.752971768379211426e-01,3.158136291503906250e+02,7.119123535156250000e+02,9.440365433692932129e-01,3.305136718750000000e+02,7.523375244140625000e+02,8.810931444168090820e-01,2.827384643554687500e+02,7.376375122070312500e+02,8.279311656951904297e-01,3.415387268066406250e+02,7.927626953125000000e+02,8.454430103302001953e-01,2.570133666992187500e+02,7.780626831054687500e+02,6.487891674041748047e-01,3.562388000488281250e+02,8.331878662109375000e+02,8.902980089187622070e-01,2.974385375976562500e+02,7.854126586914062500e+02,7.989684939384460449e-01,2.937635192871093750e+02,8.515629882812500000e+02,7.649469971656799316e-01,2.643634033203125000e+02,8.552379760742187500e+02,7.263349294662475586e-01,3.194886169433593750e+02,9.213882446289062500e+02,7.811160087585449219e-01,2.937635192871093750e+02,9.250632934570312500e+02,5.681820511817932129e-01,3.305136718750000000e+02,9.985635986328125000e+02,6.748673915863037109e-01,3.084635925292968750e+02,1.005913635253906250e+03,8.015472292900085449e-01,3.341886901855468750e+02,6.898623046875000000e+02,9.187847375869750977e-01,3.121386108398437500e+02,7.339624633789062500e+02,9.152262210845947266e-01,2.790634460449218750e+02,8.478879394531250000e+02,8.186020851135253906e-01,3.635888061523437500e+02,1.013263671875000000e+03,7.368012070655822754e-01,3.415387268066406250e+02,1.027963745117187500e+03,7.373654842376708984e-01,3.635888061523437500e+02,1.009588623046875000e+03,7.436186671257019043e-01,3.341886901855468750e+02,1.031638793945312500e+03,7.803833484649658203e-01,3.268386535644531250e+02,1.013263671875000000e+03,6.289190649986267090e-01,3.011135559082031250e+02,1.024288696289062500e+03,7.827126383781433105e-01,2.547206827554366839e+02,6.623772775944290743e+02,1.194477188283795215e+02,3.738729212442593735e+02,0.000000000000000000e+00
7.110000000000000000e+04,2.570000000000000000e+02,1.091700000000000000e+04,1.120000000000000000e+02,3.655636596679687500e+02,7.244356689453125000e+02,4.341132044792175293e-01,3.693112792968750000e+02,7.169404296875000000e+02,3.925649523735046387e-01,3.580684204101562500e+02,7.169404296875000000e+02,4.131400287151336670e-01,3.280874938964843750e+02,7.056975708007812500e+02,2.577698230743408203e-01,3.393303527832031250e+02,7.131928100585937500e+02,4.431155622005462646e-01,2.943589477539062500e+02,7.319309082031250000e+02,6.213570237159729004e-01,2.531351470947265625e+02,7.319309082031250000e+02,6.497660279273986816e-01,2.868637084960937500e+02,7.881451416015625000e+02,3.319269120693206787e-01,2.456399230957031250e+02,8.031356201171875000e+02,6.680206060409545898e-01,3.805541381835937500e+02,8.443594360351562500e+02,4.276529848575592041e-01,2.531351470947265625e+02,8.705927124023437500e+02,6.583907008171081543e-01,3.093493957519531250e+02,8.593498535156250000e+02,5.766569375991821289e-01,2.831160888671875000e+02,8.630974731445312500e+02,6.334453225135803223e-01,3.318351135253906250e+02,9.230593872070312500e+02,8.433020710945129395e-01,3.130970153808593750e+02,9.305546264648437500e+02,8.334503769874572754e-01,3.280874938964843750e+02,9.980117187500000000e+02,9.047611951828002930e-01,3.130970153808593750e+02,1.009254577636718750e+03,7.630922794342041016e-01,3.543208007812500000e+02,6.794642333984375000e+02,5.035336017608642578e-01,2.718732299804687500e+02,7.094451904296875000e+02,4.819762110710144043e-01,2.943589477539062500e+02,8.556022338867187500e+02,6.299071311950683594e-01,3.543208007812500000e+02,1.016749816894531250e+03,8.279228210449218750e-01,3.543208007812500000e+02,1.016749816894531250e+03,7.905097603797912598e-01,3.543208007812500000e+02,1.013002197265625000e+03,8.585863709449768066e-01,3.468255920410156250e+02,1.020497436523437500e+03,8.109326958656311035e-01,3.205922546386718750e+02,1.009254577636718750e+03,6.732569336891174316e-01,3.093493957519531250e+02,1.016749816894531250e+03,7.913067936897277832e-01,2.626338059197963730e+02,6.596710266668324039e+02,1.268214434612966670e+02,3.823267417717490844e+02,0.000000000000000000e+00
7.110100000000000000e+04,2.570000000000000000e+02,1.088800000000000000e+04,1.180000000000000000e+02,3.988688659667968750e+02,6.802208862304687500e+02,9.060233235359191895e-01,3.988688659667968750e+02,6.722547607421875000e+02,8.512393236160278320e-01,3.948857727050781250e+02,6.722547607421875000e+02,9.142559766769409180e-01,3.630210876464843750e+02,6.762377929687500000e+02,4.974290728569030762e-01,3.709872741699218750e+02,6.802208862304687500e+02,8.431686758995056152e-01,3.749703674316406250e+02,7.200517578125000000e+02,8.734030723571777344e-01,3.470887451171875000e+02,7.280179443359375000e+02,9.172422289848327637e-01,3.749703674316406250e+02,7.837811279296875000e+02,7.537031173706054688e-01,3.431056823730468750e+02,8.036965332031250000e+02,8.630531430244445801e-01,4.108181152343750000e+02,7.797980346679687500e+02,7.323186397552490234e-01,3.590380249023437500e+02,8.714089965820312500e+02,9.168465733528137207e-01,3.709872741699218750e+02,8.594597778320312500e+02,7.681096792221069336e-01,3.510718383789062500e+02,8.674259033203125000e+02,7.997869253158569336e-01,4.307335510253906250e+02,9.231891479492187500e+02,4.023777544498443604e-01,4.267504577636718750e+02,9.271722412109375000e+02,7.446255087852478027e-01,3.112409973144531250e+02,1.014800109863281250e+03,4.311997294425964355e-01,4.347166442871093750e+02,1.010817016601562500e+03,7.468761801719665527e-01,3.789534301757812500e+02,6.443731079101562500e+02,8.761364817619323730e-01,3.670041809082031250e+02,7.041194458007812500e+02,9.130223393440246582e-01,3.590380249023437500e+02,8.594597778320312500e+02,8.450545668601989746e-01,4.745474853515625000e+02,1.018783203125000000e+03,6.489969491958618164e-01,4.665813293457031250e+02,1.014800109863281250e+03,4.380412995815277100e-01,4.745474853515625000e+02,1.010817016601562500e+03,6.286609172821044922e-01,4.625982360839843750e+02,1.022766296386718750e+03,4.721134006977081299e-01,4.347166442871093750e+02,1.014800109863281250e+03,5.170701146125793457e-01,4.347166442871093750e+02,1.022766296386718750e+03,5.833203196525573730e-01,2.963483489794508046e+02,6.341181308730974706e+02,1.566650221070472071e+02,4.004821544986687059e+02,0.000000000000000000e+00
7.110200000000000000e+04,2.570000000000000000e+02,1.092000000000000000e+04,1.210000000000000000e+02,4.510489501953125000e+02,6.958967285156250000e+02,9.135071635246276855e-01,4.510489501953125000e+02,6.879145507812500000e+02,8.659950494766235352e-01,4.430667114257812500e+02,6.879145507812500000e+02,9.276785254478454590e-01,4.151289672851562500e+02,6.879145507812500000e+02,5.533692240715026855e-01,4.231111755371093750e+02,6.879145507812500000e+02,8.694676160812377930e-01,4.271022949218750000e+02,7.358078613281250000e+02,9.466760158538818359e-01,3.991645202636718750e+02,7.397989501953125000e+02,9.612181782722473145e-01,4.271022949218750000e+02,7.996656494140625000e+02,8.281273841857910156e-01,3.951734008789062500e+02,8.156300659179687500e+02,9.009290337562561035e-01,4.590311584472656250e+02,8.036567382812500000e+02,6.562369465827941895e-01,4.151289672851562500e+02,8.794878540039062500e+02,8.950078487396240234e-01,3.991645202636718750e+02,8.754967041015625000e+02,7.874487042427062988e-01,4.191200561523437500e+02,8.754967041015625000e+02,8.803535103797912598e-01,3.632445068359375000e+02,9.433455810546875000e+02,8.387632966041564941e-01,4.749956054687500000e+02,9.393544921875000000e+02,8.929361701011657715e-01,3.233334045410156250e+02,1.007203369140625000e+03,9.508509635925292969e-01,5.069244995117187500e+02,1.015185607910156250e+03,9.356638193130493164e-01,4.310933837890625000e+02,6.559856567382812500e+02,8.754616975784301758e-01,4.151289672851562500e+02,7.158522949218750000e+02,9.093254208564758301e-01,4.111378479003906250e+02,8.715056152343750000e+02,8.059333562850952148e-01,3.472800598144531250e+02,1.023167785644531250e+03,7.934738397598266602e-01,5.468355712890625000e+02,1.011194458007812500e+03,9.506692290306091309e-01,3.392978515625000000e+02,1.023167785644531250e+03,7.436397671699523926e-01,5.428444824218750000e+02,1.019176696777343750e+03,9.605406522750854492e-01,3.073689575195312500e+02,1.015185607910156250e+03,8.509953618049621582e-01,5.069244995117187500e+02,1.027158935546875000e+03,8.974371552467346191e-01,3.420252688904660658e+02,6.359419890553647292e+02,1.782693750452090740e+02,4.037839546109382809e+02,0.000000000000000000e+00
7.110300000000000000e+04,2.570000000000000000e+02,1.092000000000000000e+04,1.220000000000000000e+02,4.698973999023437500e+02,6.925744628906250000e+02,9.278295636177062988e-01,4.698973999023437500e+02,6.846564941406250000e+02,9.136017560958862305e-01,4.619794921875000000e+02,6.846564941406250000e+02,9.198314547538757324e-01,4.382256774902343750e+02,6.846564941406250000e+02,5.614082217216491699e-01,4.421846618652343750e+02,6.886154785156250000e+02,8.893762230873107910e-01,4.421846618652343750e+02,7.321641235351562500e+02,8.737323284149169922e-01,4.184308471679687500e+02,7.400820312500000000e+02,9.281384944915771484e-01,4.540615539550781250e+02,7.915485839843750000e+02,6.997779607772827148e-01,4.105129089355468750e+02,8.153023681640625000e+02,9.032047390937805176e-01,4.778153381347656250e+02,7.400820312500000000e+02,5.173669457435607910e-01,4.303077392578125000e+02,8.826048583984375000e+02,8.922451734542846680e-01,4.382256774902343750e+02,8.707279052734375000e+02,6.806593537330627441e-01,4.342667236328125000e+02,8.746868896484375000e+02,7.277289032936096191e-01,3.907180786132812500e+02,9.499072875976562500e+02,8.645077347755432129e-01,4.936512145996093750e+02,9.459483032226562500e+02,9.098400473594665527e-01,3.313335876464843750e+02,1.005332763671875000e+03,8.367280960083007812e-01,5.174050292968750000e+02,1.021168640136718750e+03,9.045510292053222656e-01,4.501025695800781250e+02,6.569437255859375000e+02,9.092438817024230957e-01,4.342667236328125000e+02,7.163282470703125000e+02,9.386256337165832520e-01,4.342667236328125000e+02,8.707279052734375000e+02,8.194927573204040527e-01,3.471694641113281250e+02,1.029086547851562500e+03,6.656681299209594727e-01,5.490767211914062500e+02,1.025127685546875000e+03,8.683171868324279785e-01,3.432104797363281250e+02,1.025127685546875000e+03,5.979537963867187500e-01,5.451177978515625000e+02,1.029086547851562500e+03,8.987823724746704102e-01,3.194566955566406250e+02,1.013250732421875000e+03,6.501454114913940430e-01,5.134460449218750000e+02,1.033045532226562500e+03,8.786230683326721191e-01,3.444897611626878984e+02,6.423796133593978084e+02,1.839716038373033484e+02,4.059429148384056134e+02,0.000000000000000000e+00
7.110400000000000000e+04,2.570000000000000000e+02,1.092000000000000000e+04,1.230000000000000000e+02,4.895774230957031250e+02,6.953751831054687500e+02,7.098598480224609375e-01,4.933911437988281250e+02,6.877477416992187500e+02,7.274524569511413574e-01,4.819499816894531250e+02,6.877477416992187500e+02,7.811604142189025879e-01,4.552539672851562500e+02,6.877477416992187500e+02,3.397148549556732178e-01,4.590676879882812500e+02,6.915614624023437500e+02,8.230827450752258301e-01,4.743225708007812500e+02,7.373261108398437500e+02,8.498033881187438965e-01,4.361853637695312500e+02,7.411398315429687500e+02,9.412477016448974609e-01,4.857637023925781250e+02,7.983455810546875000e+02,8.155631422996520996e-01,4.285579223632812500e+02,8.212279052734375000e+02,8.917368054389953613e-01,4.972048645019531250e+02,7.449535522460937500e+02,8.311921358108520508e-01,4.476265258789062500e+02,8.822474365234375000e+02,9.233708381652832031e-01,4.628814086914062500e+02,8.860611572265625000e+02,6.991697549819946289e-01,4.628814086914062500e+02,8.898748779296875000e+02,7.576615214347839355e-01,4.209304809570312500e+02,9.623355102539062500e+02,8.253148794174194336e-01,5.124597778320312500e+02,9.585217895507812500e+02,8.783290386199951172e-01,3.484698181152343750e+02,1.000472717285156250e+03,8.899350166320800781e-01,5.239008789062500000e+02,1.034796142578125000e+03,8.283348679542541504e-01,4.666951293945312500e+02,6.572379760742187500e+02,9.476795792579650879e-01,4.590676879882812500e+02,7.182575073242187500e+02,8.718156814575195312e-01,4.590676879882812500e+02,8.822474365234375000e+02,8.136968612670898438e-01,3.446560974121093750e+02,1.038609863281250000e+03,4.547963142395019531e-01,5.620380859375000000e+02,1.034796142578125000e+03,7.774927020072937012e-01,3.446560974121093750e+02,1.030982421875000000e+03,4.726999104022979736e-01,5.582243652343750000e+02,1.038609863281250000e+03,7.336806058883666992e-01,3.332149353027343750e+02,9.966589965820312500e+02,6.950060725212097168e-01,5.162734985351562500e+02,1.042423583984375000e+03,6.648848056793212891e-01,3.443272542171842474e+02,6.428604825400291247e+02,1.849451449581919746e+02,3.969206767535183644e+02,0.000000000000000000e+00
7.110500000000000000e+04,2.570000000000000000e+02,1.092000000000000000e+04,1.240000000000000000e+02,5.082694091796875000e+02,6.941292724609375000e+02,9.193254113197326660e-01,5.082694091796875000e+02,6.832229614257812500e+02,8.945228457450866699e-01,5.009985351562500000e+02,6.832229614257812500e+02,9.256290197372436523e-01,4.755504150390625000e+02,6.832229614257812500e+02,5.214237570762634277e-01,4.755504150390625000e+02,6.832229614257812500e+02,9.131814241409301758e-01,4.864567565917968750e+02,7.304837036132812500e+02,8.022208213806152344e-01,4.537377624511718750e+02,7.377545776367187500e+02,9.392190575599670410e-01,4.973630676269531250e+02,7.959216918945312500e+02,7.864688634872436523e-01,4.464668884277343750e+02,8.177343139648437500e+02,9.300396442413330078e-01,5.155402832031250000e+02,7.450254516601562500e+02,8.478982448577880859e-01,4.646441040039062500e+02,8.868077392578125000e+02,8.563867211341857910e-01,4.900921936035156250e+02,8.868077392578125000e+02,7.873622775077819824e-01,4.719149780273437500e+02,8.904431762695312500e+02,8.315431475639343262e-01,4.501023254394531250e+02,9.740583496093750000e+02,7.507774829864501953e-01,5.228111572265625000e+02,9.631519775390625000e+02,7.120730876922607422e-01,3.737580566406250000e+02,9.958709716796875000e+02,7.546108365058898926e-01,5.264465942382812500e+02,1.035860839843750000e+03,8.468616604804992676e-01,4.864567565917968750e+02,6.541394042968750000e+02,9.188936352729797363e-01,4.719149780273437500e+02,7.123065185546875000e+02,9.190364480018615723e-01,4.791858825683593750e+02,8.868077392578125000e+02,8.857691287994384766e-01,3.701226196289062500e+02,1.035860839843750000e+03,4.378431141376495361e-01,5.591655883789062500e+02,1.035860839843750000e+03,5.785799026489257812e-01,3.664871520996093750e+02,1.024954467773437500e+03,4.369248747825622559e-01,5.555301513671875000e+02,1.043131713867187500e+03,5.658840537071228027e-01,3.592162780761718750e+02,9.849646606445312500e+02,7.665871977806091309e-01,3.592162780761718750e+02,9.922355346679687500e+02,6.246188282966613770e-01,3.564260641621777381e+02,6.486518462550841377e+02,1.786199396331354023e+02,3.812179085523769118e+02,0.000000000000000000e+00
7.110600000000000000e+04,2.570000000000000000e+02,1.092000000000000000e+04,1.250000000000000000e+02,5.277744750976562500e+02,6.846708984375000000e+02,9.173458218574523926e-01,5.240379638671875000e+02,6.734613647460937500e+02,7.897186875343322754e-01,5.203014526367187500e+02,6.771978759765625000e+02,8.983839154243469238e-01,4.866728820800781250e+02,6.771978759765625000e+02,4.826278686523437500e-01,4.978824157714843750e+02,6.809343872070312500e+02,8.408868312835693359e-01,5.053554077148437500e+02,7.332455444335937500e+02,8.345347642898559570e-01,4.679903259277343750e+02,7.369820556640625000e+02,9.604418277740478516e-01,5.053554077148437500e+02,8.042391967773437500e+02,7.351076006889343262e-01,4.642538146972656250e+02,8.117122192382812500e+02,8.968988656997680664e-01,5.203014526367187500e+02,8.602868041992187500e+02,7.563918232917785645e-01,4.754633483886718750e+02,8.864423828125000000e+02,8.861901164054870605e-01,5.128284301757812500e+02,8.901788940429687500e+02,8.656910657882690430e-01,4.866728820800781250e+02,8.976519165039062500e+02,8.156041502952575684e-01,5.240379638671875000e+02,9.873281250000000000e+02,5.656812191009521484e-01,4.941459045410156250e+02,9.873281250000000000e+02,5.162550210952758789e-01,4.156791992187500000e+02,9.985376586914062500e+02,5.452977418899536133e-01,4.119427185058593750e+02,1.013483703613281250e+03,5.292143821716308594e-01,5.016189270019531250e+02,6.473058471679687500e+02,9.041547775268554688e-01,4.904093933105468750e+02,7.108264770507812500e+02,9.350826144218444824e-01,4.978824157714843750e+02,8.901788940429687500e+02,8.743638396263122559e-01,3.783141174316406250e+02,1.009747192382812500e+03,2.429835051298141479e-01,3.932601623535156250e+02,1.032166259765625000e+03,4.922986626625061035e-01,3.783141174316406250e+02,1.002274169921875000e+03,3.307121694087982178e-01,3.857871398925781250e+02,1.028429687500000000e+03,6.443962454795837402e-01,3.932601623535156250e+02,9.835916137695312500e+02,5.854681134223937988e-01,3.969966735839843750e+02,9.985376586914062500e+02,7.073427438735961914e-01,3.848727369209164522e+02,6.462095134561752729e+02,1.762229008424034760e+02,3.821420239555998251e+02,0.000000000000000000e+00
7.110700000000000000e+04,2.570000000000000000e+02,1.092000000000000000e+04,1.260000000000000000e+02,5.439454956054687500e+02,6.871638183593750000e+02,9.275837540626525879e-01,5.439454956054687500e+02,6.757427368164062500e+02,9.101340770721435547e-01,5.363314208984375000e+02,6.757427368164062500e+02,9.282425045967102051e-01,5.134893188476562500e+02,6.795497436523437500e+02,6.034443974494934082e-01,5.134893188476562500e+02,6.795497436523437500e+02,9.000122547149658203e-01,5.172963256835937500e+02,7.290410156250000000e+02,8.983266949653625488e-01,4.868401489257812500e+02,7.328480834960937500e+02,9.149388670921325684e-01,5.287174072265625000e+02,8.013744506835937500e+02,8.545241951942443848e-01,4.792261047363281250e+02,8.127955322265625000e+02,9.041442275047302246e-01,5.515595092773437500e+02,8.546727905273437500e+02,9.205104112625122070e-01,4.944541931152343750e+02,8.851289672851562500e+02,9.214781522750854492e-01,5.249103393554687500e+02,8.813218994140625000e+02,8.506735563278198242e-01,5.058752441406250000e+02,8.851289672851562500e+02,8.691308498382568359e-01,5.287174072265625000e+02,9.764974975585937500e+02,6.229975223541259766e-01,5.211033325195312500e+02,9.879185180664062500e+02,6.151235699653625488e-01,4.335418395996093750e+02,1.003146606445312500e+03,7.080902457237243652e-01,5.172963256835937500e+02,1.056444946289062500e+03,2.633374631404876709e-01,5.211033325195312500e+02,6.452865600585937500e+02,9.031124711036682129e-01,5.058752441406250000e+02,7.061989135742187500e+02,8.982126712799072266e-01,5.172963256835937500e+02,8.775148925781250000e+02,8.725932240486145020e-01,4.297348022460937500e+02,1.041216796875000000e+03,5.408592224121093750e-01,5.629805908203125000e+02,1.052637939453125000e+03,2.666513025760650635e-01,4.297348022460937500e+02,1.029795776367187500e+03,5.084158182144165039e-01,5.553665161132812500e+02,1.056444946289062500e+03,2.906022965908050537e-01,4.221207580566406250e+02,9.917255859375000000e+02,8.160530328750610352e-01,5.020682373046875000e+02,1.045023925781250000e+03,2.347204387187957764e-01,4.164679661131682451e+02,6.388855012833613500e+02,1.727512676212606948e+02,3.872650015256700726e+02,0.000000000000000000e+00
7.110800000000000000e+04,2.570000000000000000e+02,1.092000000000000000e+04,1.270000000000000000e+02,5.654710693359375000e+02,6.867255859375000000e+02,9.294953942298889160e-01,5.618080444335937500e+02,6.757364501953125000e+02,9.219505190849304199e-01,5.544819335937500000e+02,6.757364501953125000e+02,9.557622671127319336e-01,5.325036621093750000e+02,6.720734252929687500e+02,5.110566020011901855e-01,5.288406372070312500e+02,6.757364501953125000e+02,8.906711935997009277e-01,5.398297729492187500e+02,7.306821899414062500e+02,9.014547467231750488e-01,5.031992797851562500e+02,7.306821899414062500e+02,9.547701478004455566e-01,5.508189086914062500e+02,8.076062011718750000e+02,8.474904298782348633e-01,4.958731994628906250e+02,8.112692260742187500e+02,8.777481913566589355e-01,5.837863159179687500e+02,8.625518798828125000e+02,8.919875621795654297e-01,5.068623352050781250e+02,8.845302124023437500e+02,8.982469439506530762e-01,5.398297729492187500e+02,8.881932373046875000e+02,8.738365173339843750e-01,5.178515014648437500e+02,8.881932373046875000e+02,8.232055306434631348e-01,5.288406372070312500e+02,9.724433593750000000e+02,7.490769028663635254e-01,5.618080444335937500e+02,9.724433593750000000e+02,8.173655867576599121e-01,4.702318420410156250e+02,1.005410766601562500e+03,9.368646144866943359e-01,5.215145263671875000e+02,1.027389038085937500e+03,6.226107478141784668e-01,5.434927978515625000e+02,6.464320678710937500e+02,9.291917085647583008e-01,5.288406372070312500e+02,7.050408325195312500e+02,9.450850486755371094e-01,5.288406372070312500e+02,8.845302124023437500e+02,8.902740478515625000e-01,4.665688171386718750e+02,1.034715209960937500e+03,3.823010623455047607e-01,4.738948974609375000e+02,1.031052124023437500e+03,7.138882279396057129e-01,4.702318420410156250e+02,1.031052124023437500e+03,3.970658183097839355e-01,4.629057617187500000e+02,1.031052124023437500e+03,7.073115706443786621e-01,4.592427062988281250e+02,1.001747741699218750e+03,6.618444323539733887e-01,4.592427062988281250e+02,9.980846557617187500e+02,6.377720832824707031e-01,4.405316178089832420e+02,6.564487406250684671e+02,1.664525720105173150e+02,3.794685178673703376e+02,0.000000000000000000e+00
7.110900000000000000e+04,2.570000000000000000e+02,1.092000000000000000e+04,1.280000000000000000e+02,5.812708129882812500e+02,6.850999755859375000e+02,9.278132319450378418e-01,5.812708129882812500e+02,6.774854736328125000e+02,8.579600453376770020e-01,5.736563110351562500e+02,6.774854736328125000e+02,9.156790375709533691e-01,5.508127441406250000e+02,6.774854736328125000e+02,5.020756721496582031e-01,5.508127441406250000e+02,6.774854736328125000e+02,8.570012450218200684e-01,5.622344970703125000e+02,7.307870483398437500e+02,8.915233612060546875e-01,5.203546752929687500e+02,7.345942993164062500e+02,9.027997851371765137e-01,5.736563110351562500e+02,8.107394409179687500e+02,8.520796298980712891e-01,5.127401733398437500e+02,8.183539428710937500e+02,8.883147835731506348e-01,6.117288208007812500e+02,8.602337646484375000e+02,9.472262859344482422e-01,5.279692382812500000e+02,8.906917724609375000e+02,8.958876132965087891e-01,5.622344970703125000e+02,8.868845214843750000e+02,7.987003326416015625e-01,5.393909912109375000e+02,8.944990234375000000e+02,8.536707162857055664e-01,5.317764892578125000e+02,9.972949829101562500e+02,6.430264711380004883e-01,5.888853149414062500e+02,9.744514160156250000e+02,7.645804286003112793e-01,5.165474243164062500e+02,1.020138488769531250e+03,5.939903259277343750e-01,5.508127441406250000e+02,1.027753051757812500e+03,5.652877688407897949e-01,5.622344970703125000e+02,6.470274047851562500e+02,8.999923467636108398e-01,5.431982421875000000e+02,7.041362304687500000e+02,8.788882493972778320e-01,5.508127441406250000e+02,8.868845214843750000e+02,8.898710012435913086e-01,5.355837402343750000e+02,1.035367553710937500e+03,4.300753176212310791e-01,5.774635620117187500e+02,1.039174804687500000e+03,4.509063959121704102e-01,5.355837402343750000e+02,1.023945739746093750e+03,5.092039704322814941e-01,5.774635620117187500e+02,1.046789306640625000e+03,5.116254687309265137e-01,5.051256713867187500e+02,1.023945739746093750e+03,6.000752449035644531e-01,5.127401733398437500e+02,1.023945739746093750e+03,5.041599869728088379e-01,4.627965276031950452e+02,6.438133543477085823e+02,1.656765886455630152e+02,3.862908337847504754e+02,0.000000000000000000e+00
7.111000000000000000e+04,2.570000000000000000e+02,1.092000000000000000e+04,1.290000000000000000e+02,6.014165039062500000e+02,6.934158325195312500e+02,9.608922600746154785e-01,6.014165039062500000e+02,6.816102294921875000e+02,9.452331662178039551e-01,5.935461425781250000e+02,6.816102294921875000e+02,9.432787299156188965e-01,5.659998779296875000e+02,6.855454101562500000e+02,5.287746787071228027e-01,5.659998779296875000e+02,6.816102294921875000e+02,8.821294903755187988e-01,5.778054199218750000e+02,7.327676391601562500e+02,8.269934058189392090e-01,5.384535522460937500e+02,7.327676391601562500e+02,9.324326515197753906e-01,5.896109619140625000e+02,8.114713134765625000e+02,8.461538553237915039e-01,5.345183715820312500e+02,8.193417358398437500e+02,9.105499386787414551e-01,6.328980102539062500e+02,8.547583618164062500e+02,9.145529866218566895e-01,5.541943359375000000e+02,8.901750488281250000e+02,8.683675527572631836e-01,5.699350585937500000e+02,8.823046875000000000e+02,8.433251976966857910e-01,5.541943359375000000e+02,8.862398681640625000e+02,9.126792550086975098e-01,5.384535522460937500e+02,9.728139038085937500e+02,5.284569263458251953e-01,6.132221069335937500e+02,9.649435424804687500e+02,5.155635476112365723e-01,5.227128295898437500e+02,1.035776855468750000e+03,7.283905148506164551e-01,5.896109619140625000e+02,1.043647216796875000e+03,5.689529776573181152e-01,5.817406005859375000e+02,6.501287841796875000e+02,8.706027269363403320e-01,5.620646972656250000e+02,7.091565551757812500e+02,8.855859637260437012e-01,5.620646972656250000e+02,8.823046875000000000e+02,8.964915275573730469e-01,5.502591552734375000e+02,1.035776855468750000e+03,4.063059389591217041e-01,6.092869262695312500e+02,1.051517578125000000e+03,4.161663949489593506e-01,5.502591552734375000e+02,1.031841674804687500e+03,4.253429174423217773e-01,6.053516845703125000e+02,1.055452758789062500e+03,4.145044982433319092e-01,5.148424682617187500e+02,1.035776855468750000e+03,4.788828194141387939e-01,5.856757812500000000e+02,1.039712036132812500e+03,3.197509348392486572e-01,4.866612288808661333e+02,6.461087173672015069e+02,1.687018159690444463e+02,3.974362808647326801e+02,0.000000000000000000e+00
7.111100000000000000e+04,2.570000000000000000e+02,1.092000000000000000e+04,1.300000000000000000e+02,6.249214477539062500e+02,6.915620727539062500e+02,9.297233223915100098e-01,6.210434570312500000e+02,6.799281005859375000e+02,8.760914206504821777e-01,6.132875366210937500e+02,6.838060913085937500e+02,8.945609927177429199e-01,5.900196533203125000e+02,6.876840820312500000e+02,5.527244806289672852e-01,5.900196533203125000e+02,6.876840820312500000e+02,8.813586831092834473e-01,5.977756347656250000e+02,7.303417968750000000e+02,8.571688532829284668e-01,5.589958496093750000e+02,7.380977783203125000e+02,9.269355535507202148e-01,6.094095458984375000e+02,8.079013061523437500e+02,8.227663636207580566e-01,5.551179199218750000e+02,8.195352172851562500e+02,8.797547817230224609e-01,6.559452514648437500e+02,8.505590209960937500e+02,8.897766470909118652e-01,5.783857421875000000e+02,8.932167968750000000e+02,9.104898571968078613e-01,5.977756347656250000e+02,8.777048950195312500e+02,8.532356619834899902e-01,5.628738403320312500e+02,8.815828247070312500e+02,8.315330743789672852e-01,6.326774291992187500e+02,9.630203247070312500e+02,6.598283052444458008e-01,5.396060180664062500e+02,9.668983154296875000e+02,7.090794444084167480e-01,5.240941162109375000e+02,1.036701904296875000e+03,4.328699707984924316e-01,5.202161254882812500e+02,1.040579833984375000e+03,5.368587374687194824e-01,6.016536254882812500e+02,6.527822875976562500e+02,8.682909607887268066e-01,5.822637329101562500e+02,7.109519042968750000e+02,9.074742794036865234e-01,5.822637329101562500e+02,8.738269042968750000e+02,8.552623391151428223e-01,5.512399291992187500e+02,1.048335815429687500e+03,3.903522193431854248e-01,5.473619384765625000e+02,1.044457763671875000e+03,2.664062082767486572e-01,5.512399291992187500e+02,1.044457763671875000e+03,3.796535432338714600e-01,6.559452514648437500e+02,1.044457763671875000e+03,1.883949637413024902e-01,5.163381347656250000e+02,1.040579833984375000e+03,4.098787903785705566e-01,5.163381347656250000e+02,1.040579833984375000e+03,4.501417875289916992e-01,5.039480891573271037e+02,6.487391140442043707e+02,1.683037311422197035e+02,3.978074919338225754e+02,0.000000000000000000e+00
7.111200000000000000e+04,2.570000000000000000e+02,1.092000000000000000e+04,1.310000000000000000e+02,6.394218139648437500e+02,6.993193969726562500e+02,9.441259503364562988e-01,6.394218139648437500e+02,6.875630493164062500e+02,9.236050248146057129e-01,6.315842285156250000e+02,6.875630493164062500e+02,9.500994086265563965e-01,6.002338256835937500e+02,6.875630493164062500e+02,5.020285248756408691e-01,6.080714111328125000e+02,6.914818115234375000e+02,8.625940680503845215e-01,6.119902343750000000e+02,7.385074462890625000e+02,8.242360353469848633e-01,5.767210083007812500e+02,7.463450317382812500e+02,9.229729771614074707e-01,6.315842285156250000e+02,8.129646606445312500e+02,8.829727172851562500e-01,5.767210083007812500e+02,8.325586547851562500e+02,8.750897645950317383e-01,6.786098022460937500e+02,8.482338256835937500e+02,9.664937853813171387e-01,6.041525878906250000e+02,8.952594604492187500e+02,9.045004248619079590e-01,6.080714111328125000e+02,8.795842285156250000e+02,7.350239753723144531e-01,5.845585937500000000e+02,8.874218139648437500e+02,8.001783490180969238e-01,5.414517822265625000e+02,9.657978515625000000e+02,6.593876481056213379e-01,6.590158081054687500e+02,9.657978515625000000e+02,6.364942789077758789e-01,5.257766113281250000e+02,1.036336303710937500e+03,8.935256004333496094e-01,6.707722167968750000e+02,1.032417480468750000e+03,7.018343210220336914e-01,6.198278198242187500e+02,6.562126464843750000e+02,9.059480428695678711e-01,6.002338256835937500e+02,7.149946289062500000e+02,9.212369322776794434e-01,5.923961791992187500e+02,8.795842285156250000e+02,8.482475876808166504e-01,5.453706054687500000e+02,1.048092651367187500e+03,3.511545658111572266e-01,6.864473876953125000e+02,1.028498657226562500e+03,7.406769990921020508e-01,5.414517822265625000e+02,1.048092651367187500e+03,3.701085746288299561e-01,6.864473876953125000e+02,1.032417480468750000e+03,7.390484213829040527e-01,5.140202026367187500e+02,1.044173828125000000e+03,6.937173604965209961e-01,6.590158081054687500e+02,1.028498657226562500e+03,5.203128457069396973e-01,5.270954487832983659e+02,6.494097080029999915e+02,1.728802138392178449e+02,4.006251842559416900e+02,0.000000000000000000e+00
7.111300000000000000e+04,2.570000000000000000e+02,1.092000000000000000e+04,1.320000000000000000e+02,6.623337402343750000e+02,7.028142700195312500e+02,9.390375018119812012e-01,6.623337402343750000e+02,6.911643066406250000e+02,8.958753943443298340e-01,6.545670776367187500e+02,6.911643066406250000e+02,9.488216042518615723e-01,6.273837890625000000e+02,6.911643066406250000e+02,6.062614321708679199e-01,6.312671508789062500e+02,6.911643066406250000e+02,9.111220240592956543e-01,6.312671508789062500e+02,7.416475219726562500e+02,9.000661969184875488e-01,6.040838623046875000e+02,7.494141845703125000e+02,9.433413147926330566e-01,6.468004150390625000e+02,8.154307250976562500e+02,8.944656848907470703e-01,5.963171997070312500e+02,8.348473510742187500e+02,9.108070731163024902e-01,6.972836303710937500e+02,8.426139526367187500e+02,9.300912022590637207e-01,6.273837890625000000e+02,9.008638305664062500e+02,8.800067901611328125e-01,6.118505249023437500e+02,8.853305664062500000e+02,6.741358041763305664e-01,6.118505249023437500e+02,8.892138671875000000e+02,7.104971408843994141e-01,5.536006469726562500e+02,9.668803710937500000e+02,7.792415022850036621e-01,6.778670043945312500e+02,9.668803710937500000e+02,8.529327511787414551e-01,5.264173583984375000e+02,1.032896850585937500e+03,9.135057330131530762e-01,7.050502929687500000e+02,1.040663574218750000e+03,8.022995591163635254e-01,6.390337524414062500e+02,6.600977172851562500e+02,9.015447497367858887e-01,6.196171264648437500e+02,7.183475952148437500e+02,8.918211460113525391e-01,6.079671630859375000e+02,8.853305664062500000e+02,7.881656289100646973e-01,5.497172851562500000e+02,1.044546875000000000e+03,1.925987452268600464e-01,7.322335815429687500e+02,1.029013549804687500e+03,6.846240162849426270e-01,5.341840209960937500e+02,1.044546875000000000e+03,1.999152302742004395e-01,7.322335815429687500e+02,1.036780273437500000e+03,6.558724641799926758e-01,5.147673950195312500e+02,1.040663574218750000e+03,6.991177201271057129e-01,6.934003295898437500e+02,1.044546875000000000e+03,4.089797139167785645e-01,5.387306885268465066e+02,6.496903286062803318e+02,1.776136066264210740e+02,3.992528091290981820e+02,0.000000000000000000e+00
7.111400000000000000e+04,2.570000000000000000e+02,1.092000000000000000e+04,1.330000000000000000e+02,6.783139038085937500e+02,7.063518676757812500e+02,9.564700126647949219e-01,6.783139038085937500e+02,6.945578002929687500e+02,8.526770472526550293e-01,6.743825073242187500e+02,6.984891357421875000e+02,9.168990254402160645e-01,6.429316406250000000e+02,6.945578002929687500e+02,5.745028257369995117e-01,6.547257690429687500e+02,6.984891357421875000e+02,8.344911932945251465e-01,6.468630371093750000e+02,7.456654663085937500e+02,8.556492924690246582e-01,6.193435058593750000e+02,7.535281372070312500e+02,9.130086898803710938e-01,6.586571044921875000e+02,8.203612670898437500e+02,9.596028327941894531e-01,6.193435058593750000e+02,8.439494018554687500e+02,9.515004754066467285e-01,7.136961059570312500e+02,8.400180664062500000e+02,8.732131123542785645e-01,6.507943725585937500e+02,9.029197998046875000e+02,9.119648337364196777e-01,6.272062377929687500e+02,9.029197998046875000e+02,7.054169774055480957e-01,6.350689697265625000e+02,9.029197998046875000e+02,8.025593161582946777e-01,5.682358398437500000e+02,9.736842041015625000e+02,7.421799302101135254e-01,7.019020385742187500e+02,9.815469360351562500e+02,7.818539738655090332e-01,5.328536376953125000e+02,1.032654541015625000e+03,8.954261541366577148e-01,7.215588378906250000e+02,1.044448730468750000e+03,8.014909625053405762e-01,6.625884399414062500e+02,6.631069335937500000e+02,9.193159341812133789e-01,6.390003051757812500e+02,7.220772705078125000e+02,9.705883264541625977e-01,6.311375732421875000e+02,8.989884033203125000e+02,8.603754043579101562e-01,5.525104370117187500e+02,1.040517333984375000e+03,3.229674994945526123e-01,7.530097045898437500e+02,1.028723266601562500e+03,7.302133440971374512e-01,5.446477050781250000e+02,1.040517333984375000e+03,2.358525544404983521e-01,7.530097045898437500e+02,1.036585937500000000e+03,7.265901565551757812e-01,5.210595703125000000e+02,1.032654541015625000e+03,7.759367823600769043e-01,7.176275024414062500e+02,1.048380004882812500e+03,3.946477472782135010e-01,5.454252755019163033e+02,6.490870616962554323e+02,1.835528990385449788e+02,4.019036525530916606e+02,0.000000000000000000e+00
7.111500000000000000e+04,2.570000000000000000e+02,1.092000000000000000e+04,1.340000000000000000e+02,7.050527343750000000e+02,7.066315917968750000e+02,9.432671666145324707e-01,7.012508544921875000e+02,6.952260742187500000e+02,8.872569799423217773e-01,6.974490356445312500e+02,6.990278930664062500e+02,9.233556389808654785e-01,6.632323608398437500e+02,6.990278930664062500e+02,5.365417599678039551e-01,6.746379394531250000e+02,6.990278930664062500e+02,8.644896149635314941e-01,6.670342407226562500e+02,7.522537841796875000e+02,8.816511034965515137e-01,6.480249633789062500e+02,7.598574829101562500e+02,9.307012557983398438e-01,6.746379394531250000e+02,8.244889526367187500e+02,9.430736303329467773e-01,6.442231445312500000e+02,8.434981689453125000e+02,9.738352894783020020e-01,7.316656494140625000e+02,8.396963500976562500e+02,9.028105735778808594e-01,6.746379394531250000e+02,9.081296386718750000e+02,8.975343704223632812e-01,6.556286621093750000e+02,8.967240600585937500e+02,7.118968367576599121e-01,6.556286621093750000e+02,9.005259399414062500e+02,8.001898527145385742e-01,5.986009521484375000e+02,9.651573486328125000e+02,7.574260830879211426e-01,7.164582519531250000e+02,9.803647460937500000e+02,6.133931279182434082e-01,5.491768798828125000e+02,1.018383239746093750e+03,7.276929616928100586e-01,7.316656494140625000e+02,1.048798095703125000e+03,6.355861425399780273e-01,6.746379394531250000e+02,6.648112792968750000e+02,8.593983054161071777e-01,6.632323608398437500e+02,7.294426879882812500e+02,9.345097541809082031e-01,6.518268432617187500e+02,8.929222412109375000e+02,7.933447360992431641e-01,5.339694824218750000e+02,1.033590698242187500e+03,5.808660984039306641e-01,7.506749267578125000e+02,1.037392456054687500e+03,3.280127942562103271e-01,5.339694824218750000e+02,1.029788818359375000e+03,6.317433118820190430e-01,7.544767456054687500e+02,1.041194335937500000e+03,3.447129428386688232e-01,5.339694824218750000e+02,1.018383239746093750e+03,7.117988467216491699e-01,7.354675292968750000e+02,1.056401733398437500e+03,1.904814094305038452e-01,5.492509568052582836e+02,6.552771764509400327e+02,1.841146454578894236e+02,3.941417370414053494e+02,0.000000000000000000e+00
7.111600000000000000e+04,2.570000000000000000e+02,1.092000000000000000e+04,1.350000000000000000e+02,7.264986572265625000e+02,7.029334716796875000e+02,9.280931353569030762e-01,7.227278442382812500e+02,6.953919067382812500e+02,8.953613638877868652e-01,7.189570312500000000e+02,6.953919067382812500e+02,9.300153851509094238e-01,6.812490844726562500e+02,6.953919067382812500e+02,5.007425546646118164e-01,6.963322753906250000e+02,6.991626586914062500e+02,8.659732341766357422e-01,6.850198974609375000e+02,7.519537963867187500e+02,8.853890299797058105e-01,6.699367065429687500e+02,7.594954223632812500e+02,9.235787987709045410e-01,6.963322753906250000e+02,8.235989379882812500e+02,9.288340210914611816e-01,6.661658935546875000e+02,8.462236938476562500e+02,9.623441100120544434e-01,7.491234130859375000e+02,8.386821289062500000e+02,9.261676669120788574e-01,6.963322753906250000e+02,9.103272094726562500e+02,9.023483395576477051e-01,6.774782714843750000e+02,9.027856445312500000e+02,7.111329436302185059e-01,6.812490844726562500e+02,9.027856445312500000e+02,8.549332618713378906e-01,6.359995727539062500e+02,9.744307250976562500e+02,7.710734009742736816e-01,7.378110351562500000e+02,9.895139160156250000e+02,6.292580962181091309e-01,5.643544311523437500e+02,1.008367858886718750e+03,8.733670711517333984e-01,7.491234130859375000e+02,1.053617431640625000e+03,6.449059247970581055e-01,7.001030883789062500e+02,6.614547119140625000e+02,9.118475317955017090e-01,6.850198974609375000e+02,7.255582275390625000e+02,9.207419753074645996e-01,6.774782714843750000e+02,8.990148315429687500e+02,8.736904859542846680e-01,5.455004882812500000e+02,1.034763427734375000e+03,5.856937766075134277e-01,5.492712402343750000e+02,1.034763427734375000e+03,5.330658555030822754e-01,5.455004882812500000e+02,1.030992675781250000e+03,6.137903332710266113e-01,5.492712402343750000e+02,1.030992675781250000e+03,4.329768121242523193e-01,5.492712402343750000e+02,1.008367858886718750e+03,7.205552458763122559e-01,7.453526000976562500e+02,1.064929809570312500e+03,3.420585095882415771e-01,5.576319001250594738e+02,6.579390426688585194e+02,1.881747238700839944e+02,3.889960227082135589e+02,0.000000000000000000e+00
7.111700000000000000e+04,2.570000000000000000e+02,1.092000000000000000e+04,1.360000000000000000e+02,7.458763427734375000e+02,7.057121582031250000e+02,9.283137917518615723e-01,7.420250244140625000e+02,6.941579589843750000e+02,9.116269350051879883e-01,7.381735839843750000e+02,6.941579589843750000e+02,9.174864888191223145e-01,7.035112304687500000e+02,6.941579589843750000e+02,4.779851138591766357e-01,7.112139892578125000e+02,6.980093994140625000e+02,8.596681952476501465e-01,7.035112304687500000e+02,7.480772705078125000e+02,8.545479774475097656e-01,6.919570312500000000e+02,7.557800292968750000e+02,9.153400063514709473e-01,7.112139892578125000e+02,8.251048583984375000e+02,9.688447117805480957e-01,6.919570312500000000e+02,8.443618164062500000e+02,9.670884609222412109e-01,7.612818603515625000e+02,8.366590576171875000e+02,9.153338074684143066e-01,7.189167480468750000e+02,9.098352050781250000e+02,9.207476973533630371e-01,6.958084716796875000e+02,9.021324462890625000e+02,7.849645614624023438e-01,7.035112304687500000e+02,9.059838867187500000e+02,8.503637909889221191e-01,6.688487548828125000e+02,9.791600341796875000e+02,8.209568858146667480e-01,7.574305419921875000e+02,9.868627929687500000e+02,7.940634489059448242e-01,5.841184082031250000e+02,1.002268310546875000e+03,8.235316872596740723e-01,7.497277832031250000e+02,1.060039062500000000e+03,8.051955699920654297e-01,7.189167480468750000e+02,6.633469238281250000e+02,8.884165287017822266e-01,7.035112304687500000e+02,7.249689941406250000e+02,8.918544054031372070e-01,6.996597900390625000e+02,8.982811279296875000e+02,8.100193142890930176e-01,5.610101318359375000e+02,1.021525268554687500e+03,2.526473999023437500e-01,5.764156494140625000e+02,1.025376586914062500e+03,4.628136157989501953e-01,5.571588134765625000e+02,1.006119750976562500e+03,2.899184226989746094e-01,5.725643310546875000e+02,1.025376586914062500e+03,4.721659421920776367e-01,5.648615722656250000e+02,1.002268310546875000e+03,6.812613606452941895e-01,5.725643310546875000e+02,1.002268310546875000e+03,7.457811832427978516e-01,5.752881130505734291e+02,6.575585583595614025e+02,1.932641226624923547e+02,3.925379009137334378e+02,0.000000000000000000e+00
7.111800000000000000e+04,2.570000000000000000e+02,1.092000000000000000e+04,1.370000000000000000e+02,7.659616699218750000e+02,7.023231811523437500e+02,9.198928475379943848e-01,7.620867919921875000e+02,6.906985473632812500e+02,8.393450975418090820e-01,7.582119750976562500e+02,6.906985473632812500e+02,9.195439219474792480e-01,7.194633178710937500e+02,6.906985473632812500e+02,5.204898118972778320e-01,7.349627685546875000e+02,6.945734252929687500e+02,8.667590022087097168e-01,7.272130737304687500e+02,7.488215332031250000e+02,7.302523255348205566e-01,7.155884399414062500e+02,7.565712280273437500e+02,8.908540010452270508e-01,7.272130737304687500e+02,8.263187866210937500e+02,8.809533715248107910e-01,7.155884399414062500e+02,8.456930541992187500e+02,9.746009111404418945e-01,7.698365478515625000e+02,8.418182373046875000e+02,8.655269145965576172e-01,7.388376464843750000e+02,9.115657348632812500e+02,9.477993845939636230e-01,7.233381958007812500e+02,9.038160400390625000e+02,7.597330212593078613e-01,7.155884399414062500e+02,9.076908569335937500e+02,8.884428143501281738e-01,7.155884399414062500e+02,9.968127441406250000e+02,4.826199412345886230e-01,7.155884399414062500e+02,1.004562438964843750e+03,6.300504207611083984e-01,6.148420410156250000e+02,1.004562438964843750e+03,7.185119986534118652e-01,6.148420410156250000e+02,1.016187011718750000e+03,4.699823856353759766e-01,7.388376464843750000e+02,6.596996459960937500e+02,8.890160918235778809e-01,7.272130737304687500e+02,7.255723266601562500e+02,9.084872603416442871e-01,7.194633178710937500e+02,8.999411621093750000e+02,8.231030106544494629e-01,5.993425903320312500e+02,1.023936767578125000e+03,5.468128323554992676e-01,6.070922851562500000e+02,1.027811645507812500e+03,6.469600200653076172e-01,5.993425903320312500e+02,1.020061889648437500e+03,5.289201140403747559e-01,6.070922851562500000e+02,1.027811645507812500e+03,6.918931007385253906e-01,6.032174682617187500e+02,9.968127441406250000e+02,8.075851798057556152e-01,6.032174682617187500e+02,1.000687561035156250e+03,7.045478820800781250e-01,5.911789230597763662e+02,6.549503886467773555e+02,1.963768714530268653e+02,3.954420886150419392e+02,0.000000000000000000e+00
7.111900000000000000e+04,2.570000000000000000e+02,1.092000000000000000e+04,1.380000000000000000e+02,7.859283447265625000e+02,6.955550537109375000e+02,8.974678516387939453e-01,7.824647216796875000e+02,6.851641845703125000e+02,7.710492610931396484e-01,7.790010986328125000e+02,6.886278076171875000e+02,9.043005108833312988e-01,7.339739990234375000e+02,6.817005615234375000e+02,5.124825239181518555e-01,7.582193603515625000e+02,6.886278076171875000e+02,7.383329868316650391e-01,7.305103759765625000e+02,7.405821533203125000e+02,7.112616300582885742e-01,7.374376220703125000e+02,7.509730224609375000e+02,8.734357357025146484e-01,7.443648681640625000e+02,8.202454833984375000e+02,8.589919805526733398e-01,7.374376220703125000e+02,8.375635986328125000e+02,8.271228075027465820e-01,7.859283447265625000e+02,8.479544677734375000e+02,7.934406399726867676e-01,7.582193603515625000e+02,9.102996826171875000e+02,8.908376097679138184e-01,7.409012451171875000e+02,9.172269287109375000e+02,7.057698965072631836e-01,7.409012451171875000e+02,9.172269287109375000e+02,8.497253656387329102e-01,7.374376220703125000e+02,1.003817504882812500e+03,6.192948818206787109e-01,7.478284912109375000e+02,1.017671997070312500e+03,6.543289422988891602e-01,6.577742919921875000e+02,1.007281127929687500e+03,5.519239902496337891e-01,6.577742919921875000e+02,1.014208374023437500e+03,4.034813940525054932e-01,7.616829833984375000e+02,6.539915771484375000e+02,9.965126514434814453e-01,7.409012451171875000e+02,7.163367919921875000e+02,8.396093845367431641e-01,7.409012451171875000e+02,9.102996826171875000e+02,7.427352070808410645e-01,6.543106689453125000e+02,1.028062866210937500e+03,4.547774493694305420e-01,6.612379150390625000e+02,1.031526489257812500e+03,5.023493766784667969e-01,6.577742919921875000e+02,1.028062866210937500e+03,4.575854539871215820e-01,6.612379150390625000e+02,1.031526489257812500e+03,5.104103088378906250e-01,6.369925537109375000e+02,1.007281127929687500e+03,5.987470746040344238e-01,6.369925537109375000e+02,1.014208374023437500e+03,5.180047750473022461e-01,6.375022568563636014e+02,6.483478337177066351e+02,1.800408623492844526e+02,3.687850337198073021e+02,0.000000000000000000e+00
7.112000000000000000e+04,2.570000000000000000e+02,1.092000000000000000e+04,1.390000000000000000e+02,8.029107055664062500e+02,6.982536010742187500e+02,9.106175899505615234e-01,7.994900512695312500e+02,6.879918212890625000e+02,8.165720701217651367e-01,7.994900512695312500e+02,6.879918212890625000e+02,9.586037993431091309e-01,7.481810302734375000e+02,6.845711669921875000e+02,4.315194487571716309e-01,7.755458374023437500e+02,6.879918212890625000e+02,7.816845178604125977e-01,7.618634033203125000e+02,7.393008422851562500e+02,7.455006837844848633e-01,7.550222167968750000e+02,7.495626831054687500e+02,8.909176588058471680e-01,7.687046508789062500e+02,8.282365722656250000e+02,8.477542996406555176e-01,7.550222167968750000e+02,8.419190063476562500e+02,9.159899950027465820e-01,7.994900512695312500e+02,8.727044677734375000e+02,6.670166850090026855e-01,7.789664306640625000e+02,9.137517089843750000e+02,8.865646123886108398e-01,7.652840576171875000e+02,9.171723022460937500e+02,6.879921555519104004e-01,7.584428100585937500e+02,9.171723022460937500e+02,8.379793167114257812e-01,7.618634033203125000e+02,1.016369873046875000e+03,4.735515415668487549e-01,7.652840576171875000e+02,1.016369873046875000e+03,5.947769284248352051e-01,6.968719482421875000e+02,1.009528625488281250e+03,3.627843260765075684e-01,6.934513549804687500e+02,1.016369873046875000e+03,3.655362427234649658e-01,7.789664306640625000e+02,6.503651733398437500e+02,9.380847215652465820e-01,7.618634033203125000e+02,7.153566284179687500e+02,9.182134270668029785e-01,7.618634033203125000e+02,9.103311157226562500e+02,8.080425858497619629e-01,6.968719482421875000e+02,1.019790466308593750e+03,3.912604749202728271e-01,6.934513549804687500e+02,1.019790466308593750e+03,3.465231060981750488e-01,7.020028686523437500e+02,1.024921386718750000e+03,3.304733633995056152e-01,6.900307006835937500e+02,1.019790466308593750e+03,3.729565739631652832e-01,6.797689208984375000e+02,1.009528625488281250e+03,4.749739468097686768e-01,6.831895141601562500e+02,1.016369873046875000e+03,4.815385341644287109e-01,6.728746698538614055e+02,6.410482276520551750e+02,1.699063601082817740e+02,3.554367456777755478e+02,0.000000000000000000e+00
7.112100000000000000e+04,2.570000000000000000e+02,1.092000000000000000e+04,1.400000000000000000e+02,8.232337646484375000e+02,6.933452758789062500e+02,8.284004926681518555e-01,8.232337646484375000e+02,6.818876342773437500e+02,7.402205467224121094e-01,8.155953979492187500e+02,6.857068481445312500e+02,8.588699102401733398e-01,7.621264038085937500e+02,6.818876342773437500e+02,4.230869114398956299e-01,7.888609008789062500e+02,6.895260620117187500e+02,7.536770701408386230e-01,7.621264038085937500e+02,7.353565673828125000e+02,6.532829403877258301e-01,7.774032592773437500e+02,7.429949951171875000e+02,8.583811521530151367e-01,7.697648315429687500e+02,8.270176391601562500e+02,6.959200501441955566e-01,7.774032592773437500e+02,8.346560668945312500e+02,7.623521685600280762e-01,8.041377563476562500e+02,9.072210693359375000e+02,7.180370688438415527e-01,7.964993286132812500e+02,9.148594970703125000e+02,8.598805665969848633e-01,7.697648315429687500e+02,9.186787109375000000e+02,6.981365680694580078e-01,7.774032592773437500e+02,9.186787109375000000e+02,7.450558543205261230e-01,7.583071899414062500e+02,1.025616577148437500e+03,6.032428145408630371e-01,7.850416870117187500e+02,1.029435791015625000e+03,5.477997064590454102e-01,7.468495483398437500e+02,1.063808715820312500e+03,3.054887950420379639e-01,7.907705078125000000e+02,1.069537597656250000e+03,3.002440631389617920e-01,7.964993286132812500e+02,6.475147094726562500e+02,9.171911478042602539e-01,7.774032592773437500e+02,7.124412841796875000e+02,8.015989065170288086e-01,7.697648315429687500e+02,9.072210693359375000e+02,7.488427162170410156e-01,7.678552246093750000e+02,1.069537597656250000e+03,9.963424503803253174e-02,8.136857910156250000e+02,1.069537597656250000e+03,2.002082206308841705e-02,7.602167968750000000e+02,1.069537597656250000e+03,9.511610120534896851e-02,8.060473632812500000e+02,1.069537597656250000e+03,5.469737574458122253e-02,7.373015136718750000e+02,1.069537597656250000e+03,1.286630332469940186e-01,7.754936523437500000e+02,1.069537597656250000e+03,1.223678439855575562e-01,6.878285447145929083e+02,6.380990908541771205e+02,1.765587217928726886e+02,3.784152840622891745e+02,0.000000000000000000e+00
7.112200000000000000e+04,2.570000000000000000e+02,1.092000000000000000e+04,1.410000000000000000e+02,8.453436279296875000e+02,6.888872680664062500e+02,8.935068249702453613e-01,8.453436279296875000e+02,6.813463745117187500e+02,7.919253110885620117e-01,8.378027343750000000e+02,6.813463745117187500e+02,9.211996793746948242e-01,7.963280029296875000e+02,6.775759887695312500e+02,4.872729480266571045e-01,8.189506225585937500e+02,6.851168212890625000e+02,7.693475484848022461e-01,7.812463378906250000e+02,7.341323852539062500e+02,6.588606834411621094e-01,7.963280029296875000e+02,7.416732788085937500e+02,8.840829133987426758e-01,7.850167236328125000e+02,8.246226806640625000e+02,6.270380616188049316e-01,7.963280029296875000e+02,8.321635742187500000e+02,8.270869851112365723e-01,8.038688964843750000e+02,8.962608642578125000e+02,3.646790683269500732e-01,8.189506225585937500e+02,9.113425903320312500e+02,8.520871400833129883e-01,7.737054443359375000e+02,9.075721435546875000e+02,6.538525819778442383e-01,8.000984497070312500e+02,9.113425903320312500e+02,6.527633070945739746e-01,7.548533325195312500e+02,1.009373718261718750e+03,5.078843832015991211e-01,8.227210083007812500e+02,1.020684997558593750e+03,4.511996209621429443e-01,7.473124389648437500e+02,1.047078002929687500e+03,5.006616711616516113e-01,8.151801757812500000e+02,1.062159667968750000e+03,3.423612713813781738e-01,8.227210083007812500e+02,6.474125366210937500e+02,8.850514292716979980e-01,8.038688964843750000e+02,7.115098266601562500e+02,9.034847617149353027e-01,7.850167236328125000e+02,9.000312500000000000e+02,7.409787178039550781e-01,7.699349975585937500e+02,1.039537109375000000e+03,3.077036142349243164e-01,8.396879882812500000e+02,1.067815307617187500e+03,4.891832172870635986e-02,7.623941650390625000e+02,1.039537109375000000e+03,2.986430823802947998e-01,8.396879882812500000e+02,1.067815307617187500e+03,1.085432693362236023e-01,7.397716064453125000e+02,1.062159667968750000e+03,3.283545374870300293e-01,8.019836425781250000e+02,1.067815307617187500e+03,1.355312913656234741e-01,7.072748236718935004e+02,6.395444351838559669e+02,1.750847992749993409e+02,3.832882214235607989e+02,0.000000000000000000e+00
7.112300000000000000e+04,2.570000000000000000e+02,1.092000000000000000e+04,1.430000000000000000e+02,8.864795532226562500e+02,6.956611328125000000e+02,8.679222464561462402e-01,8.824996948242187500e+02,6.837214965820312500e+02,6.703474521636962891e-01,8.785197753906250000e+02,6.837214965820312500e+02,8.343561291694641113e-01,8.267813720703125000e+02,6.877013549804687500e+02,6.919371485710144043e-01,8.546405029296875000e+02,6.877013549804687500e+02,8.209716677665710449e-01,8.347410888671875000e+02,7.394398193359375000e+02,7.130015492439270020e-01,8.347410888671875000e+02,7.473995971679687500e+02,8.917337059974670410e-01,8.387210083007812500e+02,8.230173339843750000e+02,6.030426025390625000e-01,8.427008666992187500e+02,8.349569702148437500e+02,8.225864171981811523e-01,8.387210083007812500e+02,8.787356567382812500e+02,3.756229579448699951e-01,8.626002807617187500e+02,9.105747070312500000e+02,8.646497130393981934e-01,7.949423217773437500e+02,8.827155761718750000e+02,6.376138329505920410e-01,8.267813720703125000e+02,8.946552124023437500e+02,7.128482460975646973e-01,7.591233520507812500e+02,9.662930908203125000e+02,7.010767459869384766e-01,8.904594726562500000e+02,9.941522216796875000e+02,2.901155650615692139e-01,7.392239379882812500e+02,1.033951049804687500e+03,6.699100136756896973e-01,8.904594726562500000e+02,1.057830322265625000e+03,4.975881576538085938e-01,8.546405029296875000e+02,6.558623046875000000e+02,8.489354252815246582e-01,8.387210083007812500e+02,7.155605468750000000e+02,8.434467315673828125e-01,8.148416748046875000e+02,8.787356567382812500e+02,7.354944944381713867e-01,7.591233520507812500e+02,1.033951049804687500e+03,4.749126434326171875e-01,9.183186035156250000e+02,1.049870605468750000e+03,2.679215073585510254e-01,7.591233520507812500e+02,1.025991333007812500e+03,5.302854180335998535e-01,9.222985229492187500e+02,1.053850463867187500e+03,3.416096866130828857e-01,7.312642211914062500e+02,1.037930908203125000e+03,7.063414454460144043e-01,8.944393310546875000e+02,1.065790161132812500e+03,3.661442995071411133e-01,7.314306530535238835e+02,6.447637342448061872e+02,1.812593900270762788e+02,4.020431794735569611e+02,0.000000000000000000e+00
7.112400000000000000e+04,2.570000000000000000e+02,1.092000000000000000e+04,1.450000000000000000e+02,9.270930786132812500e+02,7.069953002929687500e+02,8.977705240249633789e-01,9.270930786132812500e+02,6.956708984375000000e+02,8.418395519256591797e-01,9.195435180664062500e+02,6.956708984375000000e+02,8.960725665092468262e-01,8.780207519531250000e+02,6.918960571289062500e+02,5.049557089805603027e-01,9.006694946289062500e+02,6.956708984375000000e+02,8.706514239311218262e-01,8.591467285156250000e+02,7.409684448242187500e+02,8.026555776596069336e-01,8.780207519531250000e+02,7.522928466796875000e+02,8.549383878707885742e-01,8.629215087890625000e+02,8.315635986328125000e+02,6.160219311714172363e-01,8.817955322265625000e+02,8.391131591796875000e+02,8.892835974693298340e-01,8.742459106445312500e+02,8.881855468750000000e+02,3.905212879180908203e-01,9.044442749023437500e+02,9.146090698242187500e+02,8.934692144393920898e-01,8.478223266601562500e+02,8.995098876953125000e+02,7.122865915298461914e-01,8.817955322265625000e+02,9.070595092773437500e+02,6.753689646720886230e-01,8.062995605468750000e+02,9.787806396484375000e+02,3.919971585273742676e-01,9.421922607421875000e+02,9.787806396484375000e+02,5.681895613670349121e-01,7.572272338867187500e+02,1.020303405761718750e+03,3.265193998813629150e-01,9.610662841796875000e+02,1.039177368164062500e+03,5.041732192039489746e-01,9.082191162109375000e+02,6.616976928710937500e+02,8.678994178771972656e-01,8.855703125000000000e+02,7.183196411132812500e+02,9.201120734214782715e-01,8.629215087890625000e+02,8.957351074218750000e+02,7.742043137550354004e-01,7.685516357421875000e+02,1.016528625488281250e+03,2.227152287960052490e-01,9.799402465820312500e+02,1.039177368164062500e+03,4.605420827865600586e-01,7.723264160156250000e+02,1.016528625488281250e+03,3.259244561195373535e-01,9.799402465820312500e+02,1.042952148437500000e+03,5.121809244155883789e-01,7.421280517578125000e+02,1.024078247070312500e+03,4.639327526092529297e-01,9.686158447265625000e+02,1.050501831054687500e+03,4.868957996368408203e-01,7.564474237679112321e+02,6.506857224389132170e+02,1.808353064599175468e+02,3.919223089311708463e+02,0.000000000000000000e+00
7.112500000000000000e+04,2.570000000000000000e+02,1.092000000000000000e+04,1.460000000000000000e+02,9.483607177734375000e+02,7.048886108398437500e+02,8.947966694831848145e-01,9.483607177734375000e+02,6.933425292968750000e+02,7.109242081642150879e-01,9.445120239257812500e+02,6.933425292968750000e+02,8.629610538482666016e-01,8.983276367187500000e+02,6.894938354492187500e+02,6.170044541358947754e-01,9.252684936523437500e+02,6.933425292968750000e+02,8.677538037300109863e-01,8.867814941406250000e+02,7.433756103515625000e+02,7.524452805519104004e-01,8.983276367187500000e+02,7.549216918945312500e+02,9.072360992431640625e-01,8.829328002929687500e+02,8.318956909179687500e+02,7.002629041671752930e-01,8.983276367187500000e+02,8.395930786132812500e+02,8.883810043334960938e-01,8.983276367187500000e+02,8.934748535156250000e+02,4.994250535964965820e-01,9.252684936523437500e+02,9.165670776367187500e+02,8.702243566513061523e-01,8.713867187500000000e+02,9.011722412109375000e+02,6.313909292221069336e-01,8.944788818359375000e+02,9.050209960937500000e+02,6.725829839706420898e-01,8.175049438476562500e+02,9.704488525390625000e+02,6.309984326362609863e-01,9.560581054687500000e+02,9.858436279296875000e+02,5.533514022827148438e-01,7.520770263671875000e+02,1.028179321289062500e+03,6.791486740112304688e-01,9.522094116210937500e+02,1.047422851562500000e+03,4.613813757896423340e-01,9.291171875000000000e+02,6.625529174804687500e+02,9.315097928047180176e-01,9.098737182617187500e+02,7.164346923828125000e+02,8.446612954139709473e-01,8.829328002929687500e+02,8.934748535156250000e+02,7.823531627655029297e-01,7.751692504882812500e+02,1.055120239257812500e+03,3.260730504989624023e-01,9.945451049804687500e+02,1.047422851562500000e+03,3.968013823032379150e-01,7.790179443359375000e+02,1.035876708984375000e+03,3.321865499019622803e-01,9.945451049804687500e+02,1.051271484375000000e+03,3.563543260097503662e-01,7.405309448242187500e+02,1.035876708984375000e+03,7.763032913208007812e-01,7.944127197265625000e+02,1.028179321289062500e+03,1.730766296386718750e-01,7.614027208780948968e+02,6.569568065361844447e+02,1.868203646117358403e+02,3.935982477173466805e+02,0.000000000000000000e+00
7.112600000000000000e+04,2.570000000000000000e+02,1.092000000000000000e+04,1.470000000000000000e+02,9.696973266601562500e+02,7.078629150390625000e+02,9.084897041320800781e-01,9.696973266601562500e+02,6.962473144531250000e+02,8.387562632560729980e-01,9.658255004882812500e+02,6.962473144531250000e+02,8.846409916877746582e-01,9.154914550781250000e+02,6.962473144531250000e+02,4.814467430114746094e-01,9.425944213867187500e+02,7.001192016601562500e+02,8.156010508537292480e-01,9.232351684570312500e+02,7.543250732421875000e+02,7.239724397659301758e-01,9.193632812500000000e+02,7.581968994140625000e+02,9.042904973030090332e-01,9.154914550781250000e+02,8.395057373046875000e+02,7.479031085968017578e-01,9.154914550781250000e+02,8.472494506835937500e+02,8.896635770797729492e-01,9.309788208007812500e+02,9.053272094726562500e+02,5.558884739875793457e-01,9.425944213867187500e+02,9.208145751953125000e+02,8.635677099227905273e-01,9.038759155273437500e+02,9.208145751953125000e+02,6.354573965072631836e-01,9.232351684570312500e+02,9.246864624023437500e+02,6.898238062858581543e-01,8.380544433593750000e+02,9.905078735351562500e+02,5.345667600631713867e-01,9.735692138671875000e+02,1.013738952636718750e+03,5.852898955345153809e-01,7.683612060546875000e+02,1.029226318359375000e+03,4.564118683338165283e-01,9.696973266601562500e+02,1.060201171875000000e+03,2.878508567810058594e-01,9.464662475585937500e+02,6.652725219726562500e+02,7.906019091606140137e-01,9.271069946289062500e+02,7.233502807617187500e+02,8.278785943984985352e-01,9.116196289062500000e+02,9.130708618164062500e+02,7.313115000724792480e-01,7.838485717773437500e+02,1.048585571289062500e+03,2.400093078613281250e-01,7.993359985351562500e+02,1.040841918945312500e+03,1.300848424434661865e-01,7.838485717773437500e+02,1.033098266601562500e+03,2.700071036815643311e-01,1.004544006347656250e+03,1.052457397460937500e+03,1.499097496271133423e-01,7.567456665039062500e+02,1.029226318359375000e+03,4.578665792942047119e-01,7.567456665039062500e+02,1.033098266601562500e+03,3.850200474262237549e-01,7.770769333870814535e+02,6.584979797574399072e+02,1.927927484664626263e+02,3.957623379818996909e+02,0.000000000000000000e+00
7.112700000000000000e+04,2.570000000000000000e+02,1.092000000000000000e+04,1.480000000000000000e+02,9.877423095703125000e+02,7.038500366210937500e+02,8.654826283454895020e-01,9.877423095703125000e+02,6.961159057617187500e+02,7.109586596488952637e-01,9.838752441406250000e+02,6.961159057617187500e+02,8.382812738418579102e-01,9.374704589843750000e+02,6.961159057617187500e+02,4.909044802188873291e-01,9.645399169921875000e+02,6.999829711914062500e+02,8.002364039421081543e-01,9.336033325195312500e+02,7.502548828125000000e+02,7.369136214256286621e-01,9.413375244140625000e+02,7.579890136718750000e+02,9.294368624687194824e-01,9.258692016601562500e+02,8.391974487304687500e+02,6.285513043403625488e-01,9.374704589843750000e+02,8.469315795898437500e+02,8.744494318962097168e-01,9.452045898437500000e+02,9.049376220703125000e+02,7.533213496208190918e-01,9.568057861328125000e+02,9.204058837890625000e+02,8.622313141822814941e-01,9.220021362304687500e+02,9.242729492187500000e+02,6.601256132125854492e-01,9.336033325195312500e+02,9.281400146484375000e+02,6.814391016960144043e-01,8.717302856445312500e+02,9.938801269531250000e+02,4.923680424690246582e-01,9.568057861328125000e+02,1.020949645996093750e+03,4.865822196006774902e-01,7.943889160156250000e+02,1.017082580566406250e+03,7.144863009452819824e-01,7.943889160156250000e+02,1.028683715820312500e+03,4.597847461700439453e-01,9.645399169921875000e+02,6.651793823242187500e+02,8.142821192741394043e-01,9.490716552734375000e+02,7.231854248046875000e+02,7.771986126899719238e-01,9.258692016601562500e+02,9.165388183593750000e+02,6.982612609863281250e-01,7.943889160156250000e+02,1.040284912109375000e+03,3.501698374748229980e-01,8.059901123046875000e+02,1.044152099609375000e+03,3.801278471946716309e-01,7.943889160156250000e+02,1.032550781250000000e+03,3.812668621540069580e-01,7.943889160156250000e+02,1.048019165039062500e+03,3.847762644290924072e-01,7.789206542968750000e+02,1.017082580566406250e+03,6.677692532539367676e-01,7.750535888671875000e+02,1.028683715820312500e+03,5.868299603462219238e-01,7.907173005238933001e+02,6.589821013413645687e+02,1.972745546735972084e+02,3.962291590099309815e+02,0.000000000000000000e+00
7.112800000000000000e+04,2.570000000000000000e+02,1.092000000000000000e+04,1.490000000000000000e+02,1.011594970703125000e+03,7.054965820312500000e+02,8.906395435333251953e-01,1.011594970703125000e+03,6.933442993164062500e+02,8.104878067970275879e-01,1.007544250488281250e+03,6.973950195312500000e+02,8.957570791244506836e-01,9.629859008789062500e+02,6.933442993164062500e+02,5.906885266304016113e-01,9.832396850585937500e+02,6.973950195312500000e+02,7.755982279777526855e-01,9.427321166992187500e+02,7.419533691406250000e+02,7.531856894493103027e-01,9.710874023437500000e+02,7.541056518554687500e+02,9.152774214744567871e-01,9.467828979492187500e+02,8.310700073242187500e+02,6.431252360343933105e-01,9.629859008789062500e+02,8.432222290039062500e+02,8.574511408805847168e-01,9.589351806640625000e+02,8.999328613281250000e+02,4.177544414997100830e-01,9.751381835937500000e+02,9.201866455078125000e+02,8.852686285972595215e-01,9.467828979492187500e+02,9.242373657226562500e+02,6.213734149932861328e-01,9.791889648437500000e+02,9.282881469726562500e+02,7.132776379585266113e-01,9.467828979492187500e+02,1.021455505371093750e+03,5.927186012268066406e-01,9.953919677734375000e+02,1.033607788085937500e+03,7.288472056388854980e-01,8.374124755859375000e+02,1.009303222656250000e+03,3.474574983119964600e-01,9.872904663085937500e+02,1.061963012695312500e+03,5.556014180183410645e-01,9.872904663085937500e+02,6.609382324218750000e+02,9.282347559928894043e-01,9.710874023437500000e+02,7.216995849609375000e+02,8.484129905700683594e-01,9.629859008789062500e+02,9.161358642578125000e+02,7.620052099227905273e-01,8.090571899414062500e+02,1.025506225585937500e+03,6.211706399917602539e-01,8.090571899414062500e+02,1.037658569335937500e+03,4.069635868072509766e-01,8.090571899414062500e+02,1.017404785156250000e+03,5.436720252037048340e-01,8.090571899414062500e+02,1.033607788085937500e+03,3.382186591625213623e-01,8.131079711914062500e+02,1.005252502441406250e+03,4.625859260559082031e-01,8.131079711914062500e+02,1.017404785156250000e+03,3.900007307529449463e-01,8.245117492852552914e+02,6.534492063645377584e+02,2.031212346362440258e+02,4.087664919367427956e+02,0.000000000000000000e+00
7.112900000000000000e+04,2.570000000000000000e+02,1.092000000000000000e+04,1.500000000000000000e+02,1.029556640625000000e+03,7.035935058593750000e+02,8.506715297698974609e-01,1.029556640625000000e+03,6.952166137695312500e+02,7.091345787048339844e-01,1.025368286132812500e+03,6.952166137695312500e+02,8.604086637496948242e-01,9.792953491210937500e+02,6.910281982421875000e+02,5.998429656028747559e-01,1.008614440917968750e+03,6.994050903320312500e+02,7.867282629013061523e-01,9.667300415039062500e+02,7.454779663085937500e+02,7.889702320098876953e-01,9.834838256835937500e+02,7.538548583984375000e+02,9.699496030807495117e-01,9.709184570312500000e+02,8.292468261718750000e+02,6.890676021575927734e-01,9.792953491210937500e+02,8.418121337890625000e+02,8.521043062210083008e-01,1.008614440917968750e+03,9.004503784179687500e+02,7.631480097770690918e-01,9.876722412109375000e+02,9.172041625976562500e+02,8.738756775856018066e-01,9.667300415039062500e+02,9.088272705078125000e+02,6.898332238197326660e-01,9.709184570312500000e+02,9.172041625976562500e+02,7.525451779365539551e-01,9.751069335937500000e+02,9.967845458984375000e+02,5.493113994598388672e-01,9.709184570312500000e+02,1.005161437988281250e+03,6.353347301483154297e-01,8.787727050781250000e+02,1.013538330078125000e+03,5.696762204170227051e-01,8.955264892578125000e+02,1.038668945312500000e+03,5.457261800765991211e-01,1.004426025390625000e+03,6.617091064453125000e+02,9.210612773895263672e-01,9.876722412109375000e+02,7.203472900390625000e+02,9.283635020256042480e-01,9.667300415039062500e+02,9.046387939453125000e+02,7.365971803665161133e-01,8.452651977539062500e+02,1.026103637695312500e+03,6.062619686126708984e-01,1.004426025390625000e+03,1.059611206054687500e+03,5.485373139381408691e-01,8.536420288085937500e+02,1.021915222167968750e+03,6.619480252265930176e-01,1.000237548828125000e+03,1.063799682617187500e+03,5.903441309928894043e-01,8.536420288085937500e+02,1.005161437988281250e+03,6.673394441604614258e-01,8.829611816406250000e+02,1.034480590820312500e+03,6.515810489654541016e-01,8.606400415198291967e+02,6.488780947492763289e+02,2.048972182801629742e+02,4.226251709425160925e+02,0.000000000000000000e+00
7.113000000000000000e+04,2.570000000000000000e+02,1.090600000000000000e+04,1.510000000000000000e+02,1.052811645507812500e+03,7.017949218750000000e+02,8.897619843482971191e-01,1.052811645507812500e+03,6.937897338867187500e+02,7.335740327835083008e-01,1.044806396484375000e+03,6.937897338867187500e+02,8.516917824745178223e-01,9.967752075195312500e+02,6.857845458984375000e+02,5.562328696250915527e-01,1.024793457031250000e+03,6.937897338867187500e+02,8.102878332138061523e-01,9.887700195312500000e+02,7.378182983398437500e+02,7.529397606849670410e-01,1.000777832031250000e+03,7.498261108398437500e+02,8.952602744102478027e-01,1.004780456542968750e+03,8.258754272460937500e+02,6.906905174255371094e-01,9.927726440429687500e+02,8.378832397460937500e+02,8.355117440223693848e-01,1.032798583984375000e+03,8.979221801757812500e+02,6.761074066162109375e-01,1.008783020019531250e+03,9.099299316406250000e+02,8.264975547790527344e-01,9.887700195312500000e+02,9.099299316406250000e+02,6.568761467933654785e-01,9.967752075195312500e+02,9.099299316406250000e+02,8.305404782295227051e-01,9.887700195312500000e+02,9.779741210937500000e+02,5.995808243751525879e-01,9.927726440429687500e+02,9.939844970703125000e+02,6.210846304893493652e-01,9.247285156250000000e+02,1.026005249023437500e+03,4.351249635219573975e-01,9.007128906250000000e+02,1.018000061035156250e+03,3.683590292930603027e-01,1.028796020507812500e+03,6.577663574218750000e+02,8.671376109123229980e-01,1.008783020019531250e+03,7.138027343750000000e+02,8.040131330490112305e-01,9.927726440429687500e+02,9.019247436523437500e+02,7.429248690605163574e-01,9.847674560546875000e+02,1.054023437500000000e+03,5.604237318038940430e-01,9.167233276367187500e+02,1.042015625000000000e+03,6.022194623947143555e-01,9.807648315429687500e+02,1.046018188476562500e+03,4.564447402954101562e-01,9.087181396484375000e+02,1.046018188476562500e+03,5.846876502037048340e-01,8.887051391601562500e+02,1.018000061035156250e+03,5.042515397071838379e-01,8.887051391601562500e+02,1.013997436523437500e+03,6.201776266098022461e-01,8.805687968472618650e+02,6.501881032606034978e+02,1.997352687903362494e+02,4.155465409351385233e+02,0.000000000000000000e+00
7.113100000000000000e+04,2.570000000000000000e+02,1.090600000000000000e+04,1.520000000000000000e+02,1.070894287109375000e+03,7.070164184570312500e+02,9.101285934448242188e-01,1.070894287109375000e+03,6.950080566406250000e+02,7.718226313591003418e-01,1.066891479492187500e+03,6.950080566406250000e+02,9.012232422828674316e-01,1.014855224609375000e+03,6.870025024414062500e+02,5.788052678108215332e-01,1.038871948242187500e+03,6.950080566406250000e+02,8.110991120338439941e-01,1.002846862792968750e+03,7.390387573242187500e+02,7.878593802452087402e-01,1.018858032226562500e+03,7.470443725585937500e+02,9.300780296325683594e-01,1.030866455078125000e+03,8.230974121093750000e+02,6.648574471473693848e-01,1.014855224609375000e+03,8.351057739257812500e+02,8.674725294113159180e-01,1.050880371093750000e+03,8.951477050781250000e+02,7.316560745239257812e-01,1.030866455078125000e+03,9.071560668945312500e+02,8.579732775688171387e-01,1.002846862792968750e+03,8.951477050781250000e+02,6.817151308059692383e-01,1.014855224609375000e+03,8.991504516601562500e+02,7.954613566398620605e-01,1.006849670410156250e+03,9.752035522460937500e+02,6.306028366088867188e-01,1.026863647460937500e+03,9.832091064453125000e+02,5.791012644767761230e-01,9.868356933593750000e+02,1.031242675781250000e+03,6.082257628440856934e-01,9.508105468750000000e+02,1.035245361328125000e+03,5.068113207817077637e-01,1.046877563476562500e+03,6.549801635742187500e+02,8.813210725784301758e-01,1.022860839843750000e+03,7.150220336914062500e+02,8.775082826614379883e-01,1.006849670410156250e+03,8.911448974609375000e+02,7.372430562973022461e-01,1.010852416992187500e+03,1.051256591796875000e+03,6.057149767875671387e-01,9.988440551757812500e+02,1.055259399414062500e+03,7.567107677459716797e-01,1.002846862792968750e+03,1.043250976562500000e+03,6.880715489387512207e-01,9.948412475585937500e+02,1.059262207031250000e+03,7.923715114593505859e-01,9.628189086914062500e+02,1.043250976562500000e+03,4.152791500091552734e-01,9.307965698242187500e+02,1.031242675781250000e+03,7.908718585968017578e-01,9.030237016501617973e+02,6.515091335937866006e+02,1.954423543597662274e+02,4.126092267379838177e+02,0.000000000000000000e+00
7.113200000000000000e+04,2.570000000000000000e+02,1.090600000000000000e+04,1.530000000000000000e+02,1.087370483398437500e+03,6.959038696289062500e+02,8.624547719955444336e-01,1.087370483398437500e+03,6.875748291015625000e+02,6.884159445762634277e-01,1.083205932617187500e+03,6.875748291015625000e+02,8.488036394119262695e-01,1.037396118164062500e+03,6.834102783203125000e+02,5.905938148498535156e-01,1.066547851562500000e+03,6.875748291015625000e+02,8.318764567375183105e-01,1.033231567382812500e+03,7.375491943359375000e+02,7.893330454826354980e-01,1.041560668945312500e+03,7.458782348632812500e+02,9.297993183135986328e-01,1.045725219726562500e+03,8.208397827148437500e+02,7.312307953834533691e-01,1.037396118164062500e+03,8.333333740234375000e+02,7.975168824195861816e-01,1.074876831054687500e+03,8.916367797851562500e+02,7.879443764686584473e-01,1.054054199218750000e+03,9.041303710937500000e+02,8.739364147186279297e-01,1.016573486328125000e+03,8.916367797851562500e+02,6.637984514236450195e-01,1.037396118164062500e+03,8.958013305664062500e+02,7.340276241302490234e-01,1.020737976074218750e+03,9.790919189453125000e+02,6.262144446372985840e-01,1.083205932617187500e+03,9.957500610351562500e+02,5.407276153564453125e-01,9.832572021484375000e+02,1.037395385742187500e+03,5.639845132827758789e-01,1.066547851562500000e+03,1.058218017578125000e+03,4.281879961490631104e-01,1.066547851562500000e+03,6.542585449218750000e+02,8.810071945190429688e-01,1.049889648437500000e+03,7.083974609375000000e+02,9.159989356994628906e-01,1.024902465820312500e+03,8.874722900390625000e+02,7.962878942489624023e-01,1.020737976074218750e+03,1.054053466796875000e+03,9.219323396682739258e-01,1.029067016601562500e+03,1.045724365234375000e+03,5.804758071899414062e-01,1.016573486328125000e+03,1.049888916015625000e+03,8.516318202018737793e-01,1.024902465820312500e+03,1.049888916015625000e+03,4.750120341777801514e-01,9.582700195312500000e+02,1.054053466796875000e+03,6.008884310722351074e-01,9.915863037109375000e+02,1.041559936523437500e+03,3.158547580242156982e-01,9.321069759169560029e+02,6.459652106589450113e+02,1.965743260932314342e+02,4.223364164756281980e+02,0.000000000000000000e+00
7.113300000000000000e+04,2.570000000000000000e+02,1.091700000000000000e+04,1.540000000000000000e+02,1.107819580078125000e+03,6.954408569335937500e+02,9.482029676437377930e-01,1.107819580078125000e+03,6.873402709960937500e+02,7.450887560844421387e-01,1.103769287109375000e+03,6.873402709960937500e+02,9.032683968544006348e-01,1.051115600585937500e+03,6.873402709960937500e+02,5.780164599418640137e-01,1.083517944335937500e+03,6.913905639648437500e+02,8.728834390640258789e-01,1.047065307617187500e+03,7.359437255859375000e+02,8.187727928161621094e-01,1.059216186523437500e+03,7.480945434570312500e+02,9.512378573417663574e-01,1.051115600585937500e+03,8.250499877929687500e+02,8.530141711235046387e-01,1.059216186523437500e+03,8.331505737304687500e+02,8.735673427581787109e-01,1.083517944335937500e+03,8.898545532226562500e+02,7.089375853538513184e-01,1.083517944335937500e+03,9.101059570312500000e+02,8.809410929679870605e-01,1.043015014648437500e+03,8.979551391601562500e+02,8.512723445892333984e-01,1.059216186523437500e+03,9.020054321289062500e+02,8.560793399810791016e-01,1.034914550781250000e+03,9.911116943359375000e+02,8.002198934555053711e-01,1.095668823242187500e+03,9.992122802734375000e+02,5.475289225578308105e-01,1.018713378906250000e+03,1.051865966796875000e+03,7.177901864051818848e-01,1.079467651367187500e+03,1.051865966796875000e+03,5.540738105773925781e-01,1.083517944335937500e+03,6.508876953125000000e+02,8.682270050048828125e-01,1.063266479492187500e+03,7.116419677734375000e+02,8.590957522392272949e-01,1.047065307617187500e+03,8.939048461914062500e+02,8.520405292510986328e-01,1.022763610839843750e+03,1.055916259765625000e+03,4.132297039031982422e-01,1.095668823242187500e+03,1.059966552734375000e+03,2.973897159099578857e-01,1.014663085937500000e+03,1.055916259765625000e+03,5.216931700706481934e-01,1.099719116210937500e+03,1.059966552734375000e+03,3.341595530509948730e-01,1.014663085937500000e+03,1.055916259765625000e+03,4.388126730918884277e-01,1.051115600585937500e+03,1.051865966796875000e+03,3.779779076576232910e-01,9.685117955206202396e+02,6.471744117742322260e+02,1.892752449634757568e+02,4.182957758029580191e+02,0.000000000000000000e+00
7.113400000000000000e+04,2.570000000000000000e+02,1.091700000000000000e+04,1.550000000000000000e+02,1.123749267578125000e+03,7.040773925781250000e+02,9.375898241996765137e-01,1.123749267578125000e+03,6.918962402343750000e+02,7.781577110290527344e-01,1.119688964843750000e+03,6.918962402343750000e+02,9.145270586013793945e-01,1.079085083007812500e+03,6.959566040039062500e+02,6.075766682624816895e-01,1.099387084960937500e+03,7.000170288085937500e+02,8.362373709678649902e-01,1.066903930664062500e+03,7.406208496093750000e+02,8.368488550186157227e-01,1.083145507812500000e+03,7.528019409179687500e+02,8.871876597404479980e-01,1.075024780273437500e+03,8.258888549804687500e+02,7.765721082687377930e-01,1.079085083007812500e+03,8.421303710937500000e+02,8.578237295150756836e-01,1.111568115234375000e+03,8.664926757812500000e+02,6.386412978172302246e-01,1.103447387695312500e+03,9.070964965820312500e+02,9.096550941467285156e-01,1.050662475585937500e+03,8.949153442382812500e+02,7.820027470588684082e-01,1.079085083007812500e+03,8.989757080078125000e+02,7.739854454994201660e-01,1.030360595703125000e+03,9.801833496093750000e+02,8.166096806526184082e-01,1.091266235351562500e+03,9.964248657226562500e+02,5.362886190414428711e-01,1.010058654785156250e+03,1.053270263671875000e+03,7.743412852287292480e-01,1.099387084960937500e+03,1.057330566406250000e+03,7.590380907058715820e-01,1.099387084960937500e+03,6.553527832031250000e+02,8.816072940826416016e-01,1.087205932617187500e+03,7.203189086914062500e+02,8.740754723548889160e-01,1.062843627929687500e+03,8.908549194335937500e+02,8.352635502815246582e-01,1.014119018554687500e+03,1.057330566406250000e+03,6.813886165618896484e-01,1.103447387695312500e+03,1.057330566406250000e+03,3.463181555271148682e-01,1.005998229980468750e+03,1.057330566406250000e+03,7.076517343521118164e-01,1.139990844726562500e+03,1.065451293945312500e+03,4.807752072811126709e-01,1.010058654785156250e+03,1.061390991210937500e+03,5.149219036102294922e-01,1.095326660156250000e+03,1.065451293945312500e+03,5.653310418128967285e-01,9.863589917268191130e+02,6.532747665050649175e+02,1.871515349396249803e+02,4.172950806731380453e+02,0.000000000000000000e+00
7.113500000000000000e+04,2.570000000000000000e+02,1.092000000000000000e+04,1.560000000000000000e+02,1.144078369140625000e+03,7.085003662109375000e+02,5.943679809570312500e-01,1.075635986328125000e+03,6.818838500976562500e+02,4.409273564815521240e-01,1.140276123046875000e+03,6.970932617187500000e+02,6.221215724945068359e-01,1.090845458984375000e+03,6.970932617187500000e+02,5.938494801521301270e-01,1.125066650390625000e+03,7.008956298828125000e+02,6.230603456497192383e-01,1.094647827148437500e+03,7.427215576171875000e+02,6.600240468978881836e-01,1.098450073242187500e+03,7.541286621093750000e+02,8.597645163536071777e-01,1.098450073242187500e+03,8.225711059570312500e+02,6.943536400794982910e-01,1.098450073242187500e+03,8.415828857421875000e+02,8.408527970314025879e-01,1.136473754882812500e+03,8.415828857421875000e+02,8.929823040962219238e-01,1.132671386718750000e+03,9.100253295898437500e+02,8.411462306976318359e-01,1.060426513671875000e+03,8.796064453125000000e+02,4.458040595054626465e-01,1.087043090820312500e+03,8.910135498046875000e+02,5.088003277778625488e-01,9.957864379882812500e+02,9.632583618164062500e+02,5.206702947616577148e-01,1.117461914062500000e+03,9.860725097656250000e+02,4.934261143207550049e-01,9.653676147460937500e+02,1.035503173828125000e+03,7.488249540328979492e-01,1.125066650390625000e+03,1.050712524414062500e+03,4.377015829086303711e-01,1.121264282226562500e+03,6.628720703125000000e+02,8.018977642059326172e-01,1.102252441406250000e+03,7.199074096679687500e+02,7.069253921508789062e-01,1.071833618164062500e+03,8.758040771484375000e+02,6.754266023635864258e-01,1.003391174316406250e+03,1.050712524414062500e+03,5.592095851898193359e-01,9.957864379882812500e+02,1.046910156250000000e+03,3.210908472537994385e-01,9.995888061523437500e+02,1.043107910156250000e+03,5.959319472312927246e-01,9.919841308593750000e+02,1.050712524414062500e+03,2.038042843341827393e-01,9.539605102539062500e+02,1.046910156250000000e+03,4.720473289489746094e-01,9.501581420898437500e+02,1.050712524414062500e+03,3.326518535614013672e-01,9.766426784427314942e+02,6.629947939004164255e+02,1.831883697976531948e+02,3.994375504119593643e+02,0.000000000000000000e+00
7.113600000000000000e+04,2.570000000000000000e+02,1.092000000000000000e+04,1.570000000000000000e+02,1.162727416992187500e+03,7.130583496093750000e+02,8.606812953948974609e-01,1.166817382812500000e+03,7.007883911132812500e+02,6.616094708442687988e-01,1.158637451171875000e+03,7.007883911132812500e+02,8.526563048362731934e-01,1.113647460937500000e+03,7.048783569335937500e+02,7.057965993881225586e-01,1.138187500000000000e+03,7.089683837890625000e+02,7.723525166511535645e-01,1.105467529296875000e+03,7.498682861328125000e+02,7.479810714721679688e-01,1.121827514648437500e+03,7.621383056640625000e+02,8.641372323036193848e-01,1.117737548828125000e+03,8.275781860351562500e+02,7.720597982406616211e-01,1.121827514648437500e+03,8.480281372070312500e+02,9.165480136871337891e-01,1.158637451171875000e+03,8.439381713867187500e+02,9.161903262138366699e-01,1.154547485351562500e+03,9.175580444335937500e+02,9.106786847114562988e-01,1.109557495117187500e+03,9.011980590820312500e+02,5.939348340034484863e-01,1.085017578125000000e+03,8.971080932617187500e+02,6.623561382293701172e-01,1.142277465820312500e+03,9.952679443359375000e+02,6.318897604942321777e-01,1.023667663574218750e+03,9.625479736328125000e+02,5.004535317420959473e-01,1.138187500000000000e+03,1.060707885742187500e+03,3.083052635192871094e-01,9.745877075195312500e+02,1.036167846679687500e+03,4.605599641799926758e-01,1.142277465820312500e+03,6.680684204101562500e+02,7.975305914878845215e-01,1.121827514648437500e+03,7.294183349609375000e+02,8.882807493209838867e-01,1.097287597656250000e+03,8.930180664062500000e+02,8.124440312385559082e-01,9.991276855468750000e+02,1.052527832031250000e+03,7.564991712570190430e-01,1.003217712402343750e+03,1.044347900390625000e+03,2.004193067550659180e-01,9.909476928710937500e+02,1.048437866210937500e+03,6.865881681442260742e-01,1.162727416992187500e+03,1.077067871093750000e+03,1.490878760814666748e-01,9.582277221679687500e+02,1.048437866210937500e+03,7.965002655982971191e-01,1.130007446289062500e+03,1.077067871093750000e+03,3.484119176864624023e-01,9.855466641166400450e+02,6.567108440015283577e+02,1.916346961137857079e+02,4.122773133257114750e+02,0.000000000000000000e+00
7.113700000000000000e+04,2.570000000000000000e+02,1.092000000000000000e+04,1.580000000000000000e+02,1.182683349609375000e+03,7.123643188476562500e+02,7.795894742012023926e-01,1.182683349609375000e+03,7.045825195312500000e+02,5.048644542694091797e-01,1.178792480468750000e+03,7.045825195312500000e+02,7.167456746101379395e-01,1.132101684570312500e+03,6.968007202148437500e+02,4.952107667922973633e-01,1.163228881835937500e+03,7.084734497070312500e+02,7.071126103401184082e-01,1.124319824218750000e+03,7.473824462890625000e+02,5.824409127235412598e-01,1.143774291992187500e+03,7.590551757812500000e+02,8.313413858413696289e-01,1.139883422851562500e+03,8.213095703125000000e+02,6.333581805229187012e-01,1.139883422851562500e+03,8.446550292968750000e+02,7.327660322189331055e-01,1.182683349609375000e+03,8.368731689453125000e+02,8.672024011611938477e-01,1.174901611328125000e+03,9.146912231445312500e+02,7.417309880256652832e-01,1.093192626953125000e+03,8.874549560546875000e+02,3.660685718059539795e-01,1.089301757812500000e+03,8.874549560546875000e+02,4.653724133968353271e-01,1.042610839843750000e+03,9.613820800781250000e+02,2.968865633010864258e-01,1.042610839843750000e+03,9.613820800781250000e+02,5.882483124732971191e-01,1.023156372070312500e+03,1.046981933593750000e+03,2.411130964756011963e-01,9.764655761718750000e+02,1.031418334960937500e+03,7.478551268577575684e-01,1.159338012695312500e+03,6.695643920898437500e+02,7.823492288589477539e-01,1.143774291992187500e+03,7.279279174804687500e+02,7.748780250549316406e-01,1.093192626953125000e+03,8.757822265625000000e+02,5.711652040481567383e-01,1.003701843261718750e+03,1.050872802734375000e+03,5.583118796348571777e-01,9.998109741210937500e+02,1.050872802734375000e+03,6.993703246116638184e-01,1.003701843261718750e+03,1.046981933593750000e+03,4.925969243049621582e-01,9.959200439453125000e+02,1.050872802734375000e+03,5.835690498352050781e-01,9.686837768554687500e+02,1.043091064453125000e+03,4.158331751823425293e-01,9.647928466796875000e+02,1.039200073242187500e+03,6.849321126937866211e-01,9.887693894881664392e+02,6.609839087917810048e+02,1.949864167249496631e+02,4.035573616976473659e+02,0.000000000000000000e+00
7.113800000000000000e+04,2.570000000000000000e+02,1.091700000000000000e+04,1.590000000000000000e+02,1.204393920898437500e+03,7.182832031250000000e+02,9.057341217994689941e-01,1.204393920898437500e+03,7.108586425781250000e+02,7.942013740539550781e-01,1.200681640625000000e+03,7.108586425781250000e+02,8.862211108207702637e-01,1.156134399414062500e+03,6.997218627929687500e+02,5.251931548118591309e-01,1.185832519531250000e+03,7.108586425781250000e+02,8.296678662300109863e-01,1.144997558593750000e+03,7.516937255859375000e+02,7.018222212791442871e-01,1.163558959960937500e+03,7.628305053710937500e+02,8.571943640708923340e-01,1.141285278320312500e+03,8.296514892578125000e+02,5.689986348152160645e-01,1.167271240234375000e+03,8.519251098632812500e+02,7.519735693931579590e-01,1.196969360351562500e+03,8.407883300781250000e+02,6.024314761161804199e-01,1.196969360351562500e+03,9.187460937500000000e+02,7.782016396522521973e-01,1.126436157226562500e+03,9.001846923828125000e+02,5.183123946189880371e-01,1.122723876953125000e+03,9.038969726562500000e+02,5.528644323348999023e-01,1.081888916015625000e+03,9.892792968750000000e+02,2.849816977977752686e-01,1.063327514648437500e+03,9.744302368164062500e+02,6.189163923263549805e-01,1.037341552734375000e+03,1.048675659179687500e+03,4.949088990688323975e-01,9.890819702148437500e+02,1.030114379882812500e+03,8.008709549903869629e-01,1.185832519531250000e+03,6.737359008789062500e+02,8.591521978378295898e-01,1.167271240234375000e+03,7.294200439453125000e+02,8.792564868927001953e-01,1.119011596679687500e+03,8.927601318359375000e+02,5.949393510818481445e-01,1.052190673828125000e+03,1.063524780273437500e+03,3.518164455890655518e-01,1.007643371582031250e+03,1.044963378906250000e+03,6.499386429786682129e-01,1.048478393554687500e+03,1.059812500000000000e+03,3.197814822196960449e-01,1.000218811035156250e+03,1.044963378906250000e+03,5.697880387306213379e-01,1.026204711914062500e+03,1.056100219726562500e+03,4.792015850543975830e-01,9.779451293945312500e+02,1.033826660156250000e+03,8.998293280601501465e-01,9.953830506824497206e+02,6.705253320739358287e+02,1.941987789460463318e+02,3.879614034027316620e+02,0.000000000000000000e+00
7.113900000000000000e+04,2.570000000000000000e+02,1.091700000000000000e+04,1.600000000000000000e+02,1.227720825195312500e+03,7.186632080078125000e+02,7.247096300125122070e-01,1.161391845703125000e+03,6.874495849609375000e+02,4.286593198776245117e-01,1.219917358398437500e+03,7.147615356445312500e+02,7.287728190422058105e-01,1.180900268554687500e+03,7.186632080078125000e+02,5.420844554901123047e-01,1.200408813476562500e+03,7.225649414062500000e+02,7.106918692588806152e-01,1.153588378906250000e+03,7.498768920898437500e+02,6.937561631202697754e-01,1.192605468750000000e+03,7.693853759765625000e+02,8.894321322441101074e-01,1.157490112304687500e+03,8.357143554687500000e+02,6.540158987045288086e-01,1.188703735351562500e+03,8.552229003906250000e+02,8.373341560363769531e-01,1.219917358398437500e+03,8.396160888671875000e+02,7.352662086486816406e-01,1.219917358398437500e+03,9.215518798828125000e+02,8.962798118591308594e-01,1.145784912109375000e+03,9.020433959960937500e+02,5.734927058219909668e-01,1.169195190429687500e+03,9.176502075195312500e+02,6.474274396896362305e-01,1.098964477539062500e+03,9.839791870117187500e+02,5.880653262138366699e-01,1.192605468750000000e+03,1.030799682617187500e+03,4.858747422695159912e-01,1.017028686523437500e+03,1.015192810058593750e+03,3.872470855712890625e-01,1.184802001953125000e+03,1.038603027343750000e+03,4.328802525997161865e-01,1.200408813476562500e+03,6.796461791992187500e+02,8.338684439659118652e-01,1.184802001953125000e+03,7.342700195312500000e+02,7.437102198600769043e-01,1.153588378906250000e+03,8.981416625976562500e+02,6.931121349334716797e-01,1.017028686523437500e+03,1.046406494140625000e+03,4.787668585777282715e-01,1.017028686523437500e+03,1.046406494140625000e+03,5.540530085563659668e-01,1.013127014160156250e+03,1.042504760742187500e+03,4.305039644241333008e-01,1.013127014160156250e+03,1.046406494140625000e+03,5.511299371719360352e-01,1.001421875000000000e+03,1.019094543457031250e+03,4.232294559478759766e-01,9.975201416015625000e+02,1.015192810058593750e+03,5.825107097625732422e-01,1.020203687064525639e+03,6.675741200991747064e+02,2.025341825760283427e+02,3.951629648228001770e+02,0.000000000000000000e+00
7.114000000000000000e+04,2.570000000000000000e+02,1.092000000000000000e+04,1.610000000000000000e+02,1.251431030273437500e+03,7.135094604492187500e+02,8.305466771125793457e-01,1.247561523437500000e+03,7.057704467773437500e+02,5.718089938163757324e-01,1.243692016601562500e+03,7.057704467773437500e+02,8.261994719505310059e-01,1.193388427734375000e+03,7.019009399414062500e+02,4.681524932384490967e-01,1.220474975585937500e+03,7.135094604492187500e+02,7.095086574554443359e-01,1.166301879882812500e+03,7.483350830078125000e+02,5.018848180770874023e-01,1.208866455078125000e+03,7.638131103515625000e+02,8.050625920295715332e-01,1.162432373046875000e+03,8.295947875976562500e+02,3.866943120956420898e-01,1.212735961914062500e+03,8.489423217773437500e+02,6.181214451789855957e-01,1.185649414062500000e+03,8.915068969726562500e+02,3.208490014076232910e-01,1.235953002929687500e+03,9.224630126953125000e+02,6.694306135177612305e-01,1.131476196289062500e+03,8.915068969726562500e+02,4.582193493843078613e-01,1.158562866210937500e+03,9.031154785156250000e+02,4.441844522953033447e-01,1.127606689453125000e+03,9.766361083984375000e+02,6.184266805648803711e-01,1.181779907226562500e+03,9.766361083984375000e+02,3.677152097225189209e-01,1.046347045898437500e+03,1.007592224121093750e+03,6.063203215599060059e-01,1.077303100585937500e+03,1.038548217773437500e+03,7.521616816520690918e-01,1.224344482421875000e+03,6.748143920898437500e+02,8.004728555679321289e-01,1.204996948242187500e+03,7.289875488281250000e+02,7.768486142158508301e-01,1.143084716796875000e+03,8.915068969726562500e+02,4.637838602066040039e-01,1.034738525390625000e+03,1.046287353515625000e+03,5.361270904541015625e-01,1.046347045898437500e+03,1.057895874023437500e+03,4.341986477375030518e-01,1.030869018554687500e+03,1.042417846679687500e+03,5.344585776329040527e-01,1.042477539062500000e+03,1.057895874023437500e+03,5.056895613670349121e-01,1.030869018554687500e+03,1.007592224121093750e+03,6.843203306198120117e-01,1.057955566406250000e+03,1.034678710937500000e+03,5.604932904243469238e-01,1.039522074655757024e+03,6.607947367082305163e+02,2.063585560011906637e+02,3.956217263557128945e+02,0.000000000000000000e+00
7.114100000000000000e+04,2.570000000000000000e+02,1.088800000000000000e+04,1.630000000000000000e+02,1.294941528320312500e+03,7.111585083007812500e+02,8.899788260459899902e-01,1.294941528320312500e+03,7.036315307617187500e+02,7.085371017456054688e-01,1.287414550781250000e+03,7.036315307617187500e+02,8.808193206787109375e-01,1.238489013671875000e+03,6.923410034179687500e+02,5.104489922523498535e-01,1.268597045898437500e+03,7.036315307617187500e+02,7.512270808219909668e-01,1.223435058593750000e+03,7.450300292968750000e+02,6.240609884262084961e-01,1.249779541015625000e+03,7.600840454101562500e+02,8.951066136360168457e-01,1.238489013671875000e+03,8.278270874023437500e+02,6.879019141197204590e-01,1.253543090820312500e+03,8.504080810546875000e+02,8.328011631965637207e-01,1.272360595703125000e+03,8.805160522460937500e+02,4.915624856948852539e-01,1.268597045898437500e+03,9.181511230468750000e+02,8.817866444587707520e-01,1.219671508789062500e+03,8.955700683593750000e+02,7.142230868339538574e-01,1.230962036132812500e+03,9.030971069335937500e+02,7.820030450820922852e-01,1.208381103515625000e+03,9.821306152343750000e+02,7.403149008750915527e-01,1.219671508789062500e+03,9.934211425781250000e+02,5.945811271667480469e-01,1.121820556640625000e+03,1.031056152343750000e+03,3.110593855381011963e-01,1.133110961914062500e+03,1.034819580078125000e+03,6.222223043441772461e-01,1.268597045898437500e+03,6.659965209960937500e+02,7.926173806190490723e-01,1.249779541015625000e+03,7.262125244140625000e+02,8.000602126121520996e-01,1.227198608398437500e+03,8.880430908203125000e+02,8.062964081764221191e-01,1.166982543945312500e+03,1.076218139648437500e+03,3.155854642391204834e-01,1.136874511718750000e+03,1.072454711914062500e+03,4.182167351245880127e-01,1.166982543945312500e+03,1.068691162109375000e+03,2.692675888538360596e-01,1.125583984375000000e+03,1.068691162109375000e+03,4.726152122020721436e-01,1.106766479492187500e+03,1.031056152343750000e+03,1.789177954196929932e-01,1.103003051757812500e+03,1.027292602539062500e+03,6.255289316177368164e-01,1.093010195919086755e+03,6.687935418276761084e+02,2.023882684461450481e+02,3.874894678747771195e+02,0.000000000000000000e+00
7.114200000000000000e+04,2.570000000000000000e+02,1.088800000000000000e+04,1.640000000000000000e+02,1.308833496093750000e+03,7.048401489257812500e+02,8.663786053657531738e-01,1.308833496093750000e+03,6.932020263671875000e+02,6.433656811714172363e-01,1.304954223632812500e+03,6.932020263671875000e+02,8.697194457054138184e-01,1.262281127929687500e+03,6.970814208984375000e+02,5.422728657722473145e-01,1.281677978515625000e+03,7.009607543945312500e+02,7.053679227828979492e-01,1.242884277343750000e+03,7.436338500976562500e+02,8.994694948196411133e-01,1.270039794921875000e+03,7.513925781250000000e+02,9.163882136344909668e-01,1.258401733398437500e+03,8.289800415039062500e+02,7.858228683471679688e-01,1.273919189453125000e+03,8.367387695312500000e+02,8.655121922492980957e-01,1.277798583984375000e+03,9.026881103515625000e+02,8.893395662307739258e-01,1.285557250976562500e+03,9.104468383789062500e+02,8.477435111999511719e-01,1.242884277343750000e+03,8.988087158203125000e+02,7.445914149284362793e-01,1.254522338867187500e+03,9.026881103515625000e+02,7.369653582572937012e-01,1.246763549804687500e+03,9.802755126953125000e+02,6.007331013679504395e-01,1.250642944335937500e+03,9.802755126953125000e+02,4.943131208419799805e-01,1.184693603515625000e+03,1.019069213867187500e+03,3.018720746040344238e-01,1.192452392578125000e+03,1.030707397460937500e+03,4.054046869277954102e-01,1.285557250976562500e+03,6.582876586914062500e+02,8.312979340553283691e-01,1.266160400390625000e+03,7.203576049804687500e+02,8.352853059768676758e-01,1.246763549804687500e+03,8.949293212890625000e+02,7.708280682563781738e-01,1.142020507812500000e+03,1.030707397460937500e+03,5.501343607902526855e-01,1.165296752929687500e+03,1.050104248046875000e+03,3.228614032268524170e-01,1.145899902343750000e+03,1.030707397460937500e+03,5.033584237098693848e-01,1.165296752929687500e+03,1.038466064453125000e+03,3.986097574234008789e-01,1.149779296875000000e+03,1.011310485839843750e+03,5.476114749908447266e-01,1.188572998046875000e+03,1.034586669921875000e+03,5.058760046958923340e-01,1.125747948825955518e+03,6.627090441758305133e+02,2.022357690222424935e+02,3.938897177650810590e+02,0.000000000000000000e+00
7.114300000000000000e+04,2.570000000000000000e+02,1.088800000000000000e+04,1.650000000000000000e+02,1.325715698242187500e+03,7.069298706054687500e+02,8.712706565856933594e-01,1.325715698242187500e+03,6.954133300781250000e+02,5.822405815124511719e-01,1.321876953125000000e+03,6.954133300781250000e+02,8.503890633583068848e-01,1.275810791015625000e+03,6.954133300781250000e+02,6.348857283592224121e-01,1.298843872070312500e+03,7.030910034179687500e+02,7.552757263183593750e-01,1.252777832031250000e+03,7.376405639648437500e+02,9.106208682060241699e-01,1.291166137695312500e+03,7.491571044921875000e+02,9.186190962791442871e-01,1.245100097656250000e+03,8.182561645507812500e+02,7.994077205657958984e-01,1.291166137695312500e+03,8.374503784179687500e+02,8.799351453781127930e-01,1.268133178710937500e+03,8.758387451171875000e+02,7.743233442306518555e-01,1.306521484375000000e+03,9.065494995117187500e+02,8.353641629219055176e-01,1.252777832031250000e+03,8.835164184570312500e+02,7.027164101600646973e-01,1.271972045898437500e+03,8.873552856445312500e+02,7.093880176544189453e-01,1.264294311523437500e+03,9.602932128906250000e+02,6.112269163131713867e-01,1.275810791015625000e+03,9.679708862304687500e+02,5.711475014686584473e-01,1.237422485351562500e+03,1.029392333984375000e+03,4.840175509452819824e-01,1.233583618164062500e+03,1.029392333984375000e+03,5.385504364967346191e-01,1.302682739257812500e+03,6.608637695312500000e+02,8.975991606712341309e-01,1.283488525390625000e+03,7.146075439453125000e+02,7.983833551406860352e-01,1.260455444335937500e+03,8.796776123046875000e+02,7.779873609542846680e-01,1.275810791015625000e+03,1.040908813476562500e+03,4.370599389076232910e-01,1.241261230468750000e+03,1.040908813476562500e+03,6.630436182022094727e-01,1.264294311523437500e+03,1.040908813476562500e+03,5.018078088760375977e-01,1.229744750976562500e+03,1.044747680664062500e+03,6.887174844741821289e-01,1.222067016601562500e+03,1.044747680664062500e+03,4.835677742958068848e-01,1.176000976562500000e+03,1.048586547851562500e+03,6.336858868598937988e-01,1.148226207155650627e+03,6.648324703134871925e+02,1.978911656997629507e+02,3.933634927124387559e+02,0.000000000000000000e+00
7.114400000000000000e+04,2.570000000000000000e+02,1.088800000000000000e+04,1.660000000000000000e+02,1.345223388671875000e+03,6.986201171875000000e+02,8.254011869430541992e-01,1.345223388671875000e+03,6.905695190429687500e+02,5.112418532371520996e-01,1.341197998046875000e+03,6.905695190429687500e+02,8.479726910591125488e-01,1.292894165039062500e+03,6.784935302734375000e+02,6.407313942909240723e-01,1.325096801757812500e+03,6.905695190429687500e+02,7.857717275619506836e-01,1.276792846679687500e+03,7.308226928710937500e+02,8.188286423683166504e-01,1.308995483398437500e+03,7.469240112304687500e+02,9.143949151039123535e-01,1.272767578125000000e+03,8.193798217773437500e+02,7.049525976181030273e-01,1.308995483398437500e+03,8.354810791015625000e+02,8.965116739273071289e-01,1.288868896484375000e+03,8.757343139648437500e+02,4.567618668079376221e-01,1.325096801757812500e+03,9.079368896484375000e+02,9.131632447242736816e-01,1.280818237304687500e+03,8.878103027343750000e+02,6.935968995094299316e-01,1.288868896484375000e+03,8.918355712890625000e+02,7.731041908264160156e-01,1.284843505859375000e+03,9.723420410156250000e+02,6.394516825675964355e-01,1.288868896484375000e+03,9.723420410156250000e+02,5.659384131431579590e-01,1.256666259765625000e+03,1.036747192382812500e+03,6.519094705581665039e-01,1.268742187500000000e+03,1.040772460937500000e+03,4.346035122871398926e-01,1.321071411132812500e+03,6.543416137695312500e+02,8.482897877693176270e-01,1.304970092773437500e+03,7.106961059570312500e+02,8.255255818367004395e-01,1.280818237304687500e+03,8.797596435546875000e+02,7.432249188423156738e-01,1.276792846679687500e+03,1.044797851562500000e+03,7.041882276535034180e-01,1.280818237304687500e+03,1.040772460937500000e+03,5.163039565086364746e-01,1.276792846679687500e+03,1.044797851562500000e+03,7.148419022560119629e-01,1.280818237304687500e+03,1.044797851562500000e+03,4.687852263450622559e-01,1.248615600585937500e+03,1.044797851562500000e+03,5.587744116783142090e-01,1.248615600585937500e+03,1.044797851562500000e+03,4.051202833652496338e-01,1.175683189065319993e+03,6.561458863653879234e+02,1.987588338703812951e+02,4.058010640103200330e+02,0.000000000000000000e+00
7.114500000000000000e+04,2.570000000000000000e+02,1.090700000000000000e+04,1.670000000000000000e+02,1.358784301757812500e+03,6.973117675781250000e+02,6.279106736183166504e-01,1.293037597656250000e+03,6.685476074218750000e+02,6.607818007469177246e-01,1.354675048828125000e+03,6.890934448242187500e+02,6.892200708389282227e-01,1.309474243164062500e+03,6.890934448242187500e+02,6.657481193542480469e-01,1.338238403320312500e+03,6.973117675781250000e+02,7.599961757659912109e-01,1.284819213867187500e+03,7.342943115234375000e+02,8.091363310813903809e-01,1.330020141601562500e+03,7.466217651367187500e+02,8.990392684936523438e-01,1.276600952148437500e+03,8.205868530273437500e+02,7.020024657249450684e-01,1.330020141601562500e+03,8.370234985351562500e+02,8.334263563156127930e-01,1.305365112304687500e+03,8.822243652343750000e+02,4.192147850990295410e-01,1.342347656250000000e+03,9.109885253906250000e+02,8.643309473991394043e-01,1.276600952148437500e+03,8.781151733398437500e+02,5.781623125076293945e-01,1.309474243164062500e+03,8.863335571289062500e+02,6.345401406288146973e-01,1.297146728515625000e+03,9.726260986328125000e+02,3.529390394687652588e-01,1.309474243164062500e+03,9.726260986328125000e+02,5.406835079193115234e-01,1.276600952148437500e+03,1.030154418945312500e+03,2.570360302925109863e-01,1.280710083007812500e+03,1.034263671875000000e+03,5.096790790557861328e-01,1.334129272460937500e+03,6.562200927734375000e+02,8.419024944305419922e-01,1.317692626953125000e+03,7.096392822265625000e+02,8.250746726989746094e-01,1.293037597656250000e+03,8.740060424804687500e+02,7.103143334388732910e-01,1.223181640625000000e+03,1.046591186523437500e+03,3.551427721977233887e-01,1.305365112304687500e+03,1.038372802734375000e+03,6.127018332481384277e-01,1.219072509765625000e+03,1.042481933593750000e+03,3.680422604084014893e-01,1.301255859375000000e+03,1.042481933593750000e+03,5.539602637290954590e-01,1.177980834960937500e+03,1.046591186523437500e+03,3.461796343326568604e-01,1.272491699218750000e+03,1.042481933593750000e+03,5.036686658859252930e-01,1.186328781497011505e+03,6.487201383016556520e+02,2.023650584778999928e+02,4.160460314903373273e+02,0.000000000000000000e+00
7.114600000000000000e+04,2.570000000000000000e+02,1.088800000000000000e+04,1.680000000000000000e+02,1.380330444335937500e+03,7.025622558593750000e+02,6.454130411148071289e-01,1.380330444335937500e+03,6.985608520507812500e+02,3.898565471172332764e-01,1.376328979492187500e+03,6.945593872070312500e+02,7.261231541633605957e-01,1.328311889648437500e+03,6.905579833984375000e+02,5.841261148452758789e-01,1.360323242187500000e+03,6.985608520507812500e+02,7.547228932380676270e-01,1.312306274414062500e+03,7.345736083984375000e+02,6.497641801834106445e-01,1.340316162109375000e+03,7.465778808593750000e+02,8.743058443069458008e-01,1.320309082031250000e+03,8.186034545898437500e+02,4.785889983177185059e-01,1.348319091796875000e+03,8.266063232421875000e+02,8.183695077896118164e-01,1.340316162109375000e+03,8.786248168945312500e+02,4.395633041858673096e-01,1.364324707031250000e+03,9.106361694335937500e+02,8.597144484519958496e-01,1.312306274414062500e+03,8.786248168945312500e+02,4.900488555431365967e-01,1.340316162109375000e+03,8.866276245117187500e+02,5.225446224212646484e-01,1.300302001953125000e+03,9.666560668945312500e+02,5.337038636207580566e-01,1.368326171875000000e+03,9.746589355468750000e+02,5.857430100440979004e-01,1.192263549804687500e+03,1.042683105468750000e+03,6.147685050964355469e-01,1.360323242187500000e+03,1.046684570312500000e+03,5.788520574569702148e-01,1.356321899414062500e+03,6.585466308593750000e+02,8.107813596725463867e-01,1.340316162109375000e+03,7.145665283203125000e+02,7.537550926208496094e-01,1.324310546875000000e+03,8.706219482421875000e+02,6.144988536834716797e-01,1.228276367187500000e+03,1.046684570312500000e+03,3.859437406063079834e-01,1.228276367187500000e+03,1.050685913085937500e+03,2.308445721864700317e-01,1.224274902343750000e+03,1.042683105468750000e+03,4.179320931434631348e-01,1.404338989257812500e+03,1.046684570312500000e+03,2.459966689348220825e-01,1.180259277343750000e+03,1.046684570312500000e+03,3.983857631683349609e-01,1.180259277343750000e+03,1.054687377929687500e+03,1.479947865009307861e-01,1.191998329382083739e+03,6.528140357633069470e+02,2.036784217725405597e+02,4.127406607473130862e+02,0.000000000000000000e+00
7.114700000000000000e+04,2.570000000000000000e+02,1.091700000000000000e+04,1.690000000000000000e+02,1.310921997070312500e+03,6.884349365234375000e+02,5.249195098876953125e-01,1.322613159179687500e+03,6.806408691406250000e+02,6.657536625862121582e-01,1.392760253906250000e+03,7.001261596679687500e+02,5.092249512672424316e-01,1.334304321289062500e+03,6.923320312500000000e+02,4.990682601928710938e-01,1.369377929687500000e+03,7.040231933593750000e+02,5.311814546585083008e-01,1.291436767578125000e+03,7.468908691406250000e+02,6.172618865966796875e-01,1.349892578125000000e+03,7.507879028320312500e+02,5.938837528228759766e-01,1.260260253906250000e+03,8.053467407226562500e+02,7.004527449607849121e-01,1.299230834960937500e+03,8.209349975585937500e+02,4.725176095962524414e-01,1.240774902343750000e+03,8.521114501953125000e+02,9.483156204223632812e-01,1.384966186523437500e+03,9.066702880859375000e+02,5.378602147102355957e-01,1.275848510742187500e+03,8.676997070312500000e+02,5.613455176353454590e-01,1.287539672851562500e+03,8.715967407226562500e+02,5.573958754539489746e-01,1.310921997070312500e+03,9.534349975585937500e+02,5.928183197975158691e-01,1.248569091796875000e+03,9.456408691406250000e+02,6.055971384048461914e-01,1.279745605468750000e+03,1.023582031250000000e+03,2.639095485210418701e-01,1.194010253906250000e+03,1.031376220703125000e+03,6.741186380386352539e-01,1.369377929687500000e+03,6.650526123046875000e+02,4.734525978565216064e-01,1.338201416015625000e+03,7.196114501953125000e+02,5.606112480163574219e-01,1.287539672851562500e+03,8.638026123046875000e+02,6.648579239845275879e-01,1.314819091796875000e+03,1.027479125976562500e+03,3.853241503238677979e-01,1.225186767578125000e+03,1.050861450195312500e+03,6.905030012130737305e-01,1.314819091796875000e+03,1.023582031250000000e+03,3.712043166160583496e-01,1.217392578125000000e+03,1.050861450195312500e+03,6.011544466018676758e-01,1.190113159179687500e+03,1.043067382812500000e+03,1.564954966306686401e-01,1.182319091796875000e+03,1.046964355468750000e+03,7.702903151512145996e-01,1.198597886981703141e+03,6.562313215902029242e+02,2.028341703521839463e+02,4.043173770507862628e+02,0.000000000000000000e+00
7.114800000000000000e+04,2.570000000000000000e+02,1.090700000000000000e+04,1.700000000000000000e+02,1.419575561523437500e+03,7.052269287109375000e+02,6.955494880676269531e-01,1.419575561523437500e+03,6.938618164062500000e+02,4.299073219299316406e-01,1.411998779296875000e+03,6.938618164062500000e+02,7.032741904258728027e-01,1.358961425781250000e+03,6.862850341796875000e+02,5.696857571601867676e-01,1.393056884765625000e+03,6.976502075195312500e+02,7.284007668495178223e-01,1.328654418945312500e+03,7.317456054687500000e+02,6.016218066215515137e-01,1.377903320312500000e+03,7.506875000000000000e+02,7.056260108947753906e-01,1.283193847656250000e+03,7.999364624023437500e+02,6.609576344490051270e-01,1.385480102539062500e+03,8.378202514648437500e+02,5.146271586418151855e-01,1.252886840820312500e+03,8.529738159179687500e+02,8.321733474731445312e-01,1.408210449218750000e+03,9.097994995117187500e+02,4.423862993717193604e-01,1.294558959960937500e+03,8.681273193359375000e+02,3.650271594524383545e-01,1.317289306640625000e+03,8.719157104492187500e+02,4.870806634426116943e-01,1.336231201171875000e+03,9.552600708007812500e+02,3.121284842491149902e-01,1.271828735351562500e+03,9.476833496093750000e+02,3.550582826137542725e-01,1.207426269531250000e+03,1.027239379882812500e+03,3.146460354328155518e-01,1.199849487304687500e+03,1.031027709960937500e+03,3.093225955963134766e-01,1.396845214843750000e+03,6.597663574218750000e+02,7.768100500106811523e-01,1.370326660156250000e+03,7.128037109375000000e+02,7.449718117713928223e-01,1.309712524414062500e+03,8.605505371093750000e+02,6.258536577224731445e-01,1.230156494140625000e+03,1.049969604492187500e+03,4.685984253883361816e-01,1.230156494140625000e+03,1.049969604492187500e+03,5.198681354522705078e-01,1.226368164062500000e+03,1.042392822265625000e+03,3.810555934906005859e-01,1.226368164062500000e+03,1.053757934570312500e+03,4.434624612331390381e-01,1.188484375000000000e+03,1.042392822265625000e+03,2.917533516883850098e-01,1.180907592773437500e+03,1.046181274414062500e+03,4.019876420497894287e-01,1.200903720181361223e+03,6.617197720401416063e+02,2.003213558516761168e+02,3.936619008905126975e+02,0.000000000000000000e+00
7.114900000000000000e+04,2.570000000000000000e+02,1.090700000000000000e+04,1.710000000000000000e+02,1.439888061523437500e+03,7.090451049804687500e+02,6.101512312889099121e-01,1.364613159179687500e+03,6.773504028320312500e+02,5.714163780212402344e-01,1.435926147460937500e+03,6.971596069335937500e+02,6.266795396804809570e-01,1.384422363281250000e+03,6.971596069335937500e+02,6.127638220787048340e-01,1.416117065429687500e+03,7.050832519531250000e+02,6.979705691337585449e-01,1.368574951171875000e+03,7.447016601562500000e+02,6.422560811042785645e-01,1.396307861328125000e+03,7.565871582031250000e+02,9.314154386520385742e-01,1.305185546875000000e+03,8.120528564453125000e+02,4.099896252155303955e-01,1.404231445312500000e+03,8.397857666015625000e+02,8.697961568832397461e-01,1.273490844726562500e+03,8.556331176757812500e+02,4.901313483715057373e-01,1.424040649414062500e+03,9.110988159179687500e+02,8.727245926856994629e-01,1.360651245117187500e+03,8.912896118164062500e+02,5.572273731231689453e-01,1.380460449218750000e+03,8.952514648437500000e+02,5.930612087249755859e-01,1.348765747070312500e+03,9.586408691406250000e+02,3.683404624462127686e-01,1.404231445312500000e+03,9.705263671875000000e+02,1.680989116430282593e-01,1.281414550781250000e+03,1.045801269531250000e+03,5.449904799461364746e-01,1.210101440429687500e+03,1.033915771484375000e+03,6.692771911621093750e-01,1.412155151367187500e+03,6.615030517578125000e+02,8.498659729957580566e-01,1.392345947265625000e+03,7.209306030273437500e+02,8.429431915283203125e-01,1.372536743164062500e+03,8.833659667968750000e+02,6.676824092864990234e-01,1.273490844726562500e+03,1.041839477539062500e+03,1.945679783821105957e-01,1.229910644531250000e+03,1.049763183593750000e+03,6.731319427490234375e-01,1.269529052734375000e+03,1.045801269531250000e+03,1.942272186279296875e-01,1.221986938476562500e+03,1.053724975585937500e+03,6.121422052383422852e-01,1.273490844726562500e+03,1.053724975585937500e+03,4.906415343284606934e-01,1.194254150390625000e+03,1.041839477539062500e+03,6.692710518836975098e-01,1.221655806375074235e+03,6.571654511638205349e+02,2.092242656530568183e+02,4.015030935214747387e+02,0.000000000000000000e+00
7.115000000000000000e+04,2.570000000000000000e+02,1.090700000000000000e+04,1.720000000000000000e+02,1.379219848632812500e+03,6.830278930664062500e+02,6.007645130157470703e-01,1.386883300781250000e+03,6.830278930664062500e+02,6.475691795349121094e-01,1.452022338867187500e+03,7.021864624023437500e+02,6.376510858535766602e-01,1.402210083007812500e+03,7.021864624023437500e+02,6.428806185722351074e-01,1.432863769531250000e+03,7.060181884765625000e+02,6.849294900894165039e-01,1.379219848632812500e+03,7.481669921875000000e+02,6.395902037620544434e-01,1.417536987304687500e+03,7.596621093750000000e+02,8.423732519149780273e-01,1.325575927734375000e+03,8.133060913085937500e+02,3.119751513004302979e-01,1.421368652343750000e+03,8.477914428710937500e+02,8.511626720428466797e-01,1.398378417968750000e+03,8.822768554687500000e+02,3.929345011711120605e-01,1.440527221679687500e+03,9.167622680664062500e+02,8.721303343772888184e-01,1.390714965820312500e+03,8.976036987304687500e+02,6.045784950256347656e-01,1.390714965820312500e+03,8.976036987304687500e+02,6.643882393836975098e-01,1.398378417968750000e+03,9.819013671875000000e+02,2.010256052017211914e-01,1.317912475585937500e+03,9.857330322265625000e+02,2.797043025493621826e-01,1.386883300781250000e+03,1.024050170898437500e+03,2.118210047483444214e-01,1.218287963867187500e+03,1.031713623046875000e+03,6.637313961982727051e-01,1.429032104492187500e+03,6.677010498046875000e+02,7.412165999412536621e-01,1.409873535156250000e+03,7.251766967773437500e+02,8.148078918457031250e-01,1.390714965820312500e+03,8.899403076171875000e+02,6.936134696006774902e-01,1.375388183593750000e+03,1.039376953125000000e+03,4.695224463939666748e-01,1.229783081054687500e+03,1.054703857421875000e+03,6.488347649574279785e-01,1.367724731445312500e+03,1.039376953125000000e+03,4.716821610927581787e-01,1.222119750976562500e+03,1.054703857421875000e+03,6.077033877372741699e-01,1.287258789062500000e+03,1.039376953125000000e+03,2.950328588485717773e-01,1.202961181640625000e+03,1.035545288085937500e+03,8.250929117202758789e-01,1.237701911098466326e+03,6.622363508636663028e+02,2.104563964514256895e+02,3.956199719404980897e+02,0.000000000000000000e+00
7.115100000000000000e+04,2.570000000000000000e+02,1.090700000000000000e+04,1.730000000000000000e+02,1.394369018554687500e+03,6.970996704101562500e+02,6.449140310287475586e-01,1.401718994140625000e+03,6.934246215820312500e+02,6.882233023643493652e-01,1.467869384765625000e+03,7.044497070312500000e+02,5.917907357215881348e-01,1.423769165039062500e+03,7.081246948242187500e+02,5.625658631324768066e-01,1.449494262695312500e+03,7.117997436523437500e+02,5.844944715499877930e-01,1.398044067382812500e+03,7.485499267578125000e+02,6.085376143455505371e-01,1.438469238281250000e+03,7.595750122070312500e+02,7.361071705818176270e-01,1.342918701171875000e+03,8.147003173828125000e+02,6.566364765167236328e-01,1.438469238281250000e+03,8.404254760742187500e+02,6.895873546600341797e-01,1.317193603515625000e+03,8.624755859375000000e+02,7.697975039482116699e-01,1.453169311523437500e+03,9.139259033203125000e+02,7.037728428840637207e-01,1.361293823242187500e+03,8.845256958007812500e+02,4.093941748142242432e-01,1.394369018554687500e+03,8.992258300781250000e+02,3.824300765991210938e-01,1.368643920898437500e+03,9.764012451171875000e+02,3.820484578609466553e-01,1.335568725585937500e+03,9.800762939453125000e+02,5.581008791923522949e-01,1.320868530273437500e+03,1.031526611328125000e+03,4.086874723434448242e-01,1.240018188476562500e+03,1.027851562500000000e+03,7.955824732780456543e-01,1.449494262695312500e+03,6.713745117187500000e+02,6.865144968032836914e-01,1.427444213867187500e+03,7.301748657226562500e+02,7.339284420013427734e-01,1.375993896484375000e+03,8.808507080078125000e+02,4.818435609340667725e-01,1.357618774414062500e+03,1.035201538085937500e+03,6.370984911918640137e-01,1.243693115234375000e+03,1.049901611328125000e+03,7.835860848426818848e-01,1.350268798828125000e+03,1.035201538085937500e+03,6.349957585334777832e-01,1.236343139648437500e+03,1.049901611328125000e+03,8.027234673500061035e-01,1.306168457031250000e+03,1.042551635742187500e+03,6.500920653343200684e-01,1.225317993164062500e+03,1.027851562500000000e+03,8.107265233993530273e-01,1.246075004203262779e+03,6.715878175099804821e+02,2.074487371539630658e+02,3.826897903336963509e+02,0.000000000000000000e+00
7.115200000000000000e+04,2.570000000000000000e+02,1.091700000000000000e+04,1.740000000000000000e+02,1.493660766601562500e+03,7.057441406250000000e+02,7.584281563758850098e-01,1.489962768554687500e+03,7.020462036132812500e+02,5.242042541503906250e-01,1.486264892578125000e+03,6.983483276367187500e+02,7.640891671180725098e-01,1.441890014648437500e+03,7.020462036132812500e+02,3.172798454761505127e-01,1.467775390625000000e+03,7.057441406250000000e+02,6.439561247825622559e-01,1.452983764648437500e+03,7.538169555664062500e+02,5.926939249038696289e-01,1.449285766601562500e+03,7.575148925781250000e+02,8.026052117347717285e-01,1.452983764648437500e+03,8.388688354492187500e+02,5.374345183372497559e-01,1.456681640625000000e+03,8.462647094726562500e+02,7.924205660820007324e-01,1.460379516601562500e+03,9.017333374023437500e+02,4.552373290061950684e-01,1.471473266601562500e+03,9.165249633789062500e+02,8.978995084762573242e-01,1.438192138671875000e+03,9.091291503906250000e+02,5.804483294486999512e-01,1.441890014648437500e+03,9.128270263671875000e+02,6.217975616455078125e-01,1.419702514648437500e+03,9.941810302734375000e+02,4.363872110843658447e-01,1.430796264648437500e+03,9.978789672851562500e+02,3.024927377700805664e-01,1.338348510742187500e+03,1.034858032226562500e+03,3.340137302875518799e-01,1.282879882812500000e+03,1.023764343261718750e+03,4.519856274127960205e-01,1.460379516601562500e+03,6.687650756835937500e+02,4.351742267608642578e-01,1.449285766601562500e+03,7.279315795898437500e+02,6.426296830177307129e-01,1.438192138671875000e+03,9.017333374023437500e+02,6.585558056831359863e-01,1.412306762695312500e+03,1.038555908203125000e+03,2.322219461202621460e-01,1.264390380859375000e+03,1.049649658203125000e+03,8.028456568717956543e-01,1.412306762695312500e+03,1.038555908203125000e+03,3.226247429847717285e-01,1.260692504882812500e+03,1.045951782226562500e+03,8.400819301605224609e-01,1.327254760742187500e+03,1.038555908203125000e+03,3.639378845691680908e-01,1.264390380859375000e+03,1.016368469238281250e+03,7.397903203964233398e-01,1.284582465185776528e+03,6.733575838544160206e+02,2.023560732654507319e+02,3.794163835237947069e+02,0.000000000000000000e+00
7.115300000000000000e+04,2.570000000000000000e+02,1.091100000000000000e+04,1.750000000000000000e+02,1.505192260742187500e+03,7.115575561523437500e+02,5.712910294532775879e-01,1.501414306640625000e+03,7.077796020507812500e+02,4.173442721366882324e-01,1.486302612304687500e+03,7.077796020507812500e+02,5.674409866333007812e-01,1.459857055664062500e+03,7.077796020507812500e+02,3.144330680370330811e-01,1.463634887695312500e+03,7.077796020507812500e+02,4.261732101440429688e-01,1.456079101562500000e+03,7.531148681640625000e+02,4.172108769416809082e-01,1.463634887695312500e+03,7.568928222656250000e+02,6.714737415313720703e-01,1.459857055664062500e+03,8.324515991210937500e+02,4.849618077278137207e-01,1.467412841796875000e+03,8.324515991210937500e+02,7.373850941658020020e-01,1.474968750000000000e+03,9.004545288085937500e+02,5.404265522956848145e-01,1.478746704101562500e+03,9.080103759765625000e+02,7.727949023246765137e-01,1.437189331054687500e+03,9.004545288085937500e+02,4.930317401885986328e-01,1.440967285156250000e+03,9.004545288085937500e+02,5.427474975585937500e-01,1.414521728515625000e+03,9.835691528320312500e+02,2.424523830413818359e-01,1.429633544921875000e+03,9.911250610351562500e+02,2.776995003223419189e-01,1.316295288085937500e+03,1.032682373046875000e+03,3.185209631919860840e-01,1.376742309570312500e+03,1.036460327148437500e+03,3.245091736316680908e-01,1.437189331054687500e+03,6.926678466796875000e+02,3.352506458759307861e-01,1.456079101562500000e+03,7.266693115234375000e+02,5.818092226982116699e-01,1.437189331054687500e+03,8.928986206054687500e+02,5.410584211349487305e-01,1.304961547851562500e+03,1.051572021484375000e+03,4.447096586227416992e-01,1.301183593750000000e+03,1.051572021484375000e+03,7.695611715316772461e-01,1.304961547851562500e+03,1.051572021484375000e+03,3.949366509914398193e-01,1.297405639648437500e+03,1.047794067382812500e+03,7.917662262916564941e-01,1.304961547851562500e+03,1.017570617675781250e+03,2.457224726676940918e-01,1.301183593750000000e+03,1.021348571777343750e+03,5.486685037612915039e-01,1.302676006766976798e+03,6.723317322549885375e+02,1.989363592164338570e+02,3.837499347154939642e+02,0.000000000000000000e+00
7.115400000000000000e+04,2.570000000000000000e+02,1.091100000000000000e+04,1.760000000000000000e+02,1.526188720703125000e+03,7.008435668945312500e+02,8.799487948417663574e-01,1.526188720703125000e+03,6.935240478515625000e+02,7.451463341712951660e-01,1.518869140625000000e+03,6.935240478515625000e+02,7.971760630607604980e-01,1.478611938476562500e+03,6.898643188476562500e+02,4.662082195281982422e-01,1.496910644531250000e+03,6.971838378906250000e+02,7.575641274452209473e-01,1.474952148437500000e+03,7.411008911132812500e+02,5.821400284767150879e-01,1.485931396484375000e+03,7.557398681640625000e+02,8.182784318923950195e-01,1.485931396484375000e+03,8.325947265625000000e+02,5.712722539901733398e-01,1.485931396484375000e+03,8.362544555664062500e+02,8.520208597183227539e-01,1.489591186523437500e+03,8.984702758789062500e+02,4.465131461620330811e-01,1.496910644531250000e+03,9.094495849609375000e+02,8.744441270828247070e-01,1.463972900390625000e+03,8.948105468750000000e+02,5.504503846168518066e-01,1.460313110351562500e+03,8.984702758789062500e+02,5.709270238876342773e-01,1.431035034179687500e+03,9.789849243164062500e+02,4.072946012020111084e-01,1.467632568359375000e+03,9.899641723632812500e+02,3.568125069141387939e-01,1.409076538085937500e+03,1.030221435546875000e+03,4.040808081626892090e-01,1.343200927734375000e+03,1.019242187500000000e+03,7.429398298263549805e-01,1.504230102539062500e+03,6.679057617187500000e+02,6.164107918739318848e-01,1.489591186523437500e+03,7.191423339843750000e+02,7.390077114105224609e-01,1.467632568359375000e+03,8.911508178710937500e+02,5.473716259002685547e-01,1.445674072265625000e+03,1.041200683593750000e+03,1.093988195061683655e-01,1.350520507812500000e+03,1.044860473632812500e+03,8.856087327003479004e-01,1.434694824218750000e+03,1.033881225585937500e+03,1.275998651981353760e-01,1.343200927734375000e+03,1.044860473632812500e+03,9.000680446624755859e-01,1.398097290039062500e+03,1.033881225585937500e+03,4.541143178939819336e-01,1.328561889648437500e+03,1.015582458496093750e+03,8.702373504638671875e-01,1.314659410305878282e+03,6.753458020960646309e+02,1.889644344203809396e+02,3.773970998436867603e+02,0.000000000000000000e+00
7.115500000000000000e+04,2.570000000000000000e+02,1.091700000000000000e+04,1.770000000000000000e+02,1.544195800781250000e+03,6.968540649414062500e+02,8.952283263206481934e-01,1.544195800781250000e+03,6.894830932617187500e+02,8.161712884902954102e-01,1.536824829101562500e+03,6.894830932617187500e+02,8.663854598999023438e-01,1.522082763671875000e+03,6.894830932617187500e+02,2.418626248836517334e-01,1.511026245117187500e+03,6.931685791015625000e+02,6.309822201728820801e-01,1.503655151367187500e+03,7.447657470703125000e+02,5.996693372726440430e-01,1.492598632812500000e+03,7.484512329101562500e+02,8.264479041099548340e-01,1.499969726562500000e+03,8.295324707031250000e+02,7.068011164665222168e-01,1.492598632812500000e+03,8.332180175781250000e+02,8.185470104217529297e-01,1.529453735351562500e+03,8.921861572265625000e+02,5.991241931915283203e-01,1.507340698242187500e+03,9.106137695312500000e+02,9.151774048805236816e-01,1.466800048828125000e+03,8.921861572265625000e+02,5.644681453704833984e-01,1.466800048828125000e+03,8.958717041015625000e+02,6.493639945983886719e-01,1.466800048828125000e+03,9.695819091796875000e+02,4.292157590389251709e-01,1.448372558593750000e+03,9.880094604492187500e+02,2.799914181232452393e-01,1.433630493164062500e+03,1.028550048828125000e+03,5.155901312828063965e-01,1.378347778320312500e+03,1.028550048828125000e+03,7.707054018974304199e-01,1.518397216796875000e+03,6.636845092773437500e+02,4.419548213481903076e-01,1.507340698242187500e+03,7.189671630859375000e+02,6.660536527633666992e-01,1.463114624023437500e+03,8.848151855468750000e+02,6.193596720695495605e-01,1.459429077148437500e+03,1.046977661132812500e+03,2.256174832582473755e-01,1.385718872070312500e+03,1.054348632812500000e+03,6.586348414421081543e-01,1.455743530273437500e+03,1.039606689453125000e+03,2.719596922397613525e-01,1.378347778320312500e+03,1.054348632812500000e+03,6.735957264900207520e-01,1.429944946289062500e+03,1.035921142578125000e+03,5.216907262802124023e-01,1.363605834960937500e+03,1.024864624023437500e+03,8.758588433265686035e-01,1.346834374710848806e+03,6.711972730987910154e+02,1.855907790377823403e+02,3.768046784145539050e+02,0.000000000000000000e+00
7.115600000000000000e+04,2.570000000000000000e+02,1.091700000000000000e+04,1.780000000000000000e+02,1.562310546875000000e+03,6.941182250976562500e+02,8.977489471435546875e-01,1.562310546875000000e+03,6.867943725585937500e+02,7.887660264968872070e-01,1.551324707031250000e+03,6.831325073242187500e+02,8.531967997550964355e-01,1.522029418945312500e+03,6.867943725585937500e+02,3.689576983451843262e-01,1.525691284179687500e+03,6.867943725585937500e+02,7.882969975471496582e-01,1.529353271484375000e+03,7.417232055664062500e+02,7.915832400321960449e-01,1.511043579101562500e+03,7.453850708007812500e+02,8.910677433013916016e-01,1.533015136718750000e+03,8.259473266601562500e+02,8.000019192695617676e-01,1.511043579101562500e+03,8.332711181640625000e+02,8.309984207153320312e-01,1.544000854492187500e+03,8.955237426757812500e+02,8.559009432792663574e-01,1.522029418945312500e+03,9.065095214843750000e+02,9.038278460502624512e-01,1.507381713867187500e+03,8.991856689453125000e+02,7.266464829444885254e-01,1.500057861328125000e+03,9.028475952148437500e+02,8.338458538055419922e-01,1.511043579101562500e+03,9.797478637695312500e+02,5.208557844161987305e-01,1.514705566406250000e+03,9.834097900390625000e+02,5.907421112060546875e-01,1.496395996093750000e+03,1.038338623046875000e+03,2.818619012832641602e-01,1.410340820312500000e+03,1.058479125976562500e+03,4.563793540000915527e-01,1.536677001953125000e+03,6.684848022460937500e+02,4.923985600471496582e-01,1.522029418945312500e+03,7.160897216796875000e+02,8.912370204925537109e-01,1.500057861328125000e+03,8.918618164062500000e+02,7.985965609550476074e-01,1.470762573242187500e+03,1.045662475585937500e+03,2.414909005165100098e-01,1.439636230468750000e+03,1.058479125976562500e+03,2.824795544147491455e-01,1.470762573242187500e+03,1.049324340820312500e+03,3.097346425056457520e-01,1.432312377929687500e+03,1.058479125976562500e+03,2.504320740699768066e-01,1.403017089843750000e+03,1.058479125976562500e+03,3.702441751956939697e-01,1.395693237304687500e+03,1.058479125976562500e+03,5.017440915107727051e-01,1.424450985640064573e+03,6.471580455079626972e+02,1.392939864893617141e+02,3.668714297900568226e+02,0.000000000000000000e+00
7.115700000000000000e+04,2.570000000000000000e+02,1.088800000000000000e+04,1.790000000000000000e+02,1.577910034179687500e+03,6.904938354492187500e+02,9.404307603836059570e-01,1.577910034179687500e+03,6.828037109375000000e+02,9.028053879737854004e-01,1.570219848632812500e+03,6.828037109375000000e+02,9.631881117820739746e-01,1.531769165039062500e+03,6.789586181640625000e+02,3.449354767799377441e-01,1.543304321289062500e+03,6.828037109375000000e+02,7.884298563003540039e-01,1.539459228515625000e+03,7.327896728515625000e+02,5.738139748573303223e-01,1.524078979492187500e+03,7.404797973632812500e+02,8.755134344100952148e-01,1.524078979492187500e+03,8.135361328125000000e+02,5.695345997810363770e-01,1.524078979492187500e+03,8.250714111328125000e+02,7.499405741691589355e-01,1.562529663085937500e+03,8.827474365234375000e+02,4.090838730335235596e-01,1.543304321289062500e+03,8.981277465820312500e+02,7.430231571197509766e-01,1.512543701171875000e+03,8.789024047851562500e+02,3.705814480781555176e-01,1.524078979492187500e+03,8.827474365234375000e+02,4.901555478572845459e-01,1.439487426757812500e+03,9.596489257812500000e+02,3.958382010459899902e-01,1.524078979492187500e+03,9.634940185546875000e+02,4.422990977764129639e-01,1.412571899414062500e+03,1.032705322265625000e+03,5.025593042373657227e-01,1.489473266601562500e+03,1.021170043945312500e+03,5.136978626251220703e-01,1.562529663085937500e+03,6.558881835937500000e+02,6.301943063735961914e-01,1.539459228515625000e+03,7.097192382812500000e+02,6.853343844413757324e-01,1.512543701171875000e+03,8.712122802734375000e+02,4.303436577320098877e-01,1.516388793945312500e+03,1.032705322265625000e+03,6.051660776138305664e-01,1.435642333984375000e+03,1.059620849609375000e+03,3.671520650386810303e-01,1.512543701171875000e+03,1.032705322265625000e+03,6.613350510597229004e-01,1.431797241210937500e+03,1.055775756835937500e+03,2.706847786903381348e-01,1.477938110351562500e+03,1.032705322265625000e+03,4.784215688705444336e-01,1.401036621093750000e+03,1.048085571289062500e+03,5.912546515464782715e-01,1.389272466972922530e+03,6.602286227045949545e+02,1.915925910432054025e+02,3.897096509292348401e+02,0.000000000000000000e+00
7.115800000000000000e+04,2.570000000000000000e+02,1.091700000000000000e+04,1.800000000000000000e+02,1.593181518554687500e+03,6.957683105468750000e+02,8.311421275138854980e-01,1.596916748046875000e+03,6.845625000000000000e+02,8.210079073905944824e-01,1.585710937500000000e+03,6.845625000000000000e+02,8.529558181762695312e-01,1.555828857421875000e+03,6.845625000000000000e+02,3.986162841320037842e-01,1.559564208984375000e+03,6.882977905273437500e+02,7.259414792060852051e-01,1.559564208984375000e+03,7.368561401367187500e+02,6.842648983001708984e-01,1.533417358398437500e+03,7.405914306640625000e+02,7.430127859115600586e-01,1.548358398437500000e+03,8.115613403320312500e+02,5.109394788742065430e-01,1.533417358398437500e+03,8.227671508789062500e+02,5.548011660575866699e-01,1.578240478515625000e+03,8.713255004882812500e+02,6.187509298324584961e-01,1.563299438476562500e+03,9.012075805664062500e+02,7.543105483055114746e-01,1.518476318359375000e+03,8.675902709960937500e+02,3.498819768428802490e-01,1.522211547851562500e+03,8.750607910156250000e+02,4.433574676513671875e-01,1.518476318359375000e+03,9.609717407226562500e+02,4.027011394500732422e-01,1.593181518554687500e+03,9.647070312500000000e+02,3.807783722877502441e-01,1.413889038085937500e+03,1.028206420898437500e+03,3.606627881526947021e-01,1.413889038085937500e+03,1.031941650390625000e+03,2.707556486129760742e-01,1.574505249023437500e+03,6.546804199218750000e+02,7.914649844169616699e-01,1.548358398437500000e+03,7.107093505859375000e+02,7.217258214950561523e-01,1.518476318359375000e+03,8.638549804687500000e+02,3.934810161590576172e-01,1.529682128906250000e+03,1.028206420898437500e+03,4.811111390590667725e-01,1.440035888671875000e+03,1.050618041992187500e+03,4.382776916027069092e-01,1.525946777343750000e+03,1.024471191406250000e+03,4.444245696067810059e-01,1.432565307617187500e+03,1.050618041992187500e+03,3.403697311878204346e-01,1.488594238281250000e+03,1.028206420898437500e+03,3.495448827743530273e-01,1.402683227539062500e+03,1.043147460937500000e+03,5.687181353569030762e-01,1.404785874675054856e+03,6.617926909286409227e+02,1.905215623741282798e+02,3.854234745445648969e+02,0.000000000000000000e+00
7.115900000000000000e+04,2.570000000000000000e+02,1.088800000000000000e+04,1.810000000000000000e+02,1.550140625000000000e+03,7.101395874023437500e+02,8.299843072891235352e-01,1.550140625000000000e+03,6.986369628906250000e+02,7.836405038833618164e-01,1.542472290039062500e+03,6.986369628906250000e+02,7.848432064056396484e-01,1.515632812500000000e+03,7.063054199218750000e+02,5.133848786354064941e-01,1.527135498046875000e+03,7.063054199218750000e+02,7.634308338165283203e-01,1.504130249023437500e+03,7.446473999023437500e+02,6.578251123428344727e-01,1.507964477539062500e+03,7.523157958984375000e+02,7.656047940254211426e-01,1.515632812500000000e+03,8.021604003906250000e+02,5.894039273262023926e-01,1.515632812500000000e+03,8.136630249023437500e+02,8.922227621078491211e-01,1.542472290039062500e+03,8.098287963867187500e+02,6.591062545776367188e-01,1.550140625000000000e+03,8.136630249023437500e+02,6.145569682121276855e-01,1.496461791992187500e+03,8.635076293945312500e+02,6.498680114746093750e-01,1.484959228515625000e+03,8.673417968750000000e+02,7.254863977432250977e-01,1.530969604492187500e+03,9.478600463867187500e+02,5.652698278427124023e-01,1.454285644531250000e+03,9.555284423828125000e+02,7.936947941780090332e-01,1.496461791992187500e+03,1.016875610351562500e+03,4.347077310085296631e-01,1.415943603515625000e+03,1.028378295898437500e+03,7.808160185813903809e-01,1.530969604492187500e+03,6.794660034179687500e+02,9.744556546211242676e-01,1.519467041015625000e+03,7.293106079101562500e+02,7.677831649780273438e-01,1.488793457031250000e+03,8.596734008789062500e+02,7.667012214660644531e-01,1.527135498046875000e+03,1.036046630859375000e+03,6.240083575248718262e-01,1.438948852539062500e+03,1.043715087890625000e+03,7.112107276916503906e-01,1.523301269531250000e+03,1.032212402343750000e+03,6.782463192939758301e-01,1.431280395507812500e+03,1.043715087890625000e+03,6.712375879287719727e-01,1.484959228515625000e+03,1.028378295898437500e+03,4.913393557071685791e-01,1.404441040039062500e+03,1.043715087890625000e+03,9.280796051025390625e-01,1.410678341356266856e+03,6.637390728329062313e+02,1.942551640988560848e+02,3.905223752799740851e+02,0.000000000000000000e+00
7.116000000000000000e+04,2.570000000000000000e+02,1.088800000000000000e+04,1.820000000000000000e+02,1.626507690429687500e+03,7.045218505859375000e+02,8.312118649482727051e-01,1.626507690429687500e+03,6.927971191406250000e+02,8.019758462905883789e-01,1.618691162109375000e+03,6.927971191406250000e+02,8.617008328437805176e-01,1.579608764648437500e+03,7.006135864257812500e+02,4.675277173519134521e-01,1.591333496093750000e+03,7.006135864257812500e+02,7.173541784286499023e-01,1.591333496093750000e+03,7.436043090820312500e+02,7.808899879455566406e-01,1.575700439453125000e+03,7.475125732421875000e+02,8.875544071197509766e-01,1.583516967773437500e+03,8.217692260742187500e+02,8.079411983489990234e-01,1.575700439453125000e+03,8.334939575195312500e+02,8.396459817886352539e-01,1.606966430664062500e+03,8.764846801757812500e+02,6.229200363159179688e-01,1.603058227539062500e+03,8.999341430664062500e+02,8.291313648223876953e-01,1.571792236328125000e+03,8.764846801757812500e+02,6.234231591224670410e-01,1.560067504882812500e+03,8.764846801757812500e+02,7.047789096832275391e-01,1.583516967773437500e+03,9.624661254882812500e+02,3.315478265285491943e-01,1.532709716796875000e+03,9.546495971679687500e+02,3.310916423797607422e-01,1.587425170898437500e+03,1.036722778320312500e+03,4.750292897224426270e-01,1.423278930664062500e+03,1.032814575195312500e+03,4.444809556007385254e-01,1.599149902343750000e+03,6.654393920898437500e+02,6.408072710037231445e-01,1.587425170898437500e+03,7.240631103515625000e+02,8.298009037971496582e-01,1.563975708007812500e+03,8.686682128906250000e+02,7.376792430877685547e-01,1.544434570312500000e+03,1.040630981445312500e+03,1.268341541290283203e-01,1.442820068359375000e+03,1.048447509765625000e+03,2.656432390213012695e-01,1.591333496093750000e+03,1.032814575195312500e+03,9.578717499971389771e-02,1.438911865234375000e+03,1.052355834960937500e+03,2.147940397262573242e-01,1.563975708007812500e+03,1.044539306640625000e+03,2.699255049228668213e-01,1.407645874023437500e+03,1.048447509765625000e+03,5.942540168762207031e-01,1.434868456031999813e+03,6.602328319298136421e+02,1.983482302251441070e+02,3.973684850201710788e+02,0.000000000000000000e+00
7.116100000000000000e+04,2.570000000000000000e+02,1.088800000000000000e+04,1.830000000000000000e+02,1.586353149414062500e+03,7.153663330078125000e+02,6.294816136360168457e-01,1.586353149414062500e+03,7.076101684570312500e+02,5.724834799766540527e-01,1.582475097656250000e+03,7.076101684570312500e+02,6.195284128189086914e-01,1.559206665039062500e+03,7.076101684570312500e+02,4.753148257732391357e-01,1.566962890625000000e+03,7.114882812500000000e+02,6.902036070823669434e-01,1.555328613281250000e+03,7.386347656250000000e+02,5.245938897132873535e-01,1.566962890625000000e+03,7.502689819335937500e+02,6.924532651901245117e-01,1.586353149414062500e+03,8.045619506835937500e+02,4.614814817905426025e-01,1.566962890625000000e+03,8.239522705078125000e+02,6.576391458511352539e-01,1.632890014648437500e+03,8.317084350585937500e+02,7.468371987342834473e-01,1.621255859375000000e+03,9.053917236328125000e+02,7.167153954505920410e-01,1.547572509765625000e+03,8.588549194335937500e+02,5.725318789482116699e-01,1.524304077148437500e+03,8.588549194335937500e+02,8.040333986282348633e-01,1.566962890625000000e+03,9.402943725585937500e+02,6.503906846046447754e-01,1.493279541015625000e+03,9.441724243164062500e+02,6.684903502464294434e-01,1.582475097656250000e+03,1.017855773925781250e+03,6.035321950912475586e-01,1.431230346679687500e+03,1.025611938476562500e+03,7.426490783691406250e-01,1.566962890625000000e+03,6.882198486328125000e+02,7.680453658103942871e-01,1.563084716796875000e+03,7.270005493164062500e+02,7.535768747329711914e-01,1.532060180664062500e+03,8.510987548828125000e+02,7.717050313949584961e-01,1.601865478515625000e+03,1.041124145507812500e+03,3.032324910163879395e-01,1.438986572265625000e+03,1.048880371093750000e+03,3.645178973674774170e-01,1.601865478515625000e+03,1.037246093750000000e+03,3.775579929351806641e-01,1.431230346679687500e+03,1.045002197265625000e+03,3.363515734672546387e-01,1.578597045898437500e+03,1.029489990234375000e+03,4.777562022209167480e-01,1.415718139648437500e+03,1.037246093750000000e+03,6.716648340225219727e-01,1.441890361894819989e+03,6.611800518002911531e+02,2.021184299879625996e+02,3.978952258617888447e+02,0.000000000000000000e+00
7.116200000000000000e+04,2.570000000000000000e+02,1.088800000000000000e+04,1.840000000000000000e+02,1.661013671875000000e+03,7.116071777343750000e+02,9.185233712196350098e-01,1.661013671875000000e+03,7.000588378906250000e+02,8.206232786178588867e-01,1.653314819335937500e+03,7.000588378906250000e+02,9.201482534408569336e-01,1.618669799804687500e+03,7.000588378906250000e+02,4.910171926021575928e-01,1.634067504882812500e+03,7.000588378906250000e+02,8.624514937400817871e-01,1.622519165039062500e+03,7.462521972656250000e+02,7.597155570983886719e-01,1.610970825195312500e+03,7.578005371093750000e+02,9.408379793167114258e-01,1.610970825195312500e+03,8.232410888671875000e+02,7.783836722373962402e-01,1.607121459960937500e+03,8.463377685546875000e+02,8.791021108627319336e-01,1.649465332031250000e+03,8.347894287109375000e+02,7.364581227302551270e-01,1.645615844726562500e+03,9.079289550781250000e+02,9.034906029701232910e-01,1.599422485351562500e+03,8.886817016601562500e+02,6.436380743980407715e-01,1.576325805664062500e+03,8.848322753906250000e+02,6.845545768737792969e-01,1.572476440429687500e+03,9.579717407226562500e+02,2.991916239261627197e-01,1.518584106445312500e+03,9.464234008789062500e+02,3.595904707908630371e-01,1.437745727539062500e+03,1.023412353515625000e+03,4.541072547435760498e-01,1.622519165039062500e+03,1.042659545898437500e+03,3.719494342803955078e-01,1.641766479492187500e+03,6.692632446289062500e+02,8.225111961364746094e-01,1.622519165039062500e+03,7.270049438476562500e+02,8.400037288665771484e-01,1.587874145507812500e+03,8.809827880859375000e+02,6.982645988464355469e-01,1.445444702148437500e+03,1.038810058593750000e+03,5.713991522789001465e-01,1.495487426757812500e+03,1.027261718750000000e+03,1.313555836677551270e-01,1.441595214843750000e+03,1.034960693359375000e+03,5.020362734794616699e-01,1.630218139648437500e+03,1.050358398437500000e+03,9.562467783689498901e-02,1.422348022460937500e+03,1.034960693359375000e+03,8.281736969947814941e-01,1.499336914062500000e+03,1.038810058593750000e+03,3.286094665527343750e-01,1.443884059048481276e+03,6.619033958215065923e+02,2.059256618582576266e+02,3.960897054289000607e+02,0.000000000000000000e+00
7.116300000000000000e+04,2.570000000000000000e+02,1.088800000000000000e+04,1.850000000000000000e+02,1.677314453125000000e+03,7.127792358398437500e+02,8.945892453193664551e-01,1.677314453125000000e+03,7.018800048828125000e+02,7.918525934219360352e-01,1.673681274414062500e+03,7.018800048828125000e+02,9.053182601928710938e-01,1.630084350585937500e+03,7.055131225585937500e+02,4.696424901485443115e-01,1.651882812500000000e+03,7.055131225585937500e+02,8.322843313217163086e-01,1.630084350585937500e+03,7.491101074218750000e+02,5.750452876091003418e-01,1.630084350585937500e+03,7.636424560546875000e+02,8.155953288078308105e-01,1.640983520507812500e+03,8.363041381835937500e+02,4.599913060665130615e-01,1.630084350585937500e+03,8.508364868164062500e+02,7.780550122261047363e-01,1.659149047851562500e+03,8.871672973632812500e+02,2.882016897201538086e-01,1.666415161132812500e+03,9.089658203125000000e+02,7.930393218994140625e-01,1.619185058593750000e+03,8.944334716796875000e+02,3.779450953006744385e-01,1.590120361328125000e+03,8.908004150390625000e+02,3.751820325851440430e-01,1.590120361328125000e+03,9.598290405273437500e+02,2.299063950777053833e-01,1.528357910156250000e+03,9.670952148437500000e+02,6.470868587493896484e-01,1.531991088867187500e+03,1.010692199707031250e+03,5.239506363868713379e-01,1.452063110351562500e+03,1.021591430664062500e+03,7.302029132843017578e-01,1.655515869140625000e+03,6.764484252929687500e+02,7.361117601394653320e-01,1.640983520507812500e+03,7.309447021484375000e+02,8.103446364402770996e-01,1.597386596679687500e+03,8.762680664062500000e+02,4.804253876209259033e-01,1.513825561523437500e+03,1.039756835937500000e+03,5.583931803703308105e-01,1.441163940429687500e+03,1.043390014648437500e+03,5.775764584541320801e-01,1.521091796875000000e+03,1.036123779296875000e+03,5.321367383003234863e-01,1.433897705078125000e+03,1.036123779296875000e+03,6.123341917991638184e-01,1.524724853515625000e+03,1.014325256347656250e+03,5.720599293708801270e-01,1.437530883789062500e+03,1.025224487304687500e+03,7.801634669303894043e-01,1.456310290765427226e+03,6.695854123293287330e+02,2.035571119678111245e+02,3.807254582083597825e+02,0.000000000000000000e+00
7.116400000000000000e+04,2.570000000000000000e+02,1.088800000000000000e+04,1.860000000000000000e+02,1.695408447265625000e+03,7.131300048828125000e+02,8.530893325805664062e-01,1.695408447265625000e+03,7.014187011718750000e+02,6.262636184692382812e-01,1.691504760742187500e+03,7.014187011718750000e+02,8.312669992446899414e-01,1.652467041015625000e+03,7.092262573242187500e+02,4.421029686927795410e-01,1.671985961914062500e+03,7.053225097656250000e+02,7.640933394432067871e-01,1.656370849609375000e+03,7.560714111328125000e+02,6.951966285705566406e-01,1.648563354492187500e+03,7.599751586914062500e+02,8.901757001876831055e-01,1.644659545898437500e+03,8.419541625976562500e+02,7.245379090309143066e-01,1.648563354492187500e+03,8.497617187500000000e+02,8.726907372474670410e-01,1.675889648437500000e+03,8.966068725585937500e+02,7.617418169975280762e-01,1.679793457031250000e+03,9.083181762695312500e+02,8.269318938255310059e-01,1.621236938476562500e+03,8.966068725585937500e+02,5.453680157661437988e-01,1.605621948242187500e+03,8.927031250000000000e+02,5.916557312011718750e-01,1.625140747070312500e+03,9.590670776367187500e+02,3.901315927505493164e-01,1.562680541992187500e+03,9.785858764648437500e+02,5.971430540084838867e-01,1.543161743164062500e+03,1.021527282714843750e+03,6.262758970260620117e-01,1.476797729492187500e+03,1.013719726562500000e+03,8.236088752746582031e-01,1.675889648437500000e+03,6.779961547851562500e+02,6.682174801826477051e-01,1.656370849609375000e+03,7.287450561523437500e+02,8.394242525100708008e-01,1.601718139648437500e+03,8.848955688476562500e+02,6.137527823448181152e-01,1.629044555664062500e+03,1.025431030273437500e+03,2.916171252727508545e-01,1.465086425781250000e+03,1.044949829101562500e+03,7.401574850082397461e-01,1.609525756835937500e+03,1.033238525390625000e+03,3.921617865562438965e-01,1.461182739257812500e+03,1.041046142578125000e+03,7.761312127113342285e-01,1.527546630859375000e+03,1.033238525390625000e+03,7.879875302314758301e-01,1.465086425781250000e+03,1.009815979003906250e+03,8.805085420608520508e-01,1.473835751991822690e+03,6.630049569555346807e+02,2.136703412200827188e+02,3.933476115306896190e+02,0.000000000000000000e+00
7.116500000000000000e+04,2.570000000000000000e+02,1.091700000000000000e+04,1.870000000000000000e+02,1.685528686523437500e+03,7.213010864257812500e+02,3.747824430465698242e-01,1.658969848632812500e+03,6.985363159179687500e+02,3.639920055866241455e-01,1.658969848632812500e+03,7.061245727539062500e+02,4.221901595592498779e-01,1.628616821289062500e+03,7.099187011718750000e+02,4.316999316215515137e-01,1.647587402343750000e+03,7.175069580078125000e+02,4.941007792949676514e-01,1.613440307617187500e+03,7.478599853515625000e+02,6.576862335205078125e-01,1.639999267578125000e+03,7.592423706054687500e+02,6.507863402366638184e-01,1.613440307617187500e+03,8.161542358398437500e+02,5.690910816192626953e-01,1.636205078125000000e+03,8.351248779296875000e+02,6.441742181777954102e-01,1.651381591796875000e+03,8.654778442382812500e+02,2.081793397665023804e-01,1.700705200195312500e+03,9.110073852539062500e+02,5.778061747550964355e-01,1.594469726562500000e+03,8.806543579101562500e+02,5.980485081672668457e-01,1.602057983398437500e+03,8.844484863281250000e+02,7.315982580184936523e-01,1.590675537109375000e+03,9.755075073242187500e+02,6.707998514175415039e-01,1.590675537109375000e+03,9.793016357421875000e+02,7.541636228561401367e-01,1.560322509765625000e+03,1.024831176757812500e+03,3.729806840419769287e-01,1.503410644531250000e+03,1.009654663085937500e+03,8.665153384208679199e-01,1.639999267578125000e+03,6.871539306640625000e+02,4.770528674125671387e-01,1.639999267578125000e+03,7.326834716796875000e+02,6.866815686225891113e-01,1.598263793945312500e+03,8.730661010742187500e+02,7.090882062911987305e-01,1.590675537109375000e+03,1.055184204101562500e+03,1.313803493976593018e-01,1.499616577148437500e+03,1.047595947265625000e+03,8.711265921592712402e-01,1.586881469726562500e+03,1.047595947265625000e+03,1.197874993085861206e-01,1.492028320312500000e+03,1.043801757812500000e+03,8.936147093772888184e-01,1.548940185546875000e+03,1.036213500976562500e+03,3.218321502208709717e-01,1.488234130859375000e+03,1.005860534667968750e+03,9.397984147071838379e-01,1.493201410584410041e+03,6.669521901943770672e+02,2.117299337108586315e+02,3.905711964669793588e+02,0.000000000000000000e+00
7.116600000000000000e+04,2.570000000000000000e+02,1.091100000000000000e+04,1.880000000000000000e+02,1.730214965820312500e+03,7.065827026367187500e+02,7.885357737541198730e-01,1.733810546875000000e+03,7.029871826171875000e+02,6.954332590103149414e-01,1.726619506835937500e+03,7.029871826171875000e+02,7.656491398811340332e-01,1.683473510742187500e+03,6.957962036132812500e+02,4.051006436347961426e-01,1.705046508789062500e+03,7.029871826171875000e+02,6.161878705024719238e-01,1.697855468750000000e+03,7.569196777343750000e+02,4.794353842735290527e-01,1.679877929687500000e+03,7.605151977539062500e+02,6.779742836952209473e-01,1.694260009765625000e+03,8.360206909179687500e+02,4.584401547908782959e-01,1.690664550781250000e+03,8.432116699218750000e+02,7.634225487709045410e-01,1.712237548828125000e+03,9.007396850585937500e+02,6.288620233535766602e-01,1.719428466796875000e+03,9.115261840820312500e+02,8.480841517448425293e-01,1.665495971679687500e+03,8.935487060546875000e+02,4.620634317398071289e-01,1.669091552734375000e+03,9.007396850585937500e+02,5.473670363426208496e-01,1.661900512695312500e+03,9.654586791992187500e+02,3.745591342449188232e-01,1.669091552734375000e+03,9.726496582031250000e+02,3.789629638195037842e-01,1.607968017578125000e+03,1.030177734375000000e+03,2.806413471698760986e-01,1.536057983398437500e+03,1.012200195312500000e+03,5.972571372985839844e-01,1.708641967773437500e+03,6.634367065429687500e+02,5.775829553604125977e-01,1.690664550781250000e+03,7.245601806640625000e+02,6.062145233154296875e-01,1.665495971679687500e+03,8.899531860351562500e+02,5.058901906013488770e-01,1.600776977539062500e+03,1.055346191406250000e+03,1.964774727821350098e-01,1.532462524414062500e+03,1.037368652343750000e+03,5.114607810974121094e-01,1.640327514648437500e+03,1.037368652343750000e+03,1.772183477878570557e-01,1.528866943359375000e+03,1.033773193359375000e+03,5.429492592811584473e-01,1.589990478515625000e+03,1.040964111328125000e+03,3.992056548595428467e-01,1.528866943359375000e+03,1.005009155273437500e+03,7.106034159660339355e-01,1.532130612054114181e+03,6.748301961116435450e+02,2.020115299512895035e+02,3.760045682553725328e+02,0.000000000000000000e+00
7.116700000000000000e+04,2.570000000000000000e+02,1.088800000000000000e+04,1.890000000000000000e+02,1.752497070312500000e+03,7.050028076171875000e+02,9.767122268676757812e-01,1.752497070312500000e+03,6.938712768554687500e+02,7.236136198043823242e-01,1.748786621093750000e+03,6.938712768554687500e+02,9.129503965377807617e-01,1.704260498046875000e+03,6.975817871093750000e+02,5.467944145202636719e-01,1.726523559570312500e+03,6.975817871093750000e+02,8.213717341423034668e-01,1.700550048828125000e+03,7.458183593750000000e+02,7.717999219894409180e-01,1.707971069335937500e+03,7.606604003906250000e+02,9.068705439567565918e-01,1.700550048828125000e+03,8.385809936523437500e+02,6.207741498947143555e-01,1.722812988281250000e+03,8.497125244140625000e+02,8.819786906242370605e-01,1.719102539062500000e+03,8.979490356445312500e+02,7.205146551132202148e-01,1.737655029296875000e+03,9.127910766601562500e+02,8.834706544876098633e-01,1.689418457031250000e+03,9.016595458984375000e+02,7.619365453720092773e-01,1.704260498046875000e+03,9.053700561523437500e+02,7.251688241958618164e-01,1.681997436523437500e+03,9.832907104492187500e+02,5.316843390464782715e-01,1.704260498046875000e+03,9.944221801757812500e+02,7.159457206726074219e-01,1.678286987304687500e+03,1.016685241699218750e+03,3.846905231475830078e-01,1.693129028320312500e+03,1.024106201171875000e+03,4.871475696563720703e-01,1.730234008789062500e+03,6.678977661132812500e+02,8.107426166534423828e-01,1.711681518554687500e+03,7.235552978515625000e+02,8.500333428382873535e-01,1.693129028320312500e+03,8.979490356445312500e+02,7.929192781448364258e-01,1.681997436523437500e+03,1.016685241699218750e+03,3.157587647438049316e-01,1.715391967773437500e+03,1.016685241699218750e+03,1.582601666450500488e-01,1.678286987304687500e+03,1.016685241699218750e+03,3.816024661064147949e-01,1.759918090820312500e+03,9.944221801757812500e+02,1.657344102859497070e-01,1.685708007812500000e+03,1.016685241699218750e+03,2.841883599758148193e-01,1.685708007812500000e+03,1.024106201171875000e+03,3.710490167140960693e-01,1.576148093125718333e+03,6.662208651634936132e+02,1.991509643944762047e+02,3.783284153362177449e+02,0.000000000000000000e+00
7.116800000000000000e+04,2.570000000000000000e+02,1.091700000000000000e+04,1.940000000000000000e+02,1.829148315429687500e+03,7.648474731445312500e+02,4.239726662635803223e-01,1.825661376953125000e+03,7.543867797851562500e+02,2.307021021842956543e-01,1.822174560546875000e+03,7.508999023437500000e+02,3.936216235160827637e-01,1.811713745117187500e+03,7.474129638671875000e+02,6.930880248546600342e-02,1.804739990234375000e+03,7.439260864257812500e+02,3.265825212001800537e-01,1.797766235351562500e+03,7.578737182617187500e+02,1.917259246110916138e-01,1.794279296875000000e+03,7.578737182617187500e+02,2.619416117668151855e-01,1.804739990234375000e+03,8.380724487304687500e+02,2.210105508565902710e-01,1.808226928710937500e+03,8.380724487304687500e+02,4.652901291847229004e-01,1.822174560546875000e+03,9.043236083984375000e+02,2.818329632282257080e-01,1.822174560546875000e+03,9.043236083984375000e+02,7.420685887336730957e-01,1.790792358398437500e+03,8.799152832031250000e+02,1.292636096477508545e-01,1.717567382812500000e+03,8.345855712890625000e+02,2.896586954593658447e-01,1.787305419921875000e+03,9.287319335937500000e+02,2.252644151449203491e-01,1.700132934570312500e+03,9.252450561523437500e+02,5.072008967399597168e-01,1.759410278320312500e+03,9.949830932617187500e+02,3.247354030609130859e-01,1.644342407226562500e+03,1.008930725097656250e+03,5.251639485359191895e-01,1.815200683593750000e+03,7.125439453125000000e+02,2.380993366241455078e-01,1.797766235351562500e+03,7.439260864257812500e+02,3.284227252006530762e-01,1.748949584960937500e+03,8.380724487304687500e+02,1.467534452676773071e-01,1.766384033203125000e+03,1.015904479980468750e+03,2.957764863967895508e-01,1.640855590820312500e+03,1.036825927734375000e+03,5.284292697906494141e-01,1.766384033203125000e+03,1.015904479980468750e+03,3.068208396434783936e-01,1.626907958984375000e+03,1.033338989257812500e+03,5.288997292518615723e-01,1.738488891601562500e+03,1.005443786621093750e+03,1.616053432226181030e-01,1.640855590820312500e+03,1.019391418457031250e+03,4.544898867607116699e-01,1.631175908041796902e+03,6.875608403864147249e+02,1.479216315803089401e+02,3.557898470635537933e+02,0.000000000000000000e+00
7.116900000000000000e+04,2.570000000000000000e+02,1.088800000000000000e+04,1.950000000000000000e+02,1.756677612304687500e+03,7.201670532226562500e+02,6.435813903808593750e-01,1.760110717773437500e+03,7.133009643554687500e+02,6.620067358016967773e-01,1.753244628906250000e+03,7.133009643554687500e+02,7.363163232803344727e-01,1.770409790039062500e+03,7.167340087890625000e+02,6.243080496788024902e-01,1.749811523437500000e+03,7.167340087890625000e+02,7.620584368705749512e-01,1.766976806640625000e+03,7.579306640625000000e+02,4.822998046875000000e-01,1.736079345703125000e+03,7.544976196289062500e+02,7.345080375671386719e-01,1.756677612304687500e+03,8.265917358398437500e+02,4.500335156917572021e-01,1.708614868164062500e+03,8.128595581054687500e+02,8.438220024108886719e-01,1.753244628906250000e+03,7.682297973632812500e+02,1.405005753040313721e-01,1.674284301757812500e+03,8.574892578125000000e+02,9.020302891731262207e-01,1.763543701171875000e+03,8.746545410156250000e+02,5.157970786094665527e-01,1.725780151367187500e+03,8.712214355468750000e+02,7.280974984169006348e-01,1.770409790039062500e+03,9.673469848632812500e+02,5.719425082206726074e-01,1.694882690429687500e+03,9.570478515625000000e+02,5.379957556724548340e-01,1.766976806640625000e+03,1.025708862304687500e+03,3.156361281871795654e-01,1.650252929687500000e+03,1.008543640136718750e+03,7.794321179389953613e-01,1.760110717773437500e+03,6.961356811523437500e+02,6.915830373764038086e-01,1.756677612304687500e+03,7.373323364257812500e+02,7.635395526885986328e-01,1.742945434570312500e+03,8.677883911132812500e+02,7.168445587158203125e-01,1.777276000976562500e+03,1.029141967773437500e+03,4.008190929889678955e-01,1.643386840820312500e+03,1.036008056640625000e+03,6.337813735008239746e-01,1.780708984375000000e+03,1.025708862304687500e+03,4.089433252811431885e-01,1.629654663085937500e+03,1.029141967773437500e+03,6.531451344490051270e-01,1.729213134765625000e+03,1.025708862304687500e+03,1.518818885087966919e-01,1.650252929687500000e+03,1.008543640136718750e+03,5.441097617149353027e-01,1.630342915513671187e+03,6.950915711473151077e+02,1.494614372926544092e+02,3.531387009292575385e+02,0.000000000000000000e+00
7.117000000000000000e+04,2.570000000000000000e+02,1.091000000000000000e+04,1.960000000000000000e+02,1.750969970703125000e+03,7.115821533203125000e+02,7.622033357620239258e-01,1.757868286132812500e+03,7.081329956054687500e+02,7.946979999542236328e-01,1.757868286132812500e+03,7.115821533203125000e+02,7.686047554016113281e-01,1.771664916992187500e+03,7.150313110351562500e+02,6.204591989517211914e-01,1.761317382812500000e+03,7.184804687500000000e+02,6.415691971778869629e-01,1.782012329101562500e+03,7.633195190429687500e+02,4.610201120376586914e-01,1.754419067382812500e+03,7.598703613281250000e+02,7.697819471359252930e-01,1.840647949218750000e+03,8.529975585937500000e+02,3.098163306713104248e-01,1.723376708984375000e+03,8.150568237304687500e+02,8.286573886871337891e-01,1.854444580078125000e+03,9.150823364257812500e+02,4.237581491470336914e-01,1.685436035156250000e+03,8.598958740234375000e+02,8.876443505287170410e-01,1.782012329101562500e+03,8.805907592773437500e+02,4.513260126113891602e-01,1.744071655273437500e+03,8.736924438476562500e+02,6.573815345764160156e-01,1.788910644531250000e+03,9.668196411132812500e+02,2.777219712734222412e-01,1.726825927734375000e+03,9.357772827148437500e+02,5.463886857032775879e-01,1.795808959960937500e+03,1.018557006835937500e+03,2.317551374435424805e-01,1.664741088867187500e+03,1.004760375976562500e+03,6.978356242179870605e-01,1.768215698242187500e+03,6.977855834960937500e+02,6.848371624946594238e-01,1.768215698242187500e+03,7.391754150390625000e+02,7.161771059036254883e-01,1.764766601562500000e+03,8.736924438476562500e+02,6.203944683074951172e-01,1.792359863281250000e+03,1.015107849121093750e+03,1.230779588222503662e-01,1.640597045898437500e+03,1.039251953125000000e+03,7.369410991668701172e-01,1.806156494140625000e+03,1.004760375976562500e+03,1.292982846498489380e-01,1.633698730468750000e+03,1.028904418945312500e+03,7.078599333763122559e-01,1.785461547851562500e+03,1.004760375976562500e+03,6.022742763161659241e-02,1.664741088867187500e+03,1.011658691406250000e+03,6.344893574714660645e-01,1.636510706136712088e+03,6.964927908612791043e+02,1.517590669860733215e+02,3.532958230550869985e+02,0.000000000000000000e+00
7.117100000000000000e+04,2.570000000000000000e+02,1.088800000000000000e+04,0.000000000000000000e+00,6.243933715820312500e+02,7.151390991210937500e+02,6.522266864776611328e-01,6.243933715820312500e+02,7.137454223632812500e+02,6.593204140663146973e-01,6.216060180664062500e+02,7.130485839843750000e+02,6.702083945274353027e-01,6.264839477539062500e+02,7.137454223632812500e+02,5.402816534042358398e-01,6.174249267578125000e+02,7.130485839843750000e+02,6.718250513076782227e-01,6.271807861328125000e+02,7.207138671875000000e+02,7.451138496398925781e-01,6.160312500000000000e+02,7.214107055664062500e+02,6.777284741401672363e-01,6.313618774414062500e+02,7.318634033203125000e+02,7.004285454750061035e-01,6.125469970703125000e+02,7.346508178710937500e+02,8.088673353195190430e-01,6.327555541992187500e+02,7.451035156250000000e+02,7.218934297561645508e-01,6.125469970703125000e+02,7.437097778320312500e+02,8.276860117912292480e-01,6.264839477539062500e+02,7.451035156250000000e+02,7.679131031036376953e-01,6.195155029296875000e+02,7.464971923828125000e+02,7.242273092269897461e-01,6.299681396484375000e+02,7.625246582031250000e+02,7.795819044113159180e-01,6.209091796875000000e+02,7.632214965820312500e+02,8.180909752845764160e-01,6.327555541992187500e+02,7.771583862304687500e+02,8.155288100242614746e-01,6.229996948242187500e+02,7.785521240234375000e+02,8.479915857315063477e-01,6.233481445312500000e+02,7.071253662109375000e+02,7.063478827476501465e-01,6.216060180664062500e+02,7.165327758789062500e+02,7.574744820594787598e-01,6.229996948242187500e+02,7.444066162109375000e+02,8.141710162162780762e-01,6.369366455078125000e+02,7.799458007812500000e+02,7.280240654945373535e-01,6.250902709960937500e+02,7.820363159179687500e+02,7.228260636329650879e-01,6.376334838867187500e+02,7.778552246093750000e+02,8.156172633171081543e-01,6.229996948242187500e+02,7.820363159179687500e+02,6.632546186447143555e-01,6.320587158203125000e+02,7.785521240234375000e+02,7.401672005653381348e-01,6.236965332031250000e+02,7.799458007812500000e+02,7.670640349388122559e-01,6.070094604492187500e+02,7.146513671875000000e+02,2.431518554687500000e+01,7.135699462890625000e+01,1.000000000000000000e+00
7.117200000000000000e+04,2.570000000000000000e+02,1.088900000000000000e+04,1.000000000000000000e+00,6.236229248046875000e+02,7.170247802734375000e+02,6.920025944709777832e-01,6.236229248046875000e+02,7.147514038085937500e+02,7.812947630882263184e-01,6.205917358398437500e+02,7.147514038085937500e+02,6.749385595321655273e-01,6.251384887695312500e+02,7.162670288085937500e+02,7.956659197807312012e-01,6.160449829101562500e+02,7.162670288085937500e+02,7.590834498405456543e-01,6.251384887695312500e+02,7.246027221679687500e+02,8.924123644828796387e-01,6.152872314453125000e+02,7.253605346679687500e+02,8.284761905670166016e-01,6.281696777343750000e+02,7.352117919921875000e+02,8.174841403961181641e-01,6.130138549804687500e+02,7.374851684570312500e+02,8.791772723197937012e-01,6.296852416992187500e+02,7.223293457031250000e+02,7.049590945243835449e-01,6.137716064453125000e+02,7.473364257812500000e+02,8.516678214073181152e-01,6.251384887695312500e+02,7.488520507812500000e+02,7.827001810073852539e-01,6.183183593750000000e+02,7.503676147460937500e+02,7.846367359161376953e-01,6.281696777343750000e+02,7.670390014648437500e+02,8.506765961647033691e-01,6.205917358398437500e+02,7.677968139648437500e+02,7.531151175498962402e-01,6.319586181640625000e+02,7.806792602539062500e+02,8.839865922927856445e-01,6.221072998046875000e+02,7.821948242187500000e+02,8.815709948539733887e-01,6.213495483398437500e+02,7.094468994140625000e+02,9.019965529441833496e-01,6.205917358398437500e+02,7.215715332031250000e+02,9.020445346832275391e-01,6.213495483398437500e+02,7.480942382812500000e+02,8.265960216522216797e-01,6.365053710937500000e+02,7.844682006835937500e+02,8.489263653755187988e-01,6.228651123046875000e+02,7.859837646484375000e+02,7.866874337196350098e-01,6.380209350585937500e+02,7.829526367187500000e+02,9.013181328773498535e-01,6.213495483398437500e+02,7.852260131835937500e+02,6.876944899559020996e-01,6.312008056640625000e+02,7.837103881835937500e+02,8.389130234718322754e-01,6.228651123046875000e+02,7.837103881835937500e+02,7.925347089767456055e-01,6.057346946269855152e+02,7.118821289062500455e+02,2.611305703509151499e+01,7.634962158203120453e+01,1.000000000000000000e+00
7.117300000000000000e+04,2.570000000000000000e+02,1.088900000000000000e+04,2.000000000000000000e+00,6.198912963867187500e+02,7.219200439453125000e+02,7.325532436370849609e-01,6.206845703125000000e+02,7.195402221679687500e+02,7.884330749511718750e-01,6.175114746093750000e+02,7.195402221679687500e+02,7.087737917900085449e-01,6.230643920898437500e+02,7.203334960937500000e+02,7.963519692420959473e-01,6.143384399414062500e+02,7.203334960937500000e+02,7.691697478294372559e-01,6.238576660156250000e+02,7.282662353515625000e+02,8.438326716423034668e-01,6.127518920898437500e+02,7.290594482421875000e+02,8.525554537773132324e-01,6.254442138671875000e+02,7.393720092773437500e+02,7.962744832038879395e-01,6.087855224609375000e+02,7.409585571289062500e+02,9.120433926582336426e-01,6.270307617187500000e+02,7.512710571289062500e+02,7.036067247390747070e-01,6.103720703125000000e+02,7.504777832031250000e+02,8.692969679832458496e-01,6.222711181640625000e+02,7.520643310546875000e+02,7.884324193000793457e-01,6.151317138671875000e+02,7.528576049804687500e+02,7.938650250434875488e-01,6.254442138671875000e+02,7.703095092773437500e+02,8.116613030433654785e-01,6.159249877929687500e+02,7.711027832031250000e+02,7.866569757461547852e-01,6.286173095703125000e+02,7.861749267578125000e+02,9.130721688270568848e-01,6.190980224609375000e+02,7.877614746093750000e+02,9.090196490287780762e-01,6.190980224609375000e+02,7.131940917968750000e+02,8.196104168891906738e-01,6.183047485351562500e+02,7.250931396484375000e+02,8.921744823455810547e-01,6.183047485351562500e+02,7.512710571289062500e+02,8.365368247032165527e-01,6.325836181640625000e+02,7.893480224609375000e+02,8.659970760345458984e-01,6.190980224609375000e+02,7.909345703125000000e+02,7.835738062858581543e-01,6.341701660156250000e+02,7.877614746093750000e+02,8.740257620811462402e-01,6.167182617187500000e+02,7.909345703125000000e+02,7.516273856163024902e-01,6.278240356445312500e+02,7.877614746093750000e+02,8.069865703582763672e-01,6.190980224609375000e+02,7.885547485351562500e+02,8.070881962776184082e-01,6.037929503990540070e+02,7.130506502174159777e+02,2.746884314314638686e+01,8.002963865817196165e+01,1.000000000000000000e+00
7.117400000000000000e+04,2.570000000000000000e+02,1.088900000000000000e+04,3.000000000000000000e+00,6.176740112304687500e+02,7.244209594726562500e+02,7.925223112106323242e-01,6.193895874023437500e+02,7.227053833007812500e+02,8.400204181671142578e-01,6.159584350585937500e+02,7.227053833007812500e+02,7.889306545257568359e-01,6.211052246093750000e+02,7.227053833007812500e+02,7.586202025413513184e-01,6.133850097656250000e+02,7.227053833007812500e+02,8.081398010253906250e-01,6.236785888671875000e+02,7.304255371093750000e+02,8.458322882652282715e-01,6.116694335937500000e+02,7.295677490234375000e+02,8.424579501152038574e-01,6.253941650390625000e+02,7.407191162109375000e+02,7.179352641105651855e-01,6.090960083007812500e+02,7.415769042968750000e+02,8.162858486175537109e-01,6.262520141601562500e+02,7.518704833984375000e+02,5.989286899566650391e-01,6.082382202148437500e+02,7.527282714843750000e+02,5.814863443374633789e-01,6.219630126953125000e+02,7.518704833984375000e+02,6.467669010162353516e-01,6.133850097656250000e+02,7.518704833984375000e+02,6.901271343231201172e-01,6.236785888671875000e+02,7.715998535156250000e+02,7.445999979972839355e-01,6.142427978515625000e+02,7.715998535156250000e+02,7.093616724014282227e-01,6.262520141601562500e+02,7.904714355468750000e+02,7.974560856819152832e-01,6.142427978515625000e+02,7.904714355468750000e+02,7.742871642112731934e-01,6.176740112304687500e+02,7.175585937500000000e+02,8.044093251228332520e-01,6.176740112304687500e+02,7.269943237304687500e+02,8.733651041984558105e-01,6.176740112304687500e+02,7.492971191406250000e+02,7.026467323303222656e-01,6.305409545898437500e+02,7.930447998046875000e+02,8.019326925277709961e-01,6.151005859375000000e+02,7.964760131835937500e+02,8.058853745460510254e-01,6.313988037109375000e+02,7.921870117187500000e+02,8.626420497894287109e-01,6.133850097656250000e+02,7.956182250976562500e+02,8.110674619674682617e-01,6.245363769531250000e+02,7.921870117187500000e+02,7.589380145072937012e-01,6.142427978515625000e+02,7.913292236328125000e+02,7.677850723266601562e-01,6.030039357559955988e+02,7.122499852151845516e+02,2.963036720947843605e+01,8.630083542760405635e+01,1.000000000000000000e+00
7.117500000000000000e+04,2.570000000000000000e+02,1.089000000000000000e+04,4.000000000000000000e+00,6.171151733398437500e+02,7.271318359375000000e+02,7.144757509231567383e-01,6.179914550781250000e+02,7.253793334960937500e+02,7.681536674499511719e-01,6.153626708984375000e+02,7.253793334960937500e+02,7.050153613090515137e-01,6.188677368164062500e+02,7.245030517578125000e+02,6.899448037147521973e-01,6.127338256835937500e+02,7.245030517578125000e+02,5.505148172378540039e-01,6.223728027343750000e+02,7.323894653320312500e+02,6.693760156631469727e-01,6.092287597656250000e+02,7.315131835937500000e+02,6.845383048057556152e-01,6.250016479492187500e+02,7.393996582031250000e+02,5.238285064697265625e-01,6.065999145507812500e+02,7.411521606445312500e+02,1.951170414686203003e-01,6.214965209960937500e+02,7.481623535156250000e+02,1.777899414300918579e-01,6.118575439453125000e+02,7.227504882812500000e+02,2.431348264217376709e-01,6.223728027343750000e+02,7.569250488281250000e+02,4.342796504497528076e-01,6.109813232421875000e+02,7.551724853515625000e+02,4.311919510364532471e-01,6.214965209960937500e+02,7.762030029296875000e+02,6.122683286666870117e-01,6.109813232421875000e+02,7.762030029296875000e+02,6.142827272415161133e-01,6.223728027343750000e+02,7.946046752929687500e+02,6.714327931404113770e-01,6.136101074218750000e+02,7.963571777343750000e+02,7.109969854354858398e-01,6.162388916015625000e+02,7.201217041015625000e+02,7.454031109809875488e-01,6.162388916015625000e+02,7.280081176757812500e+02,7.963318824768066406e-01,6.162388916015625000e+02,7.490385742187500000e+02,6.010785698890686035e-01,6.267541503906250000e+02,7.981097412109375000e+02,7.490553259849548340e-01,6.153626708984375000e+02,8.007385253906250000e+02,7.937411665916442871e-01,6.285067138671875000e+02,7.972334594726562500e+02,8.083775043487548828e-01,6.118575439453125000e+02,7.998623046875000000e+02,7.389466166496276855e-01,6.214965209960937500e+02,7.972334594726562500e+02,7.903588414192199707e-01,6.118575439453125000e+02,7.972334594726562500e+02,6.918689012527465820e-01,6.009713338036916639e+02,7.130583731147723938e+02,3.068739817397363367e+01,8.970121750240139136e+01,1.000000000000000000e+00
7.117600000000000000e+04,2.570000000000000000e+02,1.088900000000000000e+04,5.000000000000000000e+00,6.163753662109375000e+02,7.297826538085937500e+02,4.701297581195831299e-01,6.172537841796875000e+02,7.262689819335937500e+02,4.793034791946411133e-01,6.146185302734375000e+02,7.271473999023437500e+02,5.556661486625671387e-01,6.163753662109375000e+02,7.253905639648437500e+02,3.931886553764343262e-01,6.119832763671875000e+02,7.262689819335937500e+02,4.726318418979644775e-01,6.216458740234375000e+02,7.315394897460937500e+02,3.121045827865600586e-01,6.067127685546875000e+02,7.332963256835937500e+02,5.473338365554809570e-01,6.304300537109375000e+02,7.420804443359375000e+02,3.128448724746704102e-01,6.031990966796875000e+02,7.473509521484375000e+02,2.950202524662017822e-01,6.242811279296875000e+02,7.297826538085937500e+02,1.525081694126129150e-01,6.190106201171875000e+02,7.253905639648437500e+02,1.712841689586639404e-01,6.225242919921875000e+02,7.587703857421875000e+02,4.677514731884002686e-01,6.075911865234375000e+02,7.587703857421875000e+02,4.155364632606506348e-01,6.198890380859375000e+02,7.789739990234375000e+02,5.440868139266967773e-01,6.075911865234375000e+02,7.780955810546875000e+02,5.324006676673889160e-01,6.198890380859375000e+02,7.965422973632812500e+02,5.142537951469421387e-01,6.075911865234375000e+02,7.974207153320312500e+02,4.249078333377838135e-01,6.137401123046875000e+02,7.209984741210937500e+02,6.592843532562255859e-01,6.137401123046875000e+02,7.289042358398437500e+02,6.038026213645935059e-01,6.146185302734375000e+02,7.526214599609375000e+02,6.861183643341064453e-01,6.260379638671875000e+02,8.000559692382812500e+02,4.866375625133514404e-01,6.093480224609375000e+02,8.026912231445312500e+02,3.464782536029815674e-01,6.251595458984375000e+02,7.991775512695312500e+02,4.751760661602020264e-01,6.075911865234375000e+02,8.026912231445312500e+02,4.037204086780548096e-01,6.181322021484375000e+02,8.009343872070312500e+02,5.500611066818237305e-01,6.093480224609375000e+02,8.009343872070312500e+02,4.194935858249664307e-01,5.991481671286220489e+02,7.145549266425359747e+02,3.101669318454310087e+01,9.090694875025781130e+01,1.000000000000000000e+00
7.117700000000000000e+04,2.570000000000000000e+02,1.088800000000000000e+04,6.000000000000000000e+00,6.132413940429687500e+02,7.303749389648437500e+02,3.806634247303009033e-01,6.132413940429687500e+02,7.286516113281250000e+02,3.962861001491546631e-01,6.132413940429687500e+02,7.286516113281250000e+02,5.917395949363708496e-01,6.063480834960937500e+02,7.277899169921875000e+02,4.912279546260833740e-01,6.141030883789062500e+02,7.286516113281250000e+02,4.606709778308868408e-01,6.003164672851562500e+02,7.364065551757812500e+02,6.363729834556579590e-01,6.175497436523437500e+02,7.372681884765625000e+02,4.955255091190338135e-01,5.968698120117187500e+02,7.501931762695312500e+02,3.724402487277984619e-01,6.253046875000000000e+02,7.493314819335937500e+02,2.842562496662139893e-01,5.968698120117187500e+02,7.674263916015625000e+02,2.599555552005767822e-01,6.261663208007812500e+02,7.527781372070312500e+02,1.137673258781433105e-01,6.037631225585937500e+02,7.674263916015625000e+02,2.837549746036529541e-01,6.158264160156250000e+02,7.674263916015625000e+02,3.437110781669616699e-01,6.054864501953125000e+02,7.829363403320312500e+02,4.060897827148437500e-01,6.149647216796875000e+02,7.820746459960937500e+02,5.489590764045715332e-01,6.054864501953125000e+02,8.010312500000000000e+02,7.138913869857788086e-01,6.166880493164062500e+02,8.010312500000000000e+02,6.671547889709472656e-01,6.115180664062500000e+02,7.243432617187500000e+02,6.984904408454895020e-01,6.106564331054687500e+02,7.303749389648437500e+02,6.009013652801513672e-01,6.115180664062500000e+02,7.596714477539062500e+02,6.523633003234863281e-01,6.106564331054687500e+02,8.036162109375000000e+02,4.529498815536499023e-01,6.209963989257812500e+02,8.027545776367187500e+02,5.330019593238830566e-01,6.080714111328125000e+02,8.036162109375000000e+02,3.541055321693420410e-01,6.209963989257812500e+02,8.036162109375000000e+02,4.512953758239746094e-01,6.115180664062500000e+02,8.044779052734375000e+02,4.816764593124389648e-01,6.158264160156250000e+02,8.036162109375000000e+02,6.329255700111389160e-01,5.972324423334353014e+02,7.174561645055078998e+02,3.063556351611532591e+01,9.000436466879580166e+01,1.000000000000000000e+00
7.117800000000000000e+04,2.570000000000000000e+02,1.088900000000000000e+04,7.000000000000000000e+00,6.076724243164062500e+02,7.377749023437500000e+02,3.669323921203613281e-01,6.104498291015625000e+02,7.349974365234375000e+02,5.188691616058349609e-01,6.039691772460937500e+02,7.368490600585937500e+02,5.155107378959655762e-01,6.141530761718750000e+02,7.331458129882812500e+02,4.425966143608093262e-01,6.058208007812500000e+02,7.303684082031250000e+02,4.323989450931549072e-01,6.206337890625000000e+02,7.414781494140625000e+02,4.788906574249267578e-01,6.021175537109375000e+02,7.359232788085937500e+02,4.435912668704986572e-01,6.271145019531250000e+02,7.516620483398437500e+02,4.255119562149047852e-01,5.910077514648437500e+02,7.507362670898437500e+02,3.296875655651092529e-01,6.298919067382812500e+02,7.590686035156250000e+02,3.451125323772430420e-01,5.900819702148437500e+02,7.609202270507812500e+02,2.875116765499114990e-01,6.169305419921875000e+02,7.701783447265625000e+02,5.121717453002929688e-01,5.984142456054687500e+02,7.701783447265625000e+02,4.379687011241912842e-01,6.160046997070312500e+02,7.840655517578125000e+02,6.391089558601379395e-01,6.011917114257812500e+02,7.849913330078125000e+02,5.794233679771423340e-01,6.150789184570312500e+02,8.007301635742187500e+02,6.075151562690734863e-01,6.030433349609375000e+02,8.007301635742187500e+02,5.493871569633483887e-01,6.085982055664062500e+02,7.266651000976562500e+02,6.817268729209899902e-01,6.104498291015625000e+02,7.340716552734375000e+02,7.583652734756469727e-01,6.095240478515625000e+02,7.590686035156250000e+02,7.182501554489135742e-01,6.178563232421875000e+02,8.072108764648437500e+02,6.034701466560363770e-01,6.048949584960937500e+02,8.072108764648437500e+02,6.001977920532226562e-01,6.197079467773437500e+02,8.062850341796875000e+02,6.209428310394287109e-01,6.011917114257812500e+02,8.072108764648437500e+02,5.751522779464721680e-01,6.132272949218750000e+02,8.044334106445312500e+02,5.727897882461547852e-01,6.048949584960937500e+02,8.044334106445312500e+02,4.521530270576477051e-01,5.946742805860521912e+02,7.166528790328019340e+02,3.159727366741492460e+01,9.397707166717634664e+01,1.000000000000000000e+00
7.117900000000000000e+04,2.570000000000000000e+02,1.088800000000000000e+04,8.000000000000000000e+00,6.015296630859375000e+02,7.336447143554687500e+02,2.691701650619506836e-01,6.068070068359375000e+02,7.283673706054687500e+02,3.487223982810974121e-01,6.041683349609375000e+02,7.292469482421875000e+02,3.771757781505584717e-01,6.032887573242187500e+02,7.292469482421875000e+02,3.589242994785308838e-01,6.085661010742187500e+02,7.301264648437500000e+02,3.023114502429962158e-01,5.953728027343750000e+02,7.406811523437500000e+02,1.858716458082199097e-01,6.015296630859375000e+02,7.362833862304687500e+02,2.122172266244888306e-01,5.936136474609375000e+02,7.485971069335937500e+02,2.266486436128616333e-01,5.980114746093750000e+02,7.450789184570312500e+02,1.990693360567092896e-01,5.883363647460937500e+02,7.582722167968750000e+02,3.218369185924530029e-01,6.182412109375000000e+02,7.538744506835937500e+02,2.507994472980499268e-01,6.138434448242187500e+02,7.749837646484375000e+02,2.593564391136169434e-01,6.076865234375000000e+02,7.767428588867187500e+02,1.603169292211532593e-01,5.962523193359375000e+02,7.855384521484375000e+02,3.775253295898437500e-01,6.103251953125000000e+02,7.855384521484375000e+02,4.002807438373565674e-01,5.980114746093750000e+02,8.004908447265625000e+02,2.715511322021484375e-01,6.112047729492187500e+02,8.013704223632812500e+02,3.672445416450500488e-01,6.068070068359375000e+02,7.239696044921875000e+02,6.658813357353210449e-01,6.050479125976562500e+02,7.318856201171875000e+02,6.478386521339416504e-01,6.068070068359375000e+02,7.653086547851562500e+02,3.924885392189025879e-01,6.015296630859375000e+02,8.048886108398437500e+02,5.917391180992126465e-01,6.120843505859375000e+02,8.057681884765625000e+02,5.286515951156616211e-01,5.997705688476562500e+02,8.066477661132812500e+02,4.549355506896972656e-01,6.138434448242187500e+02,8.057681884765625000e+02,5.074161887168884277e-01,6.032887573242187500e+02,8.057681884765625000e+02,3.686950206756591797e-01,6.112047729492187500e+02,8.031295166015625000e+02,4.587937891483306885e-01,5.895783907836369053e+02,7.189781272369292537e+02,3.089959156535599050e+01,9.224428860546208853e+01,1.000000000000000000e+00
7.118000000000000000e+04,2.570000000000000000e+02,1.088800000000000000e+04,9.000000000000000000e+00,6.010585327148437500e+02,7.300824584960937500e+02,5.426831245422363281e-01,6.046145629882812500e+02,7.265264892578125000e+02,5.772511959075927734e-01,5.992805786132812500e+02,7.274154663085937500e+02,6.874831914901733398e-01,6.081705322265625000e+02,7.283045043945312500e+02,5.444146394729614258e-01,5.957245483398437500e+02,7.274154663085937500e+02,6.646578907966613770e-01,6.108375854492187500e+02,7.380834960937500000e+02,6.792086362838745117e-01,5.921685180664062500e+02,7.389724731445312500e+02,6.002607345581054688e-01,6.143935546875000000e+02,7.487515258789062500e+02,5.927553176879882812e-01,5.877235107421875000e+02,7.496405029296875000e+02,5.112761259078979492e-01,6.179495849609375000e+02,7.531965332031250000e+02,1.871437579393386841e-01,5.850565185546875000e+02,7.540855102539062500e+02,3.874054253101348877e-01,6.090595703125000000e+02,7.674205322265625000e+02,6.338933110237121582e-01,5.939465332031250000e+02,7.683095092773437500e+02,5.087307691574096680e-01,6.072815551757812500e+02,7.834225463867187500e+02,7.501088380813598633e-01,5.948355712890625000e+02,7.843115844726562500e+02,7.574836015701293945e-01,6.081705322265625000e+02,8.012025756835937500e+02,5.944203734397888184e-01,5.975025634765625000e+02,8.012025756835937500e+02,5.553828477859497070e-01,6.028365478515625000e+02,7.211924438476562500e+02,7.313501238822937012e-01,6.019475708007812500e+02,7.309714965820312500e+02,7.842797636985778809e-01,6.028365478515625000e+02,7.611975097656250000e+02,6.302440762519836426e-01,6.117265625000000000e+02,8.047586059570312500e+02,4.257489740848541260e-01,5.930575561523437500e+02,8.056475830078125000e+02,5.331797003746032715e-01,6.126155395507812500e+02,8.038695678710937500e+02,4.644173085689544678e-01,5.921685180664062500e+02,8.047586059570312500e+02,5.498778820037841797e-01,6.063925781250000000e+02,8.020916137695312500e+02,3.474851548671722412e-01,6.010585327148437500e+02,8.047586059570312500e+02,3.787484467029571533e-01,5.866178130192654407e+02,7.173654007008112785e+02,3.090766751595742790e+01,9.206413341861673416e+01,1.000000000000000000e+00
7.118100000000000000e+04,2.570000000000000000e+02,1.088800000000000000e+04,1.000000000000000000e+01,6.011774291992187500e+02,7.274324951171875000e+02,4.596195816993713379e-01,6.021442260742187500e+02,7.245321655273437500e+02,4.622713923454284668e-01,5.982771606445312500e+02,7.245321655273437500e+02,5.108384490013122559e-01,6.050444946289062500e+02,7.235653686523437500e+02,4.341351985931396484e-01,6.011774291992187500e+02,7.235653686523437500e+02,4.531800448894500732e-01,6.069780273437500000e+02,7.380668945312500000e+02,6.342999935150146484e-01,5.915097656250000000e+02,7.380668945312500000e+02,5.263597369194030762e-01,6.098783569335937500e+02,7.516016845703125000e+02,5.075317025184631348e-01,5.847423706054687500e+02,7.525684204101562500e+02,4.781781435012817383e-01,6.127786865234375000e+02,7.651364135742187500e+02,5.083886384963989258e-01,5.886094970703125000e+02,7.593358154296875000e+02,5.219486355781555176e-01,6.031109619140625000e+02,7.709370117187500000e+02,6.020875573158264160e-01,5.924765625000000000e+02,7.699702148437500000e+02,5.642101764678955078e-01,6.031109619140625000e+02,7.893056030273437500e+02,6.721156835556030273e-01,5.915097656250000000e+02,7.902723388671875000e+02,7.794358134269714355e-01,6.031109619140625000e+02,8.067073974609375000e+02,5.612809658050537109e-01,5.953768310546875000e+02,8.067073974609375000e+02,6.742361783981323242e-01,6.002106933593750000e+02,7.177647705078125000e+02,7.722143530845642090e-01,5.992438964843750000e+02,7.322662963867187500e+02,7.186093330383300781e-01,5.982771606445312500e+02,7.661031494140625000e+02,6.796982884407043457e-01,5.934432983398437500e+02,8.096077270507812500e+02,3.407754898071289062e-01,5.905430297851562500e+02,8.076741943359375000e+02,4.991009235382080078e-01,5.934432983398437500e+02,8.096077270507812500e+02,2.813758552074432373e-01,5.895762329101562500e+02,8.067073974609375000e+02,5.339113473892211914e-01,6.031109619140625000e+02,8.144415283203125000e+02,1.916628926992416382e-01,5.963436279296875000e+02,8.076741943359375000e+02,2.519820034503936768e-01,5.822248518541510975e+02,7.122236166870219449e+02,3.268942910433736415e+01,9.721945937816576588e+01,1.000000000000000000e+00
7.118200000000000000e+04,2.570000000000000000e+02,1.088800000000000000e+04,1.100000000000000000e+01,5.991914062500000000e+02,7.216895751953125000e+02,7.055408358573913574e-01,6.011158447265625000e+02,7.188028564453125000e+02,7.589649558067321777e-01,5.972669677734375000e+02,7.178406372070312500e+02,7.050196528434753418e-01,6.040025634765625000e+02,7.197650756835937500e+02,7.244469523429870605e-01,5.924558105468750000e+02,7.188028564453125000e+02,7.565485239028930664e-01,6.049647827148437500e+02,7.322741088867187500e+02,8.442745208740234375e-01,5.895690917968750000e+02,7.313118286132812500e+02,8.184811472892761230e-01,6.078514404296875000e+02,7.438208618164062500e+02,7.283677458763122559e-01,5.857202148437500000e+02,7.457453002929687500e+02,8.399893045425415039e-01,6.107381591796875000e+02,7.572920532226562500e+02,7.181804180145263672e-01,5.876446533203125000e+02,7.572920532226562500e+02,8.031044602394104004e-01,6.011158447265625000e+02,7.621032104492187500e+02,8.511980175971984863e-01,5.924558105468750000e+02,7.621032104492187500e+02,8.036548495292663574e-01,6.011158447265625000e+02,7.832722167968750000e+02,7.977046370506286621e-01,5.905313110351562500e+02,7.832722167968750000e+02,8.373568058013916016e-01,6.011158447265625000e+02,8.015546264648437500e+02,6.939745545387268066e-01,5.924558105468750000e+02,8.005923461914062500e+02,6.749337911605834961e-01,5.982291870117187500e+02,7.120672607421875000e+02,8.437699079513549805e-01,5.972669677734375000e+02,7.265007324218750000e+02,8.499457240104675293e-01,5.972669677734375000e+02,7.601787109375000000e+02,8.481290340423583984e-01,6.049647827148437500e+02,8.034790649414062500e+02,2.893702089786529541e-01,5.886068725585937500e+02,8.025168457031250000e+02,5.817404985427856445e-01,6.059270019531250000e+02,8.025168457031250000e+02,3.592027425765991211e-01,5.876446533203125000e+02,8.015546264648437500e+02,5.903115868568420410e-01,6.001536254882812500e+02,7.996301269531250000e+02,3.666445910930633545e-01,5.934180297851562500e+02,8.005923461914062500e+02,3.757811486721038818e-01,5.799123882175201743e+02,7.078816935533375272e+02,3.348307580562448038e+01,9.880122713655168809e+01,1.000000000000000000e+00
7.118300000000000000e+04,2.570000000000000000e+02,1.088900000000000000e+04,1.200000000000000000e+01,5.957131347656250000e+02,7.121554565429687500e+02,4.816905856132507324e-01,5.957131347656250000e+02,7.092656860351562500e+02,5.107546448707580566e-01,5.947498779296875000e+02,7.092656860351562500e+02,5.603663921356201172e-01,5.880070190429687500e+02,7.111921997070312500e+02,6.457175612449645996e-01,5.976396484375000000e+02,7.102289428710937500e+02,6.699616312980651855e-01,5.831907348632812500e+02,7.227513427734375000e+02,8.265757560729980469e-01,6.014927368164062500e+02,7.227513427734375000e+02,7.877711653709411621e-01,5.822274780273437500e+02,7.381635742187500000e+02,7.611926198005676270e-01,6.043825073242187500e+02,7.372003173828125000e+02,7.820146083831787109e-01,5.841539916992187500e+02,7.506859741210937500e+02,6.843565106391906738e-01,6.063090209960937500e+02,7.506859741210937500e+02,7.106227874755859375e-01,5.899335937500000000e+02,7.545390625000000000e+02,6.508233547210693359e-01,5.976396484375000000e+02,7.545390625000000000e+02,7.196441292762756348e-01,5.918601074218750000e+02,7.728410644531250000e+02,5.902174115180969238e-01,5.966763916015625000e+02,7.728410644531250000e+02,6.841178536415100098e-01,5.899335937500000000e+02,7.940328369140625000e+02,5.785626173019409180e-01,5.976396484375000000e+02,7.930695800781250000e+02,6.485704779624938965e-01,5.937866210937500000e+02,7.054125976562500000e+02,8.153062462806701660e-01,5.918601074218750000e+02,7.169718017578125000e+02,8.136365413665771484e-01,5.937866210937500000e+02,7.526124877929687500e+02,7.473496198654174805e-01,5.822274780273437500e+02,7.959593505859375000e+02,6.537164449691772461e-01,6.034192504882812500e+02,7.949960937500000000e+02,3.085509240627288818e-01,5.822274780273437500e+02,7.978858642578125000e+02,7.047567963600158691e-01,6.034192504882812500e+02,7.969226074218750000e+02,4.521519839763641357e-01,5.899335937500000000e+02,7.969226074218750000e+02,5.156467556953430176e-01,5.986029052734375000e+02,7.959593505859375000e+02,4.609662294387817383e-01,5.777429344161369045e+02,7.018345329124302907e+02,3.322852052127791467e+01,9.939800388580431445e+01,1.000000000000000000e+00
7.118400000000000000e+04,2.570000000000000000e+02,1.089200000000000000e+04,1.300000000000000000e+01,5.929760131835937500e+02,7.097574462890625000e+02,5.891930460929870605e-01,5.940232543945312500e+02,7.076630249023437500e+02,6.364281773567199707e-01,5.908815917968750000e+02,7.066157836914062500e+02,6.171988844871520996e-01,5.940232543945312500e+02,7.076630249023437500e+02,5.478116869926452637e-01,5.877399291992187500e+02,7.066157836914062500e+02,6.171084642410278320e-01,5.982121582031250000e+02,7.181351928710937500e+02,7.637499570846557617e-01,5.835510864257812500e+02,7.181351928710937500e+02,6.758049130439758301e-01,6.013538208007812500e+02,7.317490234375000000e+02,7.792822122573852539e-01,5.814566040039062500e+02,7.307018432617187500e+02,7.195972204208374023e-01,6.034482421875000000e+02,7.443156738281250000e+02,6.215100288391113281e-01,5.814566040039062500e+02,7.443156738281250000e+02,5.807953476905822754e-01,5.950704956054687500e+02,7.474573364257812500e+02,6.594274044036865234e-01,5.887871704101562500e+02,7.474573364257812500e+02,6.451901793479919434e-01,5.950704956054687500e+02,7.652600708007812500e+02,8.073299527168273926e-01,5.877399291992187500e+02,7.652600708007812500e+02,7.456738352775573730e-01,5.929760131835937500e+02,7.862044677734375000e+02,8.302183151245117188e-01,5.898344116210937500e+02,7.851572265625000000e+02,6.449588537216186523e-01,5.919288330078125000e+02,6.992852172851562500e+02,8.002719283103942871e-01,5.908815917968750000e+02,7.118518676757812500e+02,7.778953313827514648e-01,5.919288330078125000e+02,7.453629150390625000e+02,7.424713373184204102e-01,5.825038452148437500e+02,7.924877929687500000e+02,5.368049144744873047e-01,6.024010009765625000e+02,7.893461303710937500e+02,6.388780474662780762e-01,5.814566040039062500e+02,7.914405517578125000e+02,5.565449595451354980e-01,6.013538208007812500e+02,7.903933715820312500e+02,6.258612275123596191e-01,5.908815917968750000e+02,7.903933715820312500e+02,4.343754947185516357e-01,5.929760131835937500e+02,7.893461303710937500e+02,5.400231480598449707e-01,5.743736172028321789e+02,6.944590663094974161e+02,3.461946647492504781e+01,1.051655149474739801e+02,1.000000000000000000e+00
7.118500000000000000e+04,2.570000000000000000e+02,1.088900000000000000e+04,1.400000000000000000e+01,5.905262451171875000e+02,7.066413574218750000e+02,5.882858037948608398e-01,5.915509643554687500e+02,7.035670776367187500e+02,6.610022187232971191e-01,5.864272460937500000e+02,7.045918579101562500e+02,5.669254064559936523e-01,5.925757446289062500e+02,7.045918579101562500e+02,5.234030485153198242e-01,5.843777465820312500e+02,7.025422973632812500e+02,5.737568736076354980e-01,5.966747436523437500e+02,7.158640747070312500e+02,7.520526647567749023e-01,5.802787475585937500e+02,7.148393554687500000e+02,6.726779341697692871e-01,5.997489624023437500e+02,7.271363525390625000e+02,7.281890511512756348e-01,5.782292480468750000e+02,7.271363525390625000e+02,7.214457392692565918e-01,6.007737426757812500e+02,7.404581298828125000e+02,5.246374011039733887e-01,5.792539672851562500e+02,7.404581298828125000e+02,5.352064371109008789e-01,5.925757446289062500e+02,7.435323486328125000e+02,6.336152553558349609e-01,5.854024658203125000e+02,7.425076293945312500e+02,6.182368993759155273e-01,5.915509643554687500e+02,7.619779052734375000e+02,8.072022795677185059e-01,5.823282470703125000e+02,7.619779052734375000e+02,7.326982021331787109e-01,5.895014648437500000e+02,7.824729003906250000e+02,8.197905421257019043e-01,5.823282470703125000e+02,7.824729003906250000e+02,6.636610031127929688e-01,5.884767456054687500e+02,6.963937988281250000e+02,8.290076851844787598e-01,5.884767456054687500e+02,7.097155761718750000e+02,7.225468754768371582e-01,5.884767456054687500e+02,7.404581298828125000e+02,6.526821851730346680e-01,5.956499633789062500e+02,7.865718994140625000e+02,4.953603744506835938e-01,5.802787475585937500e+02,7.886213989257812500e+02,4.648503959178924561e-01,5.966747436523437500e+02,7.855471801757812500e+02,5.435285568237304688e-01,5.772044677734375000e+02,7.886213989257812500e+02,4.993301033973693848e-01,5.874519653320312500e+02,7.845223999023437500e+02,6.728679537773132324e-01,5.823282470703125000e+02,7.845223999023437500e+02,5.951589941978454590e-01,5.712050136561068712e+02,6.892924747651474036e+02,3.460560621388003710e+01,1.058387068753096401e+02,1.000000000000000000e+00
7.118600000000000000e+04,2.570000000000000000e+02,1.089500000000000000e+04,1.500000000000000000e+01,5.884769287109375000e+02,7.020377807617187500e+02,6.711672544479370117e-01,5.894777832031250000e+02,6.980344848632812500e+02,7.309943437576293945e-01,5.864752807617187500e+02,6.980344848632812500e+02,6.913064122200012207e-01,5.914793701171875000e+02,6.990352783203125000e+02,6.134128570556640625e-01,5.814711914062500000e+02,6.980344848632812500e+02,6.970414519309997559e-01,5.924802246093750000e+02,7.100443115234375000e+02,8.214938044548034668e-01,5.784687500000000000e+02,7.100443115234375000e+02,7.900699377059936523e-01,5.964835205078125000e+02,7.230549926757812500e+02,7.487148642539978027e-01,5.754662475585937500e+02,7.230549926757812500e+02,7.831314802169799805e-01,5.994859619140625000e+02,7.380673217773437500e+02,7.394820451736450195e-01,5.764671020507812500e+02,7.370665283203125000e+02,7.020795941352844238e-01,5.904785766601562500e+02,7.390681762695312500e+02,6.729046702384948730e-01,5.824719848632812500e+02,7.380673217773437500e+02,6.499968171119689941e-01,5.904785766601562500e+02,7.580837402343750000e+02,7.842569351196289062e-01,5.794695434570312500e+02,7.580837402343750000e+02,7.356268167495727539e-01,5.884769287109375000e+02,7.781002197265625000e+02,8.424801230430603027e-01,5.774678955078125000e+02,7.791010131835937500e+02,6.435103416442871094e-01,5.854744873046875000e+02,6.910287475585937500e+02,7.953256368637084961e-01,5.854744873046875000e+02,7.040394287109375000e+02,8.411568403244018555e-01,5.864752807617187500e+02,7.360656738281250000e+02,6.848395466804504395e-01,5.924802246093750000e+02,7.841051025390625000e+02,4.511230587959289551e-01,5.954826660156250000e+02,7.831043090820312500e+02,4.307396113872528076e-01,5.934810180664062500e+02,7.831043090820312500e+02,4.734851419925689697e-01,5.934810180664062500e+02,7.841051025390625000e+02,3.822417855262756348e-01,5.854744873046875000e+02,7.821034545898437500e+02,6.408839225769042969e-01,5.794695434570312500e+02,7.821034545898437500e+02,5.183196663856506348e-01,5.684031674865703962e+02,6.872222662084858484e+02,3.400503236186079903e+01,1.044079082259266897e+02,1.000000000000000000e+00
7.118700000000000000e+04,2.570000000000000000e+02,1.088900000000000000e+04,1.600000000000000000e+01,5.875123901367187500e+02,6.983709106445312500e+02,6.456425189971923828e-01,5.864770507812500000e+02,6.973355102539062500e+02,6.970251798629760742e-01,5.844062500000000000e+02,6.963001098632812500e+02,6.320525407791137695e-01,5.875123901367187500e+02,6.973355102539062500e+02,6.415727734565734863e-01,5.792293090820312500e+02,6.973355102539062500e+02,6.744563579559326172e-01,5.885477905273437500e+02,7.076893920898437500e+02,7.760193943977355957e-01,5.761231079101562500e+02,7.076893920898437500e+02,7.448641061782836914e-01,5.947601318359375000e+02,7.159724731445312500e+02,5.211486816406250000e-01,5.730169677734375000e+02,7.232202148437500000e+02,7.344698905944824219e-01,5.947601318359375000e+02,7.014770507812500000e+02,4.561078846454620361e-01,5.730169677734375000e+02,7.387510375976562500e+02,5.866798758506774902e-01,5.864770507812500000e+02,7.387510375976562500e+02,5.925374031066894531e-01,5.792293090820312500e+02,7.387510375976562500e+02,6.114764809608459473e-01,5.864770507812500000e+02,7.584234619140625000e+02,7.292407751083374023e-01,5.761231079101562500e+02,7.594588623046875000e+02,6.761483550071716309e-01,5.854416503906250000e+02,7.780958251953125000e+02,6.317797899246215820e-01,5.833708496093750000e+02,7.780958251953125000e+02,4.781201183795928955e-01,5.823354492187500000e+02,6.900877685546875000e+02,8.671165704727172852e-01,5.823354492187500000e+02,7.014770507812500000e+02,8.310211896896362305e-01,5.833708496093750000e+02,7.356448974609375000e+02,6.190874576568603516e-01,5.926893310546875000e+02,7.812020263671875000e+02,6.036347746849060059e-01,5.926893310546875000e+02,7.801666259765625000e+02,6.439628005027770996e-01,5.926893310546875000e+02,7.801666259765625000e+02,6.529588699340820312e-01,5.906185913085937500e+02,7.812020263671875000e+02,6.061848998069763184e-01,5.833708496093750000e+02,7.812020263671875000e+02,3.999973535537719727e-01,5.823354492187500000e+02,7.801666259765625000e+02,4.533278644084930420e-01,5.665332868678216300e+02,6.831029676075706902e+02,3.411193943945193041e+01,1.060748984106759281e+02,1.000000000000000000e+00
7.118800000000000000e+04,2.570000000000000000e+02,1.089700000000000000e+04,1.700000000000000000e+01,5.821951904296875000e+02,7.004542846679687500e+02,6.436974406242370605e-01,5.832481689453125000e+02,6.983483886718750000e+02,6.715469360351562500e-01,5.790363159179687500e+02,6.972954101562500000e+02,6.327049732208251953e-01,5.853540649414062500e+02,6.983483886718750000e+02,5.590183734893798828e-01,5.748244018554687500e+02,6.962424316406250000e+02,6.347609162330627441e-01,5.885130004882812500e+02,7.067720947265625000e+02,7.008730769157409668e-01,5.706125488281250000e+02,7.057191772460937500e+02,6.894493699073791504e-01,5.916718750000000000e+02,7.194077148437500000e+02,6.648226976394653320e-01,5.685065917968750000e+02,7.215136718750000000e+02,7.069302797317504883e-01,5.937778320312500000e+02,7.352022094726562500e+02,1.727937906980514526e-01,5.685065917968750000e+02,7.362551879882812500e+02,4.206140339374542236e-01,5.853540649414062500e+02,7.383611450195312500e+02,6.172126531600952148e-01,5.737714233398437500e+02,7.373081665039062500e+02,6.191344857215881348e-01,5.832481689453125000e+02,7.573145141601562500e+02,7.330439090728759766e-01,5.706125488281250000e+02,7.583674926757812500e+02,7.446466088294982910e-01,5.843011474609375000e+02,7.783739013671875000e+02,6.880199909210205078e-01,5.695595703125000000e+02,7.773209228515625000e+02,6.099383831024169922e-01,5.790363159179687500e+02,6.920305786132812500e+02,7.261463999748229980e-01,5.779833374023437500e+02,6.994013671875000000e+02,6.834937334060668945e-01,5.800892333984375000e+02,7.330963134765625000e+02,6.765403151512145996e-01,5.906188964843750000e+02,7.815327758789062500e+02,7.494938373565673828e-01,5.737714233398437500e+02,7.836387329101562500e+02,3.866626620292663574e-01,5.906188964843750000e+02,7.815327758789062500e+02,7.480106353759765625e-01,5.695595703125000000e+02,7.836387329101562500e+02,3.469178378582000732e-01,5.821951904296875000e+02,7.825857543945312500e+02,5.163491368293762207e-01,5.706125488281250000e+02,7.815327758789062500e+02,4.769702255725860596e-01,5.607022196502455245e+02,6.820997920071848739e+02,3.480128947756929847e+01,1.078256590736924636e+02,1.000000000000000000e+00
7.118900000000000000e+04,2.570000000000000000e+02,1.088700000000000000e+04,1.800000000000000000e+01,5.806359252929687500e+02,6.988461303710937500e+02,6.015475392341613770e-01,5.816704101562500000e+02,6.957426757812500000e+02,6.609140038490295410e-01,5.785669555664062500e+02,6.957426757812500000e+02,6.338583827018737793e-01,5.806359252929687500e+02,6.957426757812500000e+02,5.086449384689331055e-01,5.723601074218750000e+02,6.957426757812500000e+02,6.912688016891479492e-01,5.816704101562500000e+02,7.071219482421875000e+02,7.707795500755310059e-01,5.682221679687500000e+02,7.060874633789062500e+02,7.561215758323669434e-01,5.847738647460937500e+02,7.216046752929687500e+02,8.320528268814086914e-01,5.661531982421875000e+02,7.226391601562500000e+02,8.739446401596069336e-01,5.868427734375000000e+02,7.371218261718750000e+02,7.056769132614135742e-01,5.661531982421875000e+02,7.371218261718750000e+02,7.474968433380126953e-01,5.785669555664062500e+02,7.381563110351562500e+02,7.021246552467346191e-01,5.713256225585937500e+02,7.381563110351562500e+02,7.191886901855468750e-01,5.816704101562500000e+02,7.598804321289062500e+02,8.149758577346801758e-01,5.692566528320312500e+02,7.609149169921875000e+02,7.667090892791748047e-01,5.837393798828125000e+02,7.785010375976562500e+02,7.085422873497009277e-01,5.702911376953125000e+02,7.805700073242187500e+02,5.865026116371154785e-01,5.775324707031250000e+02,6.874667968750000000e+02,8.341216444969177246e-01,5.744290161132812500e+02,7.019495239257812500e+02,8.499758243560791016e-01,5.744290161132812500e+02,7.360874023437500000e+02,7.257042527198791504e-01,5.909807128906250000e+02,7.816044921875000000e+02,7.083276510238647461e-01,5.754635009765625000e+02,7.847079467773437500e+02,5.370522737503051758e-01,5.909807128906250000e+02,7.805700073242187500e+02,7.569826841354370117e-01,5.713256225585937500e+02,7.857424316406250000e+02,5.462979674339294434e-01,5.816704101562500000e+02,7.826389770507812500e+02,6.901637315750122070e-01,5.713256225585937500e+02,7.836734619140625000e+02,5.039684772491455078e-01,5.561959920317899559e+02,6.822971842190222560e+02,3.516762712503305011e+01,1.072101835803440508e+02,1.000000000000000000e+00
7.119000000000000000e+04,2.570000000000000000e+02,1.090000000000000000e+04,1.900000000000000000e+01,5.744399414062500000e+02,6.981763305664062500e+02,5.486509203910827637e-01,5.754570312500000000e+02,6.951250000000000000e+02,6.027268171310424805e-01,5.713886108398437500e+02,6.961420898437500000e+02,5.693133473396301270e-01,5.774912109375000000e+02,6.951250000000000000e+02,5.098161697387695312e-01,5.663031005859375000e+02,6.951250000000000000e+02,5.614401698112487793e-01,5.805425415039062500e+02,7.052960205078125000e+02,6.898127794265747070e-01,5.632518310546875000e+02,7.063131103515625000e+02,6.749563217163085938e-01,5.835938110351562500e+02,7.225867309570312500e+02,7.687556147575378418e-01,5.622346801757812500e+02,7.225867309570312500e+02,5.640951395034790039e-01,5.866451416015625000e+02,7.378432617187500000e+02,4.435457289218902588e-01,5.622346801757812500e+02,7.347919311523437500e+02,2.675474286079406738e-01,5.754570312500000000e+02,7.378432617187500000e+02,4.675858914852142334e-01,5.683373413085937500e+02,7.368261718750000000e+02,4.933788478374481201e-01,5.774912109375000000e+02,7.581853027343750000e+02,5.303591489791870117e-01,5.683373413085937500e+02,7.592023925781250000e+02,4.294173717498779297e-01,5.754570312500000000e+02,7.795444335937500000e+02,2.458873689174652100e-01,5.815596313476562500e+02,7.815786132812500000e+02,3.389750719070434570e-01,5.713886108398437500e+02,6.880053100585937500e+02,7.397820949554443359e-01,5.713886108398437500e+02,7.002105102539062500e+02,6.970357894897460938e-01,5.713886108398437500e+02,7.327577514648437500e+02,6.722505688667297363e-01,5.602005004882812500e+02,7.836127929687500000e+02,3.039178848266601562e-01,5.805425415039062500e+02,7.856470336914062500e+02,4.010626375675201416e-01,5.602005004882812500e+02,7.815786132812500000e+02,3.436742126941680908e-01,5.876622314453125000e+02,7.836127929687500000e+02,3.124760389328002930e-01,5.571491699218750000e+02,7.815786132812500000e+02,3.099834620952606201e-01,5.815596313476562500e+02,7.846299438476562500e+02,4.187972247600555420e-01,5.534677322936696555e+02,6.841995060137467135e+02,3.487804277534792163e+01,1.057298043469345430e+02,1.000000000000000000e+00
7.119100000000000000e+04,2.570000000000000000e+02,1.088800000000000000e+04,2.000000000000000000e+01,5.737407226562500000e+02,7.018371582031250000e+02,6.102824211120605469e-01,5.748409423828125000e+02,6.996368408203125000e+02,6.179571747779846191e-01,5.726406250000000000e+02,6.996368408203125000e+02,5.871815681457519531e-01,5.759410400390625000e+02,6.985367431640625000e+02,5.537849068641662598e-01,5.649394531250000000e+02,6.974365234375000000e+02,4.728264510631561279e-01,5.759410400390625000e+02,7.084381103515625000e+02,6.560135483741760254e-01,5.605388183593750000e+02,7.073380126953125000e+02,6.980904340744018555e-01,5.781413574218750000e+02,7.249405517578125000e+02,7.571946382522583008e-01,5.583385009765625000e+02,7.249405517578125000e+02,5.801550149917602539e-01,5.803416748046875000e+02,7.381424560546875000e+02,6.581430435180664062e-01,5.572384033203125000e+02,7.381424560546875000e+02,2.752960622310638428e-01,5.704403076171875000e+02,7.403427734375000000e+02,6.011652946472167969e-01,5.638393554687500000e+02,7.414428710937500000e+02,6.836314201354980469e-01,5.715404052734375000e+02,7.612457275390625000e+02,5.582370162010192871e-01,5.649394531250000000e+02,7.623459472656250000e+02,4.168063700199127197e-01,5.781413574218750000e+02,7.821488037109375000e+02,5.409354567527770996e-01,5.649394531250000000e+02,7.854492187500000000e+02,4.930101633071899414e-01,5.693400878906250000e+02,6.908355712890625000e+02,6.527988314628601074e-01,5.682399902343750000e+02,7.029373779296875000e+02,6.942461729049682617e-01,5.671397705078125000e+02,7.381424560546875000e+02,6.996160149574279785e-01,5.759410400390625000e+02,7.887497558593750000e+02,5.853437185287475586e-01,5.726406250000000000e+02,7.887497558593750000e+02,6.486697793006896973e-01,5.792415771484375000e+02,7.865494384765625000e+02,4.531550705432891846e-01,5.726406250000000000e+02,7.898498535156250000e+02,5.565700531005859375e-01,5.770412597656250000e+02,7.854492187500000000e+02,4.441238939762115479e-01,5.649394531250000000e+02,7.887497558593750000e+02,3.781140744686126709e-01,5.486854553175023739e+02,6.867832817585142493e+02,3.682531088523808194e+01,1.107023827163575334e+02,1.000000000000000000e+00
7.119200000000000000e+04,2.570000000000000000e+02,1.088700000000000000e+04,2.100000000000000000e+01,5.658513793945312500e+02,7.018309326171875000e+02,7.076583504676818848e-01,5.669501953125000000e+02,6.996333007812500000e+02,7.687163949012756348e-01,5.636537475585937500e+02,6.996333007812500000e+02,6.831070780754089355e-01,5.669501953125000000e+02,6.996333007812500000e+02,7.429588437080383301e-01,5.592585449218750000e+02,6.996333007812500000e+02,7.107906937599182129e-01,5.680490112304687500e+02,7.117202148437500000e+02,8.280679583549499512e-01,5.548632812500000000e+02,7.117202148437500000e+02,8.090926408767700195e-01,5.724442138671875000e+02,7.271035156250000000e+02,7.956914901733398438e-01,5.515668945312500000e+02,7.282023315429687500e+02,8.035123944282531738e-01,5.735430297851562500e+02,7.413880004882812500e+02,8.039126396179199219e-01,5.526657104492187500e+02,7.424868164062500000e+02,8.565024137496948242e-01,5.647525634765625000e+02,7.435856323242187500e+02,7.596178054809570312e-01,5.581597290039062500e+02,7.435856323242187500e+02,7.572337388992309570e-01,5.680490112304687500e+02,7.655617675781250000e+02,7.858929038047790527e-01,5.559620971679687500e+02,7.688582153320312500e+02,7.073175311088562012e-01,5.757406616210937500e+02,7.842415161132812500e+02,6.788167953491210938e-01,5.581597290039062500e+02,7.875379638671875000e+02,6.398048400878906250e-01,5.636537475585937500e+02,6.919416503906250000e+02,8.712739944458007812e-01,5.625549926757812500e+02,7.062261352539062500e+02,8.516240119934082031e-01,5.614561767578125000e+02,7.435856323242187500e+02,8.034008145332336426e-01,5.812346801757812500e+02,7.875379638671875000e+02,6.725291609764099121e-01,5.636537475585937500e+02,7.908344116210937500e+02,5.562754273414611816e-01,5.812346801757812500e+02,7.864391479492187500e+02,7.260724902153015137e-01,5.570609130859375000e+02,7.908344116210937500e+02,5.288125276565551758e-01,5.757406616210937500e+02,7.864391479492187500e+02,6.400616168975830078e-01,5.581597290039062500e+02,7.886367797851562500e+02,5.388649702072143555e-01,5.445717042410053637e+02,6.835250467477590064e+02,3.781859206472358892e+01,1.124426098175083553e+02,1.000000000000000000e+00
7.119300000000000000e+04,2.570000000000000000e+02,1.090300000000000000e+04,2.200000000000000000e+01,5.628950805664062500e+02,7.036533203125000000e+02,7.741605043411254883e-01,5.628950805664062500e+02,7.002376708984375000e+02,8.342300057411193848e-01,5.606179809570312500e+02,7.013762207031250000e+02,7.759141325950622559e-01,5.617565307617187500e+02,7.002376708984375000e+02,6.895058155059814453e-01,5.560637817382812500e+02,7.002376708984375000e+02,7.806510329246520996e-01,5.640336303710937500e+02,7.116232299804687500e+02,8.047890663146972656e-01,5.515095214843750000e+02,7.116232299804687500e+02,8.310528397560119629e-01,5.663107910156250000e+02,7.275630493164062500e+02,7.676826119422912598e-01,5.480938720703125000e+02,7.287015991210937500e+02,9.209631681442260742e-01,5.685878906250000000e+02,7.435028686523437500e+02,6.724885106086730957e-01,5.480938720703125000e+02,7.435028686523437500e+02,8.929733037948608398e-01,5.606179809570312500e+02,7.446414184570312500e+02,8.187409043312072754e-01,5.549251708984375000e+02,7.446414184570312500e+02,8.171807527542114258e-01,5.651722412109375000e+02,7.674125366210937500e+02,8.267948031425476074e-01,5.526480712890625000e+02,7.708282470703125000e+02,7.170504331588745117e-01,5.731420898437500000e+02,7.856294555664062500e+02,6.670343875885009766e-01,5.526480712890625000e+02,7.901837158203125000e+02,7.214480042457580566e-01,5.594794311523437500e+02,6.934063110351562500e+02,8.558747768402099609e-01,5.583408813476562500e+02,7.059304809570312500e+02,8.473480939865112305e-01,5.572023315429687500e+02,7.446414184570312500e+02,8.572953343391418457e-01,5.606179809570312500e+02,7.935993652343750000e+02,5.497931241989135742e-01,5.617565307617187500e+02,7.935993652343750000e+02,4.991109967231750488e-01,5.617565307617187500e+02,7.935993652343750000e+02,4.552618563175201416e-01,5.606179809570312500e+02,7.935993652343750000e+02,3.776682019233703613e-01,5.503709716796875000e+02,7.935993652343750000e+02,3.873603641986846924e-01,5.515095214843750000e+02,7.924608154296875000e+02,4.119758903980255127e-01,5.405982135105434736e+02,6.852369380468635427e+02,3.920285793925506823e+01,1.157005580751457501e+02,1.000000000000000000e+00
7.119400000000000000e+04,2.570000000000000000e+02,1.090400000000000000e+04,2.300000000000000000e+01,5.538211669921875000e+02,7.021780395507812500e+02,7.046894431114196777e-01,5.561661376953125000e+02,6.998330688476562500e+02,7.422152161598205566e-01,5.526486206054687500e+02,6.986605224609375000e+02,7.307953834533691406e-01,5.561661376953125000e+02,6.986605224609375000e+02,6.986255645751953125e-01,5.491311645507812500e+02,6.986605224609375000e+02,7.673047184944152832e-01,5.608561401367187500e+02,7.115581054687500000e+02,7.504849433898925781e-01,5.456136474609375000e+02,7.103855590820312500e+02,8.112439513206481934e-01,5.632011718750000000e+02,7.279731445312500000e+02,7.242478132247924805e-01,5.420961303710937500e+02,7.291456298828125000e+02,8.815975189208984375e-01,5.655462036132812500e+02,7.443881835937500000e+02,5.649705529212951660e-01,5.432686157226562500e+02,7.443881835937500000e+02,8.460845351219177246e-01,5.561661376953125000e+02,7.443881835937500000e+02,7.875517606735229492e-01,5.514761352539062500e+02,7.455606689453125000e+02,7.649605870246887207e-01,5.596836547851562500e+02,7.690107421875000000e+02,7.681123018264770508e-01,5.538211669921875000e+02,7.690107421875000000e+02,7.296899557113647461e-01,5.690637207031250000e+02,7.901157836914062500e+02,6.996334791183471680e-01,5.702362060546875000e+02,7.889432983398437500e+02,4.312407374382019043e-01,5.538211669921875000e+02,6.927980346679687500e+02,8.330945372581481934e-01,5.526486206054687500e+02,7.045230712890625000e+02,8.893979787826538086e-01,5.538211669921875000e+02,7.443881835937500000e+02,7.992767095565795898e-01,5.596836547851562500e+02,7.983233032226562500e+02,4.105675518512725830e-01,5.549936523437500000e+02,7.959783325195312500e+02,4.756009876728057861e-01,5.737537231445312500e+02,7.912883300781250000e+02,3.818847239017486572e-01,5.526486206054687500e+02,7.948057861328125000e+02,4.112665355205535889e-01,5.702362060546875000e+02,7.948057861328125000e+02,6.245703697204589844e-01,5.526486206054687500e+02,7.948057861328125000e+02,5.140694975852966309e-01,5.326995783319051725e+02,6.846643902072823948e+02,4.082912155837402679e+01,1.191501120441834018e+02,1.000000000000000000e+00
7.119500000000000000e+04,2.570000000000000000e+02,1.088700000000000000e+04,2.400000000000000000e+01,5.543960571289062500e+02,7.029544067382812500e+02,7.481772899627685547e-01,5.555494384765625000e+02,7.006477050781250000e+02,7.952731847763061523e-01,5.532427368164062500e+02,7.006477050781250000e+02,7.790020108222961426e-01,5.543960571289062500e+02,7.018010253906250000e+02,6.656869053840637207e-01,5.474760742187500000e+02,6.994943847656250000e+02,8.022156357765197754e-01,5.567027587890625000e+02,7.133344116210937500e+02,8.035491108894348145e-01,5.428627319335937500e+02,7.121810913085937500e+02,8.152800798416137695e-01,5.601627807617187500e+02,7.294810791015625000e+02,8.694020509719848633e-01,5.382493896484375000e+02,7.294810791015625000e+02,9.038548469543457031e-01,5.624694213867187500e+02,7.467811279296875000e+02,6.260817050933837891e-01,5.382493896484375000e+02,7.456278076171875000e+02,8.633792996406555176e-01,5.543960571289062500e+02,7.479344482421875000e+02,8.195204138755798340e-01,5.463227539062500000e+02,7.479344482421875000e+02,8.110247850418090820e-01,5.578560791015625000e+02,7.710011596679687500e+02,8.443871140480041504e-01,5.451693725585937500e+02,7.733078613281250000e+02,7.462495565414428711e-01,5.647761230468750000e+02,7.906079101562500000e+02,8.894205093383789062e-01,5.428627319335937500e+02,7.929145507812500000e+02,7.108584046363830566e-01,5.520894165039062500e+02,6.937277221679687500e+02,7.865492701530456543e-01,5.497827148437500000e+02,7.064143676757812500e+02,8.789517879486083984e-01,5.497827148437500000e+02,7.467811279296875000e+02,8.614652156829833984e-01,5.682360839843750000e+02,7.952212524414062500e+02,7.352526783943176270e-01,5.509360961914062500e+02,7.963745727539062500e+02,5.799177885055541992e-01,5.693894653320312500e+02,7.929145507812500000e+02,7.368972897529602051e-01,5.486293945312500000e+02,7.963745727539062500e+02,5.560641884803771973e-01,5.659294433593750000e+02,7.940678710937500000e+02,6.596312522888183594e-01,5.428627319335937500e+02,7.952212524414062500e+02,4.941710233688354492e-01,5.279647414095635440e+02,6.859017921746539059e+02,4.133660312384142799e+01,1.191674880899043956e+02,1.000000000000000000e+00
7.119600000000000000e+04,2.570000000000000000e+02,1.088700000000000000e+04,2.500000000000000000e+01,5.511541748046875000e+02,7.022465209960937500e+02,7.697740197181701660e-01,5.511541748046875000e+02,6.999168090820312500e+02,7.917553782463073730e-01,5.488245239257812500e+02,6.999168090820312500e+02,7.421984672546386719e-01,5.511541748046875000e+02,6.999168090820312500e+02,5.935550332069396973e-01,5.430003051757812500e+02,6.987519531250000000e+02,8.264486789703369141e-01,5.523190307617187500e+02,7.115652465820312500e+02,7.784729003906250000e-01,5.371760864257812500e+02,7.104003906250000000e+02,8.736606836318969727e-01,5.558135375976562500e+02,7.278730468750000000e+02,8.038496971130371094e-01,5.325166625976562500e+02,7.290379028320312500e+02,8.910906910896301270e-01,5.546487426757812500e+02,7.360269165039062500e+02,3.012323081493377686e-01,5.336815185546875000e+02,7.453457031250000000e+02,9.154471755027770996e-01,5.488245239257812500e+02,7.476753540039062500e+02,7.848044037818908691e-01,5.406705932617187500e+02,7.488402099609375000e+02,8.168313503265380859e-01,5.534838867187500000e+02,7.721370849609375000e+02,8.017001152038574219e-01,5.383408813476562500e+02,7.756315917968750000e+02,6.996611952781677246e-01,5.593081054687500000e+02,7.931042480468750000e+02,8.880886435508728027e-01,5.371760864257812500e+02,7.965988159179687500e+02,7.976446747779846191e-01,5.476596679687500000e+02,6.917628784179687500e+02,8.556346893310546875e-01,5.453299560546875000e+02,7.057410278320312500e+02,8.394417166709899902e-01,5.453299560546875000e+02,7.476753540039062500e+02,8.239550590515136719e-01,5.662971191406250000e+02,7.965988159179687500e+02,8.093833923339843750e-01,5.441651000976562500e+02,7.989284667968750000e+02,6.191624999046325684e-01,5.651323242187500000e+02,7.942691040039062500e+02,8.100264072418212891e-01,5.406705932617187500e+02,7.989284667968750000e+02,6.170102953910827637e-01,5.581432495117187500e+02,7.965988159179687500e+02,7.038596272468566895e-01,5.360112304687500000e+02,7.977636108398437500e+02,6.022179126739501953e-01,5.232114033165778437e+02,6.866274407113601228e+02,4.180419536568888361e+01,1.198562200937864191e+02,1.000000000000000000e+00
7.119700000000000000e+04,2.570000000000000000e+02,1.088800000000000000e+04,2.800000000000000000e+01,5.331660156250000000e+02,6.930457153320312500e+02,6.329457759857177734e-01,5.354683837890625000e+02,6.895921630859375000e+02,6.918326616287231445e-01,5.320148315429687500e+02,6.895921630859375000e+02,6.607761383056640625e-01,5.354683837890625000e+02,6.907433471679687500e+02,5.196134448051452637e-01,5.262589111328125000e+02,6.884409790039062500e+02,7.542382478713989258e-01,5.389219360351562500e+02,7.034063110351562500e+02,6.329512596130371094e-01,5.193518676757812500e+02,7.022551269531250000e+02,7.803801298141479492e-01,5.435266113281250000e+02,7.195228271484375000e+02,6.514073610305786133e-01,5.182006835937500000e+02,7.218251953125000000e+02,7.097518444061279297e-01,5.412242431640625000e+02,7.264298706054687500e+02,2.078721225261688232e-01,5.193518676757812500e+02,7.379416503906250000e+02,7.419641613960266113e-01,5.366195678710937500e+02,7.425463867187500000e+02,6.099333167076110840e-01,5.262589111328125000e+02,7.425463867187500000e+02,6.374323964118957520e-01,5.400730590820312500e+02,7.655699462890625000e+02,7.093291878700256348e-01,5.251077880859375000e+02,7.678723144531250000e+02,6.042223572731018066e-01,5.435266113281250000e+02,7.885935668945312500e+02,7.723553180694580078e-01,5.239566040039062500e+02,7.897447509765625000e+02,6.330404877662658691e-01,5.320148315429687500e+02,6.815339355468750000e+02,8.111227750778198242e-01,5.297124633789062500e+02,6.964992065429687500e+02,7.943903207778930664e-01,5.308636474609375000e+02,7.402440185546875000e+02,6.675960421562194824e-01,5.481313476562500000e+02,7.931982421875000000e+02,6.979497671127319336e-01,5.297124633789062500e+02,7.920471191406250000e+02,4.196054339408874512e-01,5.504337158203125000e+02,7.908959350585937500e+02,7.686774134635925293e-01,5.239566040039062500e+02,7.920471191406250000e+02,3.955697119235992432e-01,5.435266113281250000e+02,7.920471191406250000e+02,6.543105244636535645e-01,5.262589111328125000e+02,7.897447509765625000e+02,4.527813196182250977e-01,5.076987660598346110e+02,6.802192553932006831e+02,4.005152172446173608e+01,1.118948591643794543e+02,1.000000000000000000e+00
7.119800000000000000e+04,2.570000000000000000e+02,1.088900000000000000e+04,2.900000000000000000e+01,5.308890380859375000e+02,6.869871215820312500e+02,6.632777452468872070e-01,5.333170166015625000e+02,6.833451538085937500e+02,7.210897207260131836e-01,5.296751098632812500e+02,6.833451538085937500e+02,6.643036603927612305e-01,5.333170166015625000e+02,6.845591430664062500e+02,6.063211560249328613e-01,5.223912353515625000e+02,6.833451538085937500e+02,7.785504460334777832e-01,5.357449340820312500e+02,6.979128417968750000e+02,5.570753812789916992e-01,5.163213500976562500e+02,6.966989135742187500e+02,7.350255846977233887e-01,5.406008300781250000e+02,7.136945190429687500e+02,6.407480835914611816e-01,5.151074218750000000e+02,7.173364257812500000e+02,5.957841277122497559e-01,5.406008300781250000e+02,7.258342895507812500e+02,2.965852618217468262e-01,5.151074218750000000e+02,7.331181030273437500e+02,5.047761797904968262e-01,5.321030273437500000e+02,7.367600097656250000e+02,4.996514320373535156e-01,5.199633178710937500e+02,7.379739990234375000e+02,5.798190236091613770e-01,5.345310058593750000e+02,7.586115722656250000e+02,6.587500572204589844e-01,5.187493286132812500e+02,7.598255615234375000e+02,5.901275873184204102e-01,5.393869018554687500e+02,7.828910522460937500e+02,6.909633278846740723e-01,5.199633178710937500e+02,7.816770629882812500e+02,5.801889896392822266e-01,5.296751098632812500e+02,6.748473510742187500e+02,7.815675139427185059e-01,5.272471313476562500e+02,6.882010498046875000e+02,7.354342341423034668e-01,5.260331420898437500e+02,7.331181030273437500e+02,5.253837704658508301e-01,5.430288085937500000e+02,7.889609375000000000e+02,7.758003473281860352e-01,5.223912353515625000e+02,7.889609375000000000e+02,5.119141936302185059e-01,5.454567260742187500e+02,7.853189697265625000e+02,8.146086335182189941e-01,5.211772460937500000e+02,7.877469482421875000e+02,5.271893143653869629e-01,5.381729125976562500e+02,7.841050415039062500e+02,6.805089712142944336e-01,5.236052246093750000e+02,7.841050415039062500e+02,5.744411349296569824e-01,5.017537138178185501e+02,6.744581215918494763e+02,4.279977164831512937e+01,1.197902589765353696e+02,1.000000000000000000e+00
7.119900000000000000e+04,2.570000000000000000e+02,1.090700000000000000e+04,3.000000000000000000e+01,5.244832763671875000e+02,6.812356567382812500e+02,7.237156033515930176e-01,5.257085571289062500e+02,6.787851562500000000e+02,7.218626141548156738e-01,5.244832763671875000e+02,6.787851562500000000e+02,7.234143614768981934e-01,5.232579956054687500e+02,6.787851562500000000e+02,5.016909241676330566e-01,5.171317138671875000e+02,6.787851562500000000e+02,7.881075143814086914e-01,5.257085571289062500e+02,6.910377807617187500e+02,6.568399071693420410e-01,5.110053710937500000e+02,6.922630004882812500e+02,7.577087879180908203e-01,5.318348388671875000e+02,7.081914672851562500e+02,6.413283944129943848e-01,5.073295898437500000e+02,7.130924682617187500e+02,6.944558620452880859e-01,5.355106201171875000e+02,7.241198730468750000e+02,4.804299771785736084e-01,5.073295898437500000e+02,7.302461547851562500e+02,6.734457015991210938e-01,5.244832763671875000e+02,7.277956542968750000e+02,6.651111245155334473e-01,5.171317138671875000e+02,7.302461547851562500e+02,6.243211627006530762e-01,5.306095581054687500e+02,7.547514648437500000e+02,8.230940103530883789e-01,5.183569335937500000e+02,7.559766845703125000e+02,7.397810220718383789e-01,5.318348388671875000e+02,7.792567138671875000e+02,8.731192946434020996e-01,5.183569335937500000e+02,7.804819335937500000e+02,7.645946145057678223e-01,5.208074951171875000e+02,6.714335327148437500e+02,8.315111398696899414e-01,5.195822143554687500e+02,6.849114379882812500e+02,7.326077222824096680e-01,5.208074951171875000e+02,7.265703735351562500e+02,6.786917448043823242e-01,5.379611816406250000e+02,7.853829956054687500e+02,8.519926071166992188e-01,5.220327148437500000e+02,7.866082763671875000e+02,8.164277672767639160e-01,5.391864013671875000e+02,7.841577758789062500e+02,8.605448603630065918e-01,5.183569335937500000e+02,7.866082763671875000e+02,8.477650284767150879e-01,5.293843383789062500e+02,7.817072143554687500e+02,8.720412254333496094e-01,5.183569335937500000e+02,7.829324951171875000e+02,6.614524722099304199e-01,4.959986002162614795e+02,6.692038333916717647e+02,4.427029106606482856e+01,1.236622937887053695e+02,1.000000000000000000e+00
7.120000000000000000e+04,2.570000000000000000e+02,1.090600000000000000e+04,3.100000000000000000e+01,5.229977416992187500e+02,6.811046142578125000e+02,7.411256432533264160e-01,5.242574462890625000e+02,6.760657348632812500e+02,7.139923572540283203e-01,5.217380371093750000e+02,6.760657348632812500e+02,6.993610262870788574e-01,5.192185668945312500e+02,6.748060302734375000e+02,4.033074975013732910e-01,5.141796875000000000e+02,6.748060302734375000e+02,7.897859811782836914e-01,5.204782714843750000e+02,6.899226074218750000e+02,7.571509480476379395e-01,5.066214294433593750e+02,6.899226074218750000e+02,8.062192797660827637e-01,5.229977416992187500e+02,7.050391845703125000e+02,7.278752326965332031e-01,5.041019897460937500e+02,7.100780639648437500e+02,6.393195390701293945e-01,5.267768554687500000e+02,7.151169433593750000e+02,6.258746981620788574e-01,5.217380371093750000e+02,7.163766479492187500e+02,3.048373460769653320e-01,5.204782714843750000e+02,7.264543457031250000e+02,7.223687767982482910e-01,5.091408386230468750e+02,7.277141113281250000e+02,7.682487964630126953e-01,5.242574462890625000e+02,7.516486816406250000e+02,7.878502011299133301e-01,5.091408386230468750e+02,7.554278564453125000e+02,7.592436075210571289e-01,5.242574462890625000e+02,7.781027221679687500e+02,9.315065741539001465e-01,5.053616943359375000e+02,7.806221313476562500e+02,7.476648092269897461e-01,5.192185668945312500e+02,6.672477416992187500e+02,9.114238023757934570e-01,5.141796875000000000e+02,6.823643188476562500e+02,7.914431691169738770e-01,5.141796875000000000e+02,7.264543457031250000e+02,8.004744052886962891e-01,5.318157348632812500e+02,7.844013061523437500e+02,7.720996737480163574e-01,5.116602783203125000e+02,7.869207153320312500e+02,6.952601075172424316e-01,5.318157348632812500e+02,7.818818969726562500e+02,8.462312221527099609e-01,5.078811340332031250e+02,7.869207153320312500e+02,7.489858865737915039e-01,5.204782714843750000e+02,7.818818969726562500e+02,8.458402752876281738e-01,4.990631103515625000e+02,7.856610107421875000e+02,6.916454434394836426e-01,4.914530394521034964e+02,6.643777743403900331e+02,4.595608988005511719e+01,1.274529000866244814e+02,1.000000000000000000e+00
7.120100000000000000e+04,2.570000000000000000e+02,1.090600000000000000e+04,3.200000000000000000e+01,5.163629150390625000e+02,6.789704589843750000e+02,7.663857936859130859e-01,5.176015014648437500e+02,6.752547607421875000e+02,8.043038249015808105e-01,5.138858032226562500e+02,6.752547607421875000e+02,7.485257387161254883e-01,5.176015014648437500e+02,6.752547607421875000e+02,5.620877146720886230e-01,5.064543151855468750e+02,6.752547607421875000e+02,8.046205639839172363e-01,5.176015014648437500e+02,6.888790893554687500e+02,8.714976906776428223e-01,5.002614135742187500e+02,6.901176757812500000e+02,8.379679918289184570e-01,5.225558471679687500e+02,7.049806518554687500e+02,8.280810117721557617e-01,4.965456848144531250e+02,7.099349365234375000e+02,8.495301604270935059e-01,5.262715454101562500e+02,7.186049804687500000e+02,7.052896618843078613e-01,4.977842712402343750e+02,7.260364990234375000e+02,7.852559089660644531e-01,5.163629150390625000e+02,7.260364990234375000e+02,8.110586404800415039e-01,5.052157287597656250e+02,7.285136108398437500e+02,8.330864906311035156e-01,5.188400878906250000e+02,7.545238037109375000e+02,8.640454411506652832e-01,5.027385864257812500e+02,7.557623901367187500e+02,7.655719518661499023e-01,5.188400878906250000e+02,7.768181762695312500e+02,9.193447232246398926e-01,4.990228271484375000e+02,7.817725219726562500e+02,6.145392656326293945e-01,5.138858032226562500e+02,6.653461303710937500e+02,8.859263658523559570e-01,5.089314575195312500e+02,6.826862182617187500e+02,8.343564271926879883e-01,5.101700439453125000e+02,7.260364990234375000e+02,8.547642827033996582e-01,5.275101318359375000e+02,7.830111083984375000e+02,7.918024063110351562e-01,5.039771423339843750e+02,7.879653930664062500e+02,7.001851797103881836e-01,5.275101318359375000e+02,7.817725219726562500e+02,8.566277623176574707e-01,5.027385864257812500e+02,7.879653930664062500e+02,7.287927269935607910e-01,5.163629150390625000e+02,7.817725219726562500e+02,8.804673552513122559e-01,4.928299560546875000e+02,7.867268066406250000e+02,6.528560519218444824e-01,4.872998057759964468e+02,6.629782288970304762e+02,4.649408030439826689e+01,1.274947909862750066e+02,1.000000000000000000e+00
7.120200000000000000e+04,2.570000000000000000e+02,1.088800000000000000e+04,3.300000000000000000e+01,5.123775634765625000e+02,6.810142211914062500e+02,6.877067089080810547e-01,5.123775634765625000e+02,6.769948730468750000e+02,6.483934521675109863e-01,5.096979675292968750e+02,6.769948730468750000e+02,6.275296211242675781e-01,5.029990539550781250e+02,6.729755249023437500e+02,4.072338044643402100e-01,5.029990539550781250e+02,6.743153076171875000e+02,6.652227044105529785e-01,4.976399230957031250e+02,6.890529174804687500e+02,5.581049323081970215e-01,4.976399230957031250e+02,6.890529174804687500e+02,6.661635041236877441e-01,5.003194885253906250e+02,7.051303710937500000e+02,3.162092268466949463e-01,5.123775634765625000e+02,7.051303710937500000e+02,3.957696855068206787e-01,5.150571289062500000e+02,7.131690673828125000e+02,5.238287448883056641e-01,5.163969116210937500e+02,7.145088500976562500e+02,4.523267149925231934e-01,5.096979675292968750e+02,7.265669555664062500e+02,4.959099590778350830e-01,5.029990539550781250e+02,7.279067382812500000e+02,6.006073355674743652e-01,5.150571289062500000e+02,7.533626098632812500e+02,6.391870379447937012e-01,5.096979675292968750e+02,7.560421752929687500e+02,4.163846969604492188e-01,5.150571289062500000e+02,7.788185424804687500e+02,6.435157656669616699e-01,4.936205444335937500e+02,7.801583251953125000e+02,6.483537554740905762e-01,5.096979675292968750e+02,6.662766113281250000e+02,8.042544722557067871e-01,5.043388366699218750e+02,6.810142211914062500e+02,7.266012430191040039e-01,5.043388366699218750e+02,7.252271118164062500e+02,7.028281688690185547e-01,5.230958251953125000e+02,7.828378906250000000e+02,8.036700487136840820e-01,5.016592712402343750e+02,7.868572387695312500e+02,5.652050971984863281e-01,5.244356079101562500e+02,7.801583251953125000e+02,7.919521927833557129e-01,4.949603576660156250e+02,7.855174560546875000e+02,5.543792247772216797e-01,5.123775634765625000e+02,7.814981079101562500e+02,6.811277866363525391e-01,4.882614135742187500e+02,7.841776733398437500e+02,6.573475003242492676e-01,4.791368772562602771e+02,6.586395389989309024e+02,4.912452389090140059e+01,1.342120190982395798e+02,1.000000000000000000e+00
7.120300000000000000e+04,2.570000000000000000e+02,1.088800000000000000e+04,3.600000000000000000e+01,5.060261840820312500e+02,6.782987670898437500e+02,6.667452454566955566e-01,5.046753540039062500e+02,6.715446166992187500e+02,5.351853370666503906e-01,5.033245239257812500e+02,6.728954467773437500e+02,6.287243962287902832e-01,4.884653930664062500e+02,6.715446166992187500e+02,6.449931263923645020e-01,4.979212036132812500e+02,6.728954467773437500e+02,6.602678298950195312e-01,4.830620727539062500e+02,6.877545776367187500e+02,7.618250250816345215e-01,4.911670532226562500e+02,6.891054077148437500e+02,7.241917848587036133e-01,4.925178833007812500e+02,7.053153686523437500e+02,5.721937417984008789e-01,5.060261840820312500e+02,7.093678588867187500e+02,7.503916025161743164e-01,5.073770141601562500e+02,7.120695190429687500e+02,5.132051110267639160e-01,5.100786743164062500e+02,6.904562377929687500e+02,4.541622698307037354e-01,4.884653930664062500e+02,7.296303100585937500e+02,7.116301655769348145e-01,4.965703735351562500e+02,7.296303100585937500e+02,7.910943031311035156e-01,4.925178833007812500e+02,7.566469116210937500e+02,4.933000504970550537e-01,5.060261840820312500e+02,7.566469116210937500e+02,7.860531806945800781e-01,4.749570922851562500e+02,7.823126831054687500e+02,3.446637392044067383e-01,4.952195434570312500e+02,7.796110229492187500e+02,6.107421517372131348e-01,4.979212036132812500e+02,6.620888061523437500e+02,8.668150901794433594e-01,4.925178833007812500e+02,6.796495971679687500e+02,7.766838073730468750e-01,4.911670532226562500e+02,7.282794799804687500e+02,8.181979656219482422e-01,5.114295043945312500e+02,7.917684936523437500e+02,6.052505373954772949e-01,4.965703735351562500e+02,7.836635131835937500e+02,4.759640693664550781e-01,5.100786743164062500e+02,7.904176635742187500e+02,5.474031567573547363e-01,4.965703735351562500e+02,7.836635131835937500e+02,4.498358666896820068e-01,4.992720336914062500e+02,7.890668334960937500e+02,5.156829357147216797e-01,4.884653930664062500e+02,7.782601928710937500e+02,4.941118359565734863e-01,4.665906496022186047e+02,6.563430030162789990e+02,4.993204460059018857e+01,1.334005392891167503e+02,1.000000000000000000e+00
7.120400000000000000e+04,2.570000000000000000e+02,1.088800000000000000e+04,3.700000000000000000e+01,5.004352111816406250e+02,6.771548461914062500e+02,6.871380805969238281e-01,5.004352111816406250e+02,6.730488891601562500e+02,6.344806551933288574e-01,4.990665588378906250e+02,6.730488891601562500e+02,6.963093876838684082e-01,4.840112915039062500e+02,6.716802368164062500e+02,6.226652860641479492e-01,4.935919189453125000e+02,6.730488891601562500e+02,7.418065667152404785e-01,4.799053039550781250e+02,6.881041259765625000e+02,7.247555255889892578e-01,4.853799438476562500e+02,6.894727783203125000e+02,7.776041626930236816e-01,4.812739868164062500e+02,7.100026855468750000e+02,4.004573225975036621e-01,4.976979064941406250e+02,7.100026855468750000e+02,6.593599319458007812e-01,5.045411987304687500e+02,7.209519653320312500e+02,6.608005762100219727e-01,5.045411987304687500e+02,7.195833129882812500e+02,5.515395402908325195e-01,4.853799438476562500e+02,7.319012451171875000e+02,5.963737964630126953e-01,4.908545837402343750e+02,7.319012451171875000e+02,7.298533916473388672e-01,5.031725463867187500e+02,7.606431274414062500e+02,5.301554799079895020e-01,5.018038635253906250e+02,7.606431274414062500e+02,8.331260085105895996e-01,4.675873718261718750e+02,7.866476440429687500e+02,5.193414092063903809e-01,4.922232666015625000e+02,7.839103393554687500e+02,6.237922310829162598e-01,4.935919189453125000e+02,6.634682617187500000e+02,8.945149183273315430e-01,4.881172790527343750e+02,6.812608642578125000e+02,8.811956644058227539e-01,4.881172790527343750e+02,7.319012451171875000e+02,7.599119544029235840e-01,5.045411987304687500e+02,7.948596191406250000e+02,6.735263466835021973e-01,4.757993469238281250e+02,7.962282714843750000e+02,5.855636596679687500e-01,5.018038635253906250e+02,7.921223144531250000e+02,7.157159447669982910e-01,4.730620117187500000e+02,7.975969238281250000e+02,5.241742134094238281e-01,4.908545837402343750e+02,7.907536621093750000e+02,4.782403409481048584e-01,4.634813842773437500e+02,7.907536621093750000e+02,4.679997265338897705e-01,4.625198300480384432e+02,6.578733953142661903e+02,5.138768574348603124e+01,1.384755824201947689e+02,1.000000000000000000e+00
7.120500000000000000e+04,2.570000000000000000e+02,1.088800000000000000e+04,3.800000000000000000e+01,4.975728759765625000e+02,6.785841674804687500e+02,6.148229241371154785e-01,4.963108825683593750e+02,6.747982177734375000e+02,5.818207859992980957e-01,4.950488891601562500e+02,6.747982177734375000e+02,6.914020776748657227e-01,4.799050292968750000e+02,6.735362548828125000e+02,6.059958934783935547e-01,4.900009460449218750e+02,6.760602416992187500e+02,7.340916991233825684e-01,4.748570861816406250e+02,6.912041015625000000e+02,7.485563158988952637e-01,4.824290161132812500e+02,6.924660644531250000e+02,7.621729969978332520e-01,4.925249328613281250e+02,7.113958740234375000e+02,3.484294116497039795e-01,4.937868957519531250e+02,7.126578979492187500e+02,7.020666599273681641e-01,4.988348693847656250e+02,7.214918212890625000e+02,5.496866106986999512e-01,5.013588256835937500e+02,7.189678344726562500e+02,4.419431686401367188e-01,4.836910095214843750e+02,7.366356811523437500e+02,5.706575512886047363e-01,4.862149658203125000e+02,7.366356811523437500e+02,7.007430195808410645e-01,4.735950927734375000e+02,7.656613769531250000e+02,6.072963476181030273e-01,4.937868957519531250e+02,7.656613769531250000e+02,6.201874017715454102e-01,4.874769592285156250e+02,7.896391601562500000e+02,4.329428374767303467e-01,4.622372131347656250e+02,7.921631469726562500e+02,5.811675190925598145e-01,4.887389526367187500e+02,6.647023315429687500e+02,9.091678261756896973e-01,4.849530029296875000e+02,6.836321411132812500e+02,8.554326295852661133e-01,4.836910095214843750e+02,7.353736572265625000e+02,7.487267851829528809e-01,4.698091430664062500e+02,8.022590332031250000e+02,6.088871359825134277e-01,4.685471496582031250e+02,8.009970703125000000e+02,4.800796210765838623e-01,4.685471496582031250e+02,7.997350463867187500e+02,6.255226731300354004e-01,4.660231628417968750e+02,8.022590332031250000e+02,4.487190544605255127e-01,4.571892395019531250e+02,7.959490966796875000e+02,4.016836583614349365e-01,4.571892395019531250e+02,7.934251098632812500e+02,4.988424479961395264e-01,4.599180217104426447e+02,6.651824026089708468e+02,5.014431830059646700e+01,1.334170024749089407e+02,1.000000000000000000e+00
7.120600000000000000e+04,2.570000000000000000e+02,1.088800000000000000e+04,3.900000000000000000e+01,4.920908203125000000e+02,6.838784179687500000e+02,6.460850834846496582e-01,4.907210693359375000e+02,6.797691650390625000e+02,5.756840705871582031e-01,4.893513183593750000e+02,6.797691650390625000e+02,6.690396070480346680e-01,4.756538085937500000e+02,6.770296630859375000e+02,4.549424648284912109e-01,4.825025634765625000e+02,6.797691650390625000e+02,6.702946424484252930e-01,4.879815673828125000e+02,6.962061767578125000e+02,4.005269408226013184e-01,4.729143066406250000e+02,6.975759277343750000e+02,6.186191439628601074e-01,4.962001037597656250e+02,7.167525024414062500e+02,4.480749070644378662e-01,4.674353027343750000e+02,7.194920043945312500e+02,3.906192183494567871e-01,5.030488586425781250e+02,7.345592651367187500e+02,3.527374565601348877e-01,4.646958007812500000e+02,7.400382690429687500e+02,3.547065854072570801e-01,4.852420654296875000e+02,7.441475219726562500e+02,4.558095335960388184e-01,4.770235595703125000e+02,7.441475219726562500e+02,6.006435751914978027e-01,4.893513183593750000e+02,7.729123535156250000e+02,6.908773779869079590e-01,4.660655517578125000e+02,7.729123535156250000e+02,6.773589849472045898e-01,4.838723144531250000e+02,8.003073730468750000e+02,9.006373286247253418e-01,4.578470153808593750e+02,8.003073730468750000e+02,7.629988789558410645e-01,4.838723144531250000e+02,6.688111572265625000e+02,8.664931058883666992e-01,4.797630615234375000e+02,6.879876708984375000e+02,7.442045211791992188e-01,4.797630615234375000e+02,7.427777709960937500e+02,7.226604819297790527e-01,4.948303527832031250e+02,8.085258789062500000e+02,6.895569562911987305e-01,4.633260498046875000e+02,8.071561279296875000e+02,8.065130114555358887e-01,4.934606018066406250e+02,8.057863769531250000e+02,6.741077303886413574e-01,4.605865478515625000e+02,8.085258789062500000e+02,7.744072675704956055e-01,4.797630615234375000e+02,8.044166259765625000e+02,5.786783099174499512e-01,4.537377624511718750e+02,8.030468750000000000e+02,6.451017260551452637e-01,4.518367481796723837e+02,6.667058602338420314e+02,5.206160593491409827e+01,1.385051463388001594e+02,1.000000000000000000e+00
7.120700000000000000e+04,2.570000000000000000e+02,1.088800000000000000e+04,4.100000000000000000e+01,4.795481567382812500e+02,6.854684448242187500e+02,8.016004562377929688e-01,4.795481567382812500e+02,6.809552001953125000e+02,8.076865673065185547e-01,4.765393371582031250e+02,6.809552001953125000e+02,7.626720666885375977e-01,4.780437316894531250e+02,6.809552001953125000e+02,5.550349354743957520e-01,4.690172729492187500e+02,6.794508056640625000e+02,7.860785722732543945e-01,4.780437316894531250e+02,6.959993286132812500e+02,7.094148397445678711e-01,4.569819946289062500e+02,6.975037231445312500e+02,8.342282772064208984e-01,4.855657958984375000e+02,7.140522460937500000e+02,7.529753446578979492e-01,4.599908142089843750e+02,7.230786743164062500e+02,6.384260654449462891e-01,4.885746154785156250e+02,7.290963134765625000e+02,7.795828580856323242e-01,4.825569763183593750e+02,7.336095581054687500e+02,5.487786531448364258e-01,4.795481567382812500e+02,7.456448364257812500e+02,6.828077435493469238e-01,4.660084533691406250e+02,7.486536865234375000e+02,7.583039999008178711e-01,4.900790100097656250e+02,7.742286376953125000e+02,8.328837156295776367e-01,4.720260925292968750e+02,7.772374267578125000e+02,7.719469070434570312e-01,4.810525512695312500e+02,8.013079833984375000e+02,8.384389877319335938e-01,4.720260925292968750e+02,8.028124389648437500e+02,7.959210872650146484e-01,4.750349121093750000e+02,6.689199218750000000e+02,8.812042474746704102e-01,4.705216979980468750e+02,6.884772949218750000e+02,8.566914796829223633e-01,4.720260925292968750e+02,7.456448364257812500e+02,7.968186140060424805e-01,4.870701904296875000e+02,8.088300781250000000e+02,7.974708080291748047e-01,4.870701904296875000e+02,8.088300781250000000e+02,7.859221696853637695e-01,4.885746154785156250e+02,8.088300781250000000e+02,7.911326885223388672e-01,4.840613708496093750e+02,8.103344726562500000e+02,7.804085612297058105e-01,4.720260925292968750e+02,8.058212280273437500e+02,6.278657317161560059e-01,4.705216979980468750e+02,8.073256225585937500e+02,7.592478990554809570e-01,4.403172066391301200e+02,6.629995503984786183e+02,5.620501918793547702e+01,1.509075729337373559e+02,1.000000000000000000e+00
7.120800000000000000e+04,2.570000000000000000e+02,1.088700000000000000e+04,4.200000000000000000e+01,4.760025939941406250e+02,6.847421264648437500e+02,8.246625065803527832e-01,4.760025939941406250e+02,6.802817993164062500e+02,7.964235544204711914e-01,4.745158386230468750e+02,6.802817993164062500e+02,7.827479839324951172e-01,4.700554809570312500e+02,6.817686157226562500e+02,4.948374629020690918e-01,4.655951538085937500e+02,6.802817993164062500e+02,8.083165287971496582e-01,4.730290527343750000e+02,7.010966796875000000e+02,8.561133146286010742e-01,4.507273864746093750e+02,7.010966796875000000e+02,8.789145350456237793e-01,4.760025939941406250e+02,7.233983764648437500e+02,7.916508316993713379e-01,4.462670288085937500e+02,7.278587036132812500e+02,8.079307675361633301e-01,4.789761657714843750e+02,7.397529296875000000e+02,6.508232355117797852e-01,4.492406005859375000e+02,7.486735839843750000e+02,7.294116616249084473e-01,4.700554809570312500e+02,7.501604003906250000e+02,7.774236202239990234e-01,4.581612548828125000e+02,7.516471557617187500e+02,8.493148088455200195e-01,4.685687255859375000e+02,7.798959350585937500e+02,7.855395078659057617e-01,4.626216125488281250e+02,7.813827514648437500e+02,7.770155072212219238e-01,4.670819396972656250e+02,8.081447143554687500e+02,6.327697038650512695e-01,4.641083679199218750e+02,8.096315307617187500e+02,7.509168982505798340e-01,4.685687255859375000e+02,6.683875732421875000e+02,8.970626592636108398e-01,4.641083679199218750e+02,6.906892700195312500e+02,9.035438895225524902e-01,4.641083679199218750e+02,7.501604003906250000e+02,8.638738989830017090e-01,4.849232788085937500e+02,8.155786132812500000e+02,6.935591101646423340e-01,4.849232788085937500e+02,8.170654296875000000e+02,5.794275403022766113e-01,4.849232788085937500e+02,8.140918579101562500e+02,6.581025123596191406e-01,4.804629516601562500e+02,8.185521850585937500e+02,5.794254541397094727e-01,4.655951538085937500e+02,8.126051025390625000e+02,5.578175783157348633e-01,4.626216125488281250e+02,8.140918579101562500e+02,7.011259794235229492e-01,4.357500932370533064e+02,6.668729425339575982e+02,5.560433303699323915e+01,1.521162305356729121e+02,1.000000000000000000e+00
7.120900000000000000e+04,2.570000000000000000e+02,1.091200000000000000e+04,4.300000000000000000e+01,4.659074401855468750e+02,6.872389526367187500e+02,8.235653638839721680e-01,4.659074401855468750e+02,6.823220825195312500e+02,8.247066140174865723e-01,4.626295166015625000e+02,6.823220825195312500e+02,7.879824638366699219e-01,4.675463867187500000e+02,6.839610595703125000e+02,5.597017407417297363e-01,4.544347229003906250e+02,6.823220825195312500e+02,7.641338706016540527e-01,4.659074401855468750e+02,7.036285400390625000e+02,6.867427825927734375e-01,4.478788757324218750e+02,7.019896240234375000e+02,7.449828982353210449e-01,4.708243103027343750e+02,7.216571044921875000e+02,4.684036076068878174e-01,4.446009521484375000e+02,7.265739746093750000e+02,5.696623325347900391e-01,4.741022338867187500e+02,7.314908447265625000e+02,7.639777660369873047e-01,4.429620056152343750e+02,7.495194091796875000e+02,3.731088340282440186e-01,4.626295166015625000e+02,7.495194091796875000e+02,6.541712880134582520e-01,4.560736694335937500e+02,7.511583862304687500e+02,6.947993636131286621e-01,4.593515930175781250e+02,7.822985839843750000e+02,7.394641041755676270e-01,4.560736694335937500e+02,7.822985839843750000e+02,6.566668152809143066e-01,4.560736694335937500e+02,8.117998657226562500e+02,7.389838099479675293e-01,4.544347229003906250e+02,8.117998657226562500e+02,6.623890995979309082e-01,4.609905700683593750e+02,6.724883422851562500e+02,8.874327540397644043e-01,4.577126464843750000e+02,6.921558227539062500e+02,8.278701901435852051e-01,4.577126464843750000e+02,7.478804321289062500e+02,7.751793265342712402e-01,4.675463867187500000e+02,8.199946899414062500e+02,5.336796045303344727e-01,4.659074401855468750e+02,8.183557128906250000e+02,6.809195280075073242e-01,4.675463867187500000e+02,8.183557128906250000e+02,5.675989389419555664e-01,4.626295166015625000e+02,8.199946899414062500e+02,6.568381190299987793e-01,4.511567993164062500e+02,8.167167358398437500e+02,6.654774546623229980e-01,4.511567993164062500e+02,8.167167358398437500e+02,7.211557626724243164e-01,4.246373596191406250e+02,6.631462402343750000e+02,4.812203979492187500e+01,1.678294677734375000e+02,1.000000000000000000e+00
7.121000000000000000e+04,2.570000000000000000e+02,1.091400000000000000e+04,4.400000000000000000e+01,4.617847290039062500e+02,6.878114624023437500e+02,8.251140713691711426e-01,4.617847290039062500e+02,6.829315795898437500e+02,8.315553665161132812e-01,4.585314941406250000e+02,6.829315795898437500e+02,8.182663321495056152e-01,4.471451416015625000e+02,6.813049926757812500e+02,5.539838075637817383e-01,4.536516113281250000e+02,6.829315795898437500e+02,7.317174077033996582e-01,4.585314941406250000e+02,7.024510498046875000e+02,5.304594635963439941e-01,4.422652587890625000e+02,7.024510498046875000e+02,6.360668540000915527e-01,4.601581115722656250e+02,7.252237548828125000e+02,4.547487199306488037e-01,4.406386413574218750e+02,7.301035766601562500e+02,4.216561913490295410e-01,4.682911987304687500e+02,7.349834594726562500e+02,8.193869590759277344e-01,4.650379638671875000e+02,7.382366943359375000e+02,4.629023969173431396e-01,4.585314941406250000e+02,7.512496948242187500e+02,7.391699552536010742e-01,4.536516113281250000e+02,7.528762817382812500e+02,7.270019054412841797e-01,4.552782287597656250e+02,7.854087524414062500e+02,6.946474313735961914e-01,4.552782287597656250e+02,7.854087524414062500e+02,7.615121006965637207e-01,4.487717590332031250e+02,8.163145141601562500e+02,5.257257819175720215e-01,4.487717590332031250e+02,8.179411621093750000e+02,7.793500423431396484e-01,4.569048461914062500e+02,6.731718750000000000e+02,9.205850958824157715e-01,4.520249938964843750e+02,6.926912841796875000e+02,7.964410185813903809e-01,4.552782287597656250e+02,7.512496948242187500e+02,8.277041316032409668e-01,4.861840515136718750e+02,8.260742797851562500e+02,4.291086196899414062e-01,4.617847290039062500e+02,8.260742797851562500e+02,8.536937832832336426e-01,4.861840515136718750e+02,8.244476318359375000e+02,4.278048276901245117e-01,4.569048461914062500e+02,8.277008666992187500e+02,8.604335188865661621e-01,4.731710815429687500e+02,8.211943969726562500e+02,4.420182406902313232e-01,4.438918762207031250e+02,8.244476318359375000e+02,7.952836751937866211e-01,4.228775591774127065e+02,6.696717515013029924e+02,5.667884705935995271e+01,1.613689425925634851e+02,1.000000000000000000e+00
7.121100000000000000e+04,2.570000000000000000e+02,1.091100000000000000e+04,4.500000000000000000e+01,4.556058349609375000e+02,6.882998657226562500e+02,8.048393130302429199e-01,4.572362365722656250e+02,6.850390625000000000e+02,7.951043248176574707e-01,4.523450317382812500e+02,6.850390625000000000e+02,7.756169438362121582e-01,4.556058349609375000e+02,6.850390625000000000e+02,4.968645274639129639e-01,4.441930236816406250e+02,6.834086914062500000e+02,7.276720404624938965e-01,4.556058349609375000e+02,7.029735107421875000e+02,7.129300236701965332e-01,4.344105834960937500e+02,7.029735107421875000e+02,8.298248052597045898e-01,4.604970397949218750e+02,7.241687622070312500e+02,5.229114294052124023e-01,4.278889770507812500e+02,7.323207397460937500e+02,6.538509130477905273e-01,4.653882446289062500e+02,7.372119750976562500e+02,7.102641463279724121e-01,4.311497802734375000e+02,7.535159912109375000e+02,6.096559166908264160e-01,4.588666381835937500e+02,7.502551879882812500e+02,5.673952102661132812e-01,4.441930236816406250e+02,7.551464233398437500e+02,5.746158361434936523e-01,4.735402526855468750e+02,7.828632812500000000e+02,5.980353951454162598e-01,4.507146301269531250e+02,7.861240844726562500e+02,7.211996316909790039e-01,4.751706542968750000e+02,8.203625488281250000e+02,8.492076396942138672e-01,4.393017883300781250e+02,8.187321166992187500e+02,8.616500496864318848e-01,4.507146301269531250e+02,6.736262817382812500e+02,8.776633739471435547e-01,4.458234252929687500e+02,6.931911010742187500e+02,8.302624821662902832e-01,4.507146301269531250e+02,7.518856201171875000e+02,6.650375723838806152e-01,4.833226928710937500e+02,8.285145263671875000e+02,8.009096980094909668e-01,4.539754333496093750e+02,8.301449584960937500e+02,9.029377102851867676e-01,4.849530944824218750e+02,8.268841552734375000e+02,8.640391230583190918e-01,4.490842285156250000e+02,8.317753295898437500e+02,8.646607995033264160e-01,4.719098510742187500e+02,8.252537231445312500e+02,8.446237444877624512e-01,4.360409851074218750e+02,8.252537231445312500e+02,7.953706979751586914e-01,4.158830524569351041e+02,6.696241228130022591e+02,5.707954475669691874e+01,1.655464282039516775e+02,1.000000000000000000e+00
7.121200000000000000e+04,2.570000000000000000e+02,1.088700000000000000e+04,4.600000000000000000e+01,4.512105102539062500e+02,6.888375244140625000e+02,8.013814091682434082e-01,4.512105102539062500e+02,6.853809204101562500e+02,7.137583494186401367e-01,4.477538757324218750e+02,6.853809204101562500e+02,7.828744649887084961e-01,4.356556396484375000e+02,6.819242553710937500e+02,3.742704391479492188e-01,4.425689086914062500e+02,6.853809204101562500e+02,7.198796272277832031e-01,4.460255432128906250e+02,7.026641235351562500e+02,4.589086174964904785e-01,4.304706726074218750e+02,7.026641235351562500e+02,6.630107164382934570e-01,4.546671447753906250e+02,7.234039916992187500e+02,3.900747299194335938e-01,4.252857055664062500e+02,7.303172607421875000e+02,4.181368052959442139e-01,4.581238098144531250e+02,7.372305297851562500e+02,6.252358555793762207e-01,4.235573730468750000e+02,7.545137329101562500e+02,3.302054107189178467e-01,4.512105102539062500e+02,7.510571289062500000e+02,5.204527378082275391e-01,4.408405761718750000e+02,7.562420654296875000e+02,5.125977993011474609e-01,4.702220458984375000e+02,7.856235351562500000e+02,6.414709091186523438e-01,4.425689086914062500e+02,7.890801391601562500e+02,7.210063338279724121e-01,4.736786804199218750e+02,8.219182739257812500e+02,8.405856490135192871e-01,4.339273071289062500e+02,8.219182739257812500e+02,7.927872538566589355e-01,4.460255432128906250e+02,6.732826538085937500e+02,8.980606794357299805e-01,4.408405761718750000e+02,6.940225219726562500e+02,7.592604756355285645e-01,4.442972412109375000e+02,7.527854003906250000e+02,5.620176792144775391e-01,4.823202819824218750e+02,8.288315429687500000e+02,6.377006769180297852e-01,4.460255432128906250e+02,8.322882080078125000e+02,8.220103383064270020e-01,4.823202819824218750e+02,8.271032104492187500e+02,7.325662374496459961e-01,4.425689086914062500e+02,8.340165405273437500e+02,8.073878288269042969e-01,4.702220458984375000e+02,8.288315429687500000e+02,8.239954113960266113e-01,4.287423400878906250e+02,8.288315429687500000e+02,7.688541412353515625e-01,4.085894390673076941e+02,6.658559846329517313e+02,6.006797498194077889e+01,1.735832676445535299e+02,1.000000000000000000e+00
7.121300000000000000e+04,2.570000000000000000e+02,1.088700000000000000e+04,4.700000000000000000e+01,4.439754943847656250e+02,6.885803833007812500e+02,8.049699068069458008e-01,4.457321777343750000e+02,6.850670776367187500e+02,7.692155241966247559e-01,4.422188415527343750e+02,6.850670776367187500e+02,7.944603562355041504e-01,4.457321777343750000e+02,6.850670776367187500e+02,4.885634481906890869e-01,4.316788635253906250e+02,6.833104248046875000e+02,7.683987617492675781e-01,4.439754943847656250e+02,7.026337280273437500e+02,6.665628552436828613e-01,4.228955383300781250e+02,7.026337280273437500e+02,7.603511214256286621e-01,4.492454833984375000e+02,7.219570312500000000e+02,4.868101477622985840e-01,4.141122436523437500e+02,7.307402954101562500e+02,6.429214477539062500e-01,4.527588195800781250e+02,7.360103149414062500e+02,6.851317882537841797e-01,4.158688964843750000e+02,7.570902709960937500e+02,5.626396536827087402e-01,4.457321777343750000e+02,7.518202514648437500e+02,5.296112298965454102e-01,4.334355163574218750e+02,7.570902709960937500e+02,5.473490953445434570e-01,4.632987976074218750e+02,7.851968994140625000e+02,5.401017069816589355e-01,4.387055053710937500e+02,7.904668579101562500e+02,6.926959156990051270e-01,4.685687866210937500e+02,8.220867919921875000e+02,8.221176862716674805e-01,4.264088745117187500e+02,8.220867919921875000e+02,8.706463575363159180e-01,4.404621582031250000e+02,6.710137939453125000e+02,9.121329188346862793e-01,4.351921997070312500e+02,6.938504028320312500e+02,8.002926111221313477e-01,4.387055053710937500e+02,7.535769653320312500e+02,6.227624416351318359e-01,4.791087646484375000e+02,8.308701171875000000e+02,7.014932036399841309e-01,4.387055053710937500e+02,8.343834228515625000e+02,8.783099055290222168e-01,4.808654174804687500e+02,8.291134643554687500e+02,7.233664393424987793e-01,4.334355163574218750e+02,8.343834228515625000e+02,8.345491290092468262e-01,4.668121337890625000e+02,8.291134643554687500e+02,8.256631493568420410e-01,4.193822021484375000e+02,8.291134643554687500e+02,7.698195576667785645e-01,4.018627589414672912e+02,6.639525099085088868e+02,6.202730335267261808e+01,1.784979550756611388e+02,1.000000000000000000e+00
7.121400000000000000e+04,2.570000000000000000e+02,1.091800000000000000e+04,4.800000000000000000e+01,4.389218750000000000e+02,6.903817749023437500e+02,8.484820127487182617e-01,4.406814575195312500e+02,6.851029663085937500e+02,7.901200056076049805e-01,4.371622619628906250e+02,6.851029663085937500e+02,7.618497014045715332e-01,4.406814575195312500e+02,6.851029663085937500e+02,3.645483255386352539e-01,4.266046752929687500e+02,6.851029663085937500e+02,6.712343692779541016e-01,4.371622619628906250e+02,7.026989746093750000e+02,5.762335062026977539e-01,4.160471191406250000e+02,7.026989746093750000e+02,7.492968440055847168e-01,4.494794311523437500e+02,7.220545043945312500e+02,3.957224190235137939e-01,4.107683105468750000e+02,7.308524780273437500e+02,5.029221773147583008e-01,4.494794311523437500e+02,7.396504516601562500e+02,6.905136704444885254e-01,4.406814575195312500e+02,7.414100952148437500e+02,4.902520477771759033e-01,4.371622619628906250e+02,7.537272338867187500e+02,4.336420893669128418e-01,4.283642883300781250e+02,7.590060424804687500e+02,4.849888086318969727e-01,4.318834838867187500e+02,7.906787719726562500e+02,3.553083240985870361e-01,4.318834838867187500e+02,7.906787719726562500e+02,5.969679355621337891e-01,4.195662841796875000e+02,8.258707275390625000e+02,4.077770709991455078e-01,4.213258972167968750e+02,8.276303100585937500e+02,7.789088487625122070e-01,4.336430664062500000e+02,6.710261840820312500e+02,9.249212145805358887e-01,4.283642883300781250e+02,6.939009399414062500e+02,7.558799386024475098e-01,4.301238708496093750e+02,7.554868164062500000e+02,5.169320702552795410e-01,4.354026794433593750e+02,8.381878662109375000e+02,3.939128816127777100e-01,4.354026794433593750e+02,8.364282836914062500e+02,7.299870252609252930e-01,4.336430664062500000e+02,8.346687011718750000e+02,3.768101632595062256e-01,4.301238708496093750e+02,8.399474487304687500e+02,7.178689241409301758e-01,4.125279235839843750e+02,8.329090576171875000e+02,4.064365625381469727e-01,4.125279235839843750e+02,8.346687011718750000e+02,7.506049275398254395e-01,3.968402948269446142e+02,6.654454574018811854e+02,6.365510686885045288e+01,1.805448712717141007e+02,1.000000000000000000e+00
7.121500000000000000e+04,2.570000000000000000e+02,1.091700000000000000e+04,4.900000000000000000e+01,4.315308837890625000e+02,6.896255493164062500e+02,9.011073112487792969e-01,4.332981872558593750e+02,6.843236694335937500e+02,8.610543012619018555e-01,4.297636108398437500e+02,6.843236694335937500e+02,8.714641928672790527e-01,4.156252746582031250e+02,6.807890625000000000e+02,4.702610373497009277e-01,4.209271545410156250e+02,6.843236694335937500e+02,8.066960573196411133e-01,4.297636108398437500e+02,7.037638549804687500e+02,6.873468160629272461e-01,4.085561218261718750e+02,7.037638549804687500e+02,7.953383326530456543e-01,4.386000671386718750e+02,7.249713134765625000e+02,5.318604111671447754e-01,4.014869384765625000e+02,7.320405273437500000e+02,5.535053610801696777e-01,4.421346435546875000e+02,7.391096801757812500e+02,8.231284618377685547e-01,3.997196655273437500e+02,7.585498657226562500e+02,6.185881495475769043e-01,4.262290039062500000e+02,7.567825927734375000e+02,5.050746798515319824e-01,4.173925781250000000e+02,7.603171386718750000e+02,5.972286462783813477e-01,4.279963073730468750e+02,7.921283569335937500e+02,4.987779259681701660e-01,4.279963073730468750e+02,7.921283569335937500e+02,5.235971212387084961e-01,4.173925781250000000e+02,8.257069091796875000e+02,4.869424998760223389e-01,4.138579711914062500e+02,8.292415161132812500e+02,8.007926344871520996e-01,4.279963073730468750e+02,6.719526367187500000e+02,9.418176412582397461e-01,4.209271545410156250e+02,6.931600952148437500e+02,8.252162933349609375e-01,4.191598510742187500e+02,7.567825927734375000e+02,6.597574949264526367e-01,4.739458618164062500e+02,8.363106689453125000e+02,6.192991137504577637e-01,4.315308837890625000e+02,8.398452148437500000e+02,8.342419862747192383e-01,4.721785888671875000e+02,8.363106689453125000e+02,5.651173591613769531e-01,4.279963073730468750e+02,8.416125488281250000e+02,8.206782937049865723e-01,4.598075561523437500e+02,8.363106689453125000e+02,7.301986813545227051e-01,4.050215148925781250e+02,8.363106689453125000e+02,8.512830138206481934e-01,3.898367448641401438e+02,6.654761844645099700e+02,6.516505258886161300e+01,1.817560101226650886e+02,1.000000000000000000e+00
7.121600000000000000e+04,2.570000000000000000e+02,1.091700000000000000e+04,5.000000000000000000e+01,4.284526367187500000e+02,6.874964599609375000e+02,8.891211748123168945e-01,4.266314086914062500e+02,6.838540039062500000e+02,8.138067722320556641e-01,4.248101501464843750e+02,6.838540039062500000e+02,8.948376178741455078e-01,4.102402648925781250e+02,6.802114868164062500e+02,6.348030567169189453e-01,4.193464660644531250e+02,6.820327758789062500e+02,8.070363998413085938e-01,4.229889221191406250e+02,7.038875732421875000e+02,7.009548544883728027e-01,4.011340942382812500e+02,7.038875732421875000e+02,8.180500864982604980e-01,4.284526367187500000e+02,7.275636596679687500e+02,5.435939431190490723e-01,3.938491210937500000e+02,7.312061767578125000e+02,7.673386335372924805e-01,4.375588073730468750e+02,7.403123168945312500e+02,7.491064071655273438e-01,3.938491210937500000e+02,7.585247192382812500e+02,7.908521294593811035e-01,4.193464660644531250e+02,7.585247192382812500e+02,6.354709863662719727e-01,4.102402648925781250e+02,7.621671752929687500e+02,5.804778933525085449e-01,4.229889221191406250e+02,7.931281738281250000e+02,6.386610269546508789e-01,4.211676940917968750e+02,7.949494628906250000e+02,5.752513408660888672e-01,4.138827514648437500e+02,8.295529174804687500e+02,5.263143777847290039e-01,4.102402648925781250e+02,8.313742065429687500e+02,7.002077698707580566e-01,4.211676940917968750e+02,6.692841186523437500e+02,8.893221020698547363e-01,4.138827514648437500e+02,6.929601440429687500e+02,8.472979068756103516e-01,4.138827514648437500e+02,7.585247192382812500e+02,7.029938697814941406e-01,4.666986083984375000e+02,8.386591186523437500e+02,5.865488648414611816e-01,4.302738647460937500e+02,8.423015747070312500e+02,7.577178478240966797e-01,4.666986083984375000e+02,8.386591186523437500e+02,5.823060274124145508e-01,4.266314086914062500e+02,8.459440917968750000e+02,7.658330798149108887e-01,4.521287231445312500e+02,8.404803466796875000e+02,6.197728514671325684e-01,4.047765502929687500e+02,8.404803466796875000e+02,6.953812241554260254e-01,3.869397457341145241e+02,6.636268429762427559e+02,6.681793598125176459e+01,1.857080221689744803e+02,1.000000000000000000e+00
7.121700000000000000e+04,2.570000000000000000e+02,1.091700000000000000e+04,5.100000000000000000e+01,4.207032775878906250e+02,6.917864379882812500e+02,8.202599883079528809e-01,4.207032775878906250e+02,6.860772094726562500e+02,8.627153635025024414e-01,4.168971252441406250e+02,6.860772094726562500e+02,8.027847409248352051e-01,4.035755310058593750e+02,6.822710571289062500e+02,4.979140162467956543e-01,4.054786376953125000e+02,6.841741333007812500e+02,7.846308350563049316e-01,4.168971252441406250e+02,7.070111083984375000e+02,7.211956381797790527e-01,3.959632263183593750e+02,7.051080322265625000e+02,8.302732110023498535e-01,4.188002014160156250e+02,7.317511596679687500e+02,5.909789204597473145e-01,3.864478149414062500e+02,7.336542358398437500e+02,7.562900781631469727e-01,4.283156127929687500e+02,7.412665405273437500e+02,7.838222980499267578e-01,3.883508911132812500e+02,7.602973632812500000e+02,8.477991223335266113e-01,4.130909423828125000e+02,7.622004394531250000e+02,7.272029519081115723e-01,4.054786376953125000e+02,7.622004394531250000e+02,7.672619819641113281e-01,4.168971252441406250e+02,7.964559326171875000e+02,6.031060218811035156e-01,4.168971252441406250e+02,7.945528564453125000e+02,5.637533664703369141e-01,4.073817138671875000e+02,8.307113647460937500e+02,6.723136305809020996e-01,4.016724548339843750e+02,8.326144409179687500e+02,6.379501819610595703e-01,4.149940185546875000e+02,6.708525390625000000e+02,8.839146494865417480e-01,4.073817138671875000e+02,6.936895141601562500e+02,8.210018873214721680e-01,4.073817138671875000e+02,7.602973632812500000e+02,8.037563562393188477e-01,4.245094299316406250e+02,8.459360351562500000e+02,6.008469462394714355e-01,4.264125061035156250e+02,8.459360351562500000e+02,7.490358352661132812e-01,4.245094299316406250e+02,8.440329589843750000e+02,6.160804033279418945e-01,4.207032775878906250e+02,8.478391113281250000e+02,7.498342394828796387e-01,4.016724548339843750e+02,8.402268066406250000e+02,4.562250971794128418e-01,3.959632263183593750e+02,8.421298828125000000e+02,7.151855230331420898e-01,3.703022501909641164e+02,6.600468696658338104e+02,6.880404002361808580e+01,1.925582019790343793e+02,1.000000000000000000e+00
7.121800000000000000e+04,2.570000000000000000e+02,1.088900000000000000e+04,5.200000000000000000e+01,4.106199951171875000e+02,6.879819335937500000e+02,8.248471021652221680e-01,4.125165405273437500e+02,6.841888427734375000e+02,8.571211099624633789e-01,4.068269348144531250e+02,6.841888427734375000e+02,7.920795083045959473e-01,4.163096008300781250e+02,6.841888427734375000e+02,7.146688103675842285e-01,3.992408142089843750e+02,6.822923583984375000e+02,7.960563898086547852e-01,4.163096008300781250e+02,7.050507202148437500e+02,7.904310822486877441e-01,3.859650878906250000e+02,7.031541748046875000e+02,8.720927238464355469e-01,4.201026611328125000e+02,7.297056274414062500e+02,7.094562053680419922e-01,3.783789672851562500e+02,7.334987182617187500e+02,7.816863059997558594e-01,4.238957519531250000e+02,7.410848388671875000e+02,7.502549886703491211e-01,3.802754821777343750e+02,7.619467163085937500e+02,8.025450706481933594e-01,4.125165405273437500e+02,7.581536254882812500e+02,7.108658552169799805e-01,3.973442687988281250e+02,7.619467163085937500e+02,7.241964340209960938e-01,4.163096008300781250e+02,7.941877441406250000e+02,6.810268759727478027e-01,4.144130859375000000e+02,7.941877441406250000e+02,7.934604287147521973e-01,4.087234802246093750e+02,8.302218627929687500e+02,5.164048671722412109e-01,3.973442687988281250e+02,8.283253173828125000e+02,7.477670311927795410e-01,4.068269348144531250e+02,6.709131469726562500e+02,8.440911769866943359e-01,4.049304199218750000e+02,6.936715087890625000e+02,8.436324596405029297e-01,4.049304199218750000e+02,7.581536254882812500e+02,8.092777729034423828e-01,4.238957519531250000e+02,8.491871948242187500e+02,4.374794363975524902e-01,4.011373596191406250e+02,8.416010742187500000e+02,7.935470342636108398e-01,4.219992065429687500e+02,8.453941650390625000e+02,4.234830737113952637e-01,3.954477539062500000e+02,8.416010742187500000e+02,8.170823454856872559e-01,4.068269348144531250e+02,8.397045288085937500e+02,4.564827978610992432e-01,3.916546936035156250e+02,8.283253173828125000e+02,7.102425694465637207e-01,3.615093234215811435e+02,6.587326495469259271e+02,6.904006314044931969e+01,1.947016878950381624e+02,1.000000000000000000e+00
7.121900000000000000e+04,2.570000000000000000e+02,1.091700000000000000e+04,5.300000000000000000e+01,4.043559265136718750e+02,6.887417602539062500e+02,8.755590319633483887e-01,4.080675659179687500e+02,6.831743164062500000e+02,8.633568286895751953e-01,4.006442871093750000e+02,6.831743164062500000e+02,8.238278031349182129e-01,4.099233703613281250e+02,6.850300903320312500e+02,6.681224703788757324e-01,3.913652038574218750e+02,6.813184814453125000e+02,8.497514724731445312e-01,4.117792053222656250e+02,7.054440917968750000e+02,8.637240529060363770e-01,3.802302856445312500e+02,7.035883178710937500e+02,8.736155629158020020e-01,4.136350097656250000e+02,7.295697631835937500e+02,7.516486048698425293e-01,3.709512023925781250e+02,7.351372070312500000e+02,8.741196393966674805e-01,4.173466491699218750e+02,7.407046508789062500e+02,8.691604137420654297e-01,3.728070068359375000e+02,7.611186523437500000e+02,8.431820273399353027e-01,4.062117309570312500e+02,7.629744873046875000e+02,8.283863067626953125e-01,3.876535644531250000e+02,7.648303222656250000e+02,8.439322710037231445e-01,4.099233703613281250e+02,7.982350463867187500e+02,7.550269961357116699e-01,4.080675659179687500e+02,8.000908813476562500e+02,7.140026092529296875e-01,3.950768432617187500e+02,8.279281616210937500e+02,5.286219716072082520e-01,3.895093688964843750e+02,8.334956054687500000e+02,6.298104524612426758e-01,4.025000915527343750e+02,6.683277587890625000e+02,9.573496580123901367e-01,3.969326477050781250e+02,6.943092041015625000e+02,9.306597113609313965e-01,3.969326477050781250e+02,7.629744873046875000e+02,8.911589384078979492e-01,4.117792053222656250e+02,8.520537719726562500e+02,2.790381014347076416e-01,3.950768432617187500e+02,8.464863281250000000e+02,6.091672182083129883e-01,4.117792053222656250e+02,8.483421630859375000e+02,2.528348565101623535e-01,3.895093688964843750e+02,8.464863281250000000e+02,6.319930553436279297e-01,3.895093688964843750e+02,8.316397705078125000e+02,2.896857559680938721e-01,3.802302856445312500e+02,8.353513793945312500e+02,4.993944764137268066e-01,3.564650777213292940e+02,6.603321654010042039e+02,6.751927224930392413e+01,1.927320971800759253e+02,1.000000000000000000e+00
7.122000000000000000e+04,2.570000000000000000e+02,1.091900000000000000e+04,5.400000000000000000e+01,3.984450378417968750e+02,6.903559570312500000e+02,8.921231627464294434e-01,4.022593383789062500e+02,6.846345214843750000e+02,8.877325057983398438e-01,3.946307678222656250e+02,6.846345214843750000e+02,8.588988184928894043e-01,4.041664733886718750e+02,6.846345214843750000e+02,7.543465495109558105e-01,3.831878967285156250e+02,6.827274169921875000e+02,8.742990493774414062e-01,4.060736083984375000e+02,7.037059936523437500e+02,8.500799536705017090e-01,3.717450561523437500e+02,7.037059936523437500e+02,8.911394476890563965e-01,4.117950439453125000e+02,7.284988403320312500e+02,8.157988786697387695e-01,3.641164855957031250e+02,7.361273803710937500e+02,8.561529517173767090e-01,4.117950439453125000e+02,7.418488159179687500e+02,8.640823364257812500e-01,3.679307556152343750e+02,7.609202270507812500e+02,8.472579121589660645e-01,4.003522033691406250e+02,7.647345581054687500e+02,8.420293331146240234e-01,3.831878967285156250e+02,7.666416625976562500e+02,8.492896556854248047e-01,4.060736083984375000e+02,8.028773803710937500e+02,7.677605748176574707e-01,4.022593383789062500e+02,8.047845458984375000e+02,6.787654757499694824e-01,3.946307678222656250e+02,8.352988281250000000e+02,5.850530862808227539e-01,3.831878967285156250e+02,8.333916625976562500e+02,6.888906955718994141e-01,3.965379028320312500e+02,6.693773803710937500e+02,9.382225275039672852e-01,3.908164672851562500e+02,6.960773925781250000e+02,9.020468592643737793e-01,3.908164672851562500e+02,7.647345581054687500e+02,9.043180942535400391e-01,4.060736083984375000e+02,8.562774047851562500e+02,4.880159199237823486e-01,3.831878967285156250e+02,8.524630737304687500e+02,8.624677658081054688e-01,4.079807739257812500e+02,8.524630737304687500e+02,4.889072775840759277e-01,3.774664916992187500e+02,8.505559692382812500e+02,8.005283474922180176e-01,3.946307678222656250e+02,8.429273681640625000e+02,5.335978865623474121e-01,3.755593261718750000e+02,8.352988281250000000e+02,7.007697820663452148e-01,3.503517999683009521e+02,6.615363307142113172e+02,6.752840015666663476e+01,1.952688666752849258e+02,1.000000000000000000e+00
7.122100000000000000e+04,2.570000000000000000e+02,1.092000000000000000e+04,5.500000000000000000e+01,3.929550476074218750e+02,6.884747314453125000e+02,8.954652547836303711e-01,3.948722229003906250e+02,6.827231445312500000e+02,9.014143347740173340e-01,3.891206970214843750e+02,6.827231445312500000e+02,8.683151006698608398e-01,3.987065734863281250e+02,6.846403808593750000e+02,7.700796723365783691e-01,3.776176452636718750e+02,6.827231445312500000e+02,8.775505423545837402e-01,3.987065734863281250e+02,7.076464843750000000e+02,8.607947230339050293e-01,3.661145935058593750e+02,7.057292480468750000e+02,8.907552957534790039e-01,4.025409240722656250e+02,7.306525878906250000e+02,7.832589745521545410e-01,3.584458923339843750e+02,7.364040527343750000e+02,8.846789002418518066e-01,4.063752746582031250e+02,7.440727539062500000e+02,8.804607391357421875e-01,3.584458923339843750e+02,7.632445068359375000e+02,8.903713822364807129e-01,3.929550476074218750e+02,7.632445068359375000e+02,8.671532869338989258e-01,3.776176452636718750e+02,7.651617431640625000e+02,7.978252768516540527e-01,4.025409240722656250e+02,8.073395996093750000e+02,7.834243178367614746e-01,4.006237487792968750e+02,8.073395996093750000e+02,7.740718126296997070e-01,3.833691711425781250e+02,8.399315185546875000e+02,6.358134150505065918e-01,3.833691711425781250e+02,8.418487548828125000e+02,7.712595462799072266e-01,3.891206970214843750e+02,6.673857421875000000e+02,9.366995096206665039e-01,3.852863464355468750e+02,6.961434326171875000e+02,9.165406227111816406e-01,3.852863464355468750e+02,7.632445068359375000e+02,8.927832245826721191e-01,4.006237487792968750e+02,8.591032714843750000e+02,6.789911389350891113e-01,4.025409240722656250e+02,8.571861572265625000e+02,4.845629930496215820e-01,4.006237487792968750e+02,8.571861572265625000e+02,6.577469706535339355e-01,3.948722229003906250e+02,8.591032714843750000e+02,4.134919345378875732e-01,3.776176452636718750e+02,8.476002197265625000e+02,6.274232268333435059e-01,3.757004699707031250e+02,8.476002197265625000e+02,6.620371341705322266e-01,3.421302055589018210e+02,6.644191128671736806e+02,6.748204005285651874e+01,1.968264001439337108e+02,1.000000000000000000e+00
7.122200000000000000e+04,2.570000000000000000e+02,1.092000000000000000e+04,5.600000000000000000e+01,3.863139038085937500e+02,6.900877075195312500e+02,8.602273464202880859e-01,3.882395324707031250e+02,6.843107910156250000e+02,8.809841871261596680e-01,3.805369873046875000e+02,6.843107910156250000e+02,8.077235221862792969e-01,3.901651916503906250e+02,6.843107910156250000e+02,7.737677097320556641e-01,3.689831542968750000e+02,6.823851928710937500e+02,8.398906588554382324e-01,3.940164794921875000e+02,7.093441162109375000e+02,8.328557014465332031e-01,3.574292907714843750e+02,7.074185180664062500e+02,8.772405982017517090e-01,3.959421081542968750e+02,7.324517822265625000e+02,8.005720376968383789e-01,3.516523742675781250e+02,7.382287597656250000e+02,8.364113569259643555e-01,3.997933959960937500e+02,7.440056762695312500e+02,8.615363836288452148e-01,3.516523742675781250e+02,7.651876831054687500e+02,8.750994801521301270e-01,3.863139038085937500e+02,7.671133422851562500e+02,8.103952407836914062e-01,3.670574951171875000e+02,7.690390014648437500e+02,7.654014825820922852e-01,3.863139038085937500e+02,8.075517578125000000e+02,7.718548178672790527e-01,3.824626159667968750e+02,8.075517578125000000e+02,6.976829767227172852e-01,3.786113586425781250e+02,8.383619995117187500e+02,7.421036362648010254e-01,3.786113586425781250e+02,8.422133178710937500e+02,6.040340065956115723e-01,3.824626159667968750e+02,6.689057006835937500e+02,8.675762414932250977e-01,3.766856994628906250e+02,6.958646240234375000e+02,9.193011522293090820e-01,3.766856994628906250e+02,7.671133422851562500e+02,8.265655040740966797e-01,3.901651916503906250e+02,8.633953247070312500e+02,6.725749969482421875e-01,3.920908203125000000e+02,8.614697265625000000e+02,4.501299262046813965e-01,3.920908203125000000e+02,8.595440673828125000e+02,6.421181559562683105e-01,3.805369873046875000e+02,8.614697265625000000e+02,4.074977338314056396e-01,3.747600708007812500e+02,8.460645751953125000e+02,6.516712307929992676e-01,3.709087829589843750e+02,8.441389160156250000e+02,5.940882563591003418e-01,3.347890865305218426e+02,6.665196038596681092e+02,6.750633695018825620e+01,1.979006106075919433e+02,1.000000000000000000e+00
7.122300000000000000e+04,2.570000000000000000e+02,1.092000000000000000e+04,5.700000000000000000e+01,3.778481750488281250e+02,6.894117431640625000e+02,8.129742145538330078e-01,3.819017639160156250e+02,6.833313598632812500e+02,8.711290359497070312e-01,3.737946166992187500e+02,6.833313598632812500e+02,8.151087164878845215e-01,3.839285583496093750e+02,6.853581542968750000e+02,8.195989131927490234e-01,3.636606445312500000e+02,6.813045654296875000e+02,8.908513188362121582e-01,3.859553527832031250e+02,7.056260986328125000e+02,8.482095003128051758e-01,3.514998779296875000e+02,7.056260986328125000e+02,9.288854002952575684e-01,3.879821472167968750e+02,7.319743652343750000e+02,8.660830259323120117e-01,3.433927307128906250e+02,7.380547485351562500e+02,8.854381442070007324e-01,3.920357360839843750e+02,7.461619262695312500e+02,8.284956812858581543e-01,3.454195251464843750e+02,7.664298706054687500e+02,9.000359177589416504e-01,3.758213806152343750e+02,7.664298706054687500e+02,8.549656271934509277e-01,3.575802612304687500e+02,7.664298706054687500e+02,8.380401730537414551e-01,3.778481750488281250e+02,8.089924926757812500e+02,8.381040096282958984e-01,3.514998779296875000e+02,8.089924926757812500e+02,7.432019114494323730e-01,3.758213806152343750e+02,8.454747314453125000e+02,8.155540227890014648e-01,3.454195251464843750e+02,8.454747314453125000e+02,7.853520512580871582e-01,3.737946166992187500e+02,6.671170654296875000e+02,9.246068596839904785e-01,3.697410278320312500e+02,6.954921264648437500e+02,9.193361401557922363e-01,3.656874389648437500e+02,7.664298706054687500e+02,8.784890174865722656e-01,3.778481750488281250e+02,8.616890869140625000e+02,6.420868635177612305e-01,3.494731140136718750e+02,8.616890869140625000e+02,6.594454050064086914e-01,3.839285583496093750e+02,8.596622924804687500e+02,7.315856218338012695e-01,3.413659362792968750e+02,8.616890869140625000e+02,7.385052442550659180e-01,3.717678222656250000e+02,8.535819091796875000e+02,6.916401982307434082e-01,3.433927307128906250e+02,8.495283203125000000e+02,7.266886830329895020e-01,3.279875267717089855e+02,6.647870447093807798e+02,6.893118290339407395e+01,2.049795829255327817e+02,1.000000000000000000e+00
7.122400000000000000e+04,2.570000000000000000e+02,1.092000000000000000e+04,5.800000000000000000e+01,3.717762756347656250e+02,6.852269287109375000e+02,9.031175374984741211e-01,3.757426757812500000e+02,6.812604980468750000e+02,9.124398231506347656e-01,3.678098754882812500e+02,6.792773437500000000e+02,8.689642548561096191e-01,3.777258605957031250e+02,6.832437133789062500e+02,8.345709443092346191e-01,3.578938903808593750e+02,6.792773437500000000e+02,8.904714584350585938e-01,3.777258605957031250e+02,7.090252685546875000e+02,8.668664693832397461e-01,3.440115051269531250e+02,7.070421142578125000e+02,8.876016139984130859e-01,3.836754760742187500e+02,7.387732543945312500e+02,7.339169979095458984e-01,3.360787048339843750e+02,7.387732543945312500e+02,8.851767778396606445e-01,3.876418762207031250e+02,7.486892700195312500e+02,8.427034616470336914e-01,3.380618896484375000e+02,7.665380859375000000e+02,8.963924646377563477e-01,3.697930908203125000e+02,7.724876708984375000e+02,8.751397728919982910e-01,3.499610900878906250e+02,7.705044555664062500e+02,8.405725359916687012e-01,3.678098754882812500e+02,8.121516113281250000e+02,9.052330851554870605e-01,3.459946899414062500e+02,8.141348266601562500e+02,6.940879225730895996e-01,3.678098754882812500e+02,8.478492431640625000e+02,7.947291731834411621e-01,3.380618896484375000e+02,8.478492431640625000e+02,7.350603342056274414e-01,3.697930908203125000e+02,6.653948974609375000e+02,9.279291033744812012e-01,3.638434753417968750e+02,6.951428833007812500e+02,8.861417174339294434e-01,3.598770751953125000e+02,7.705044555664062500e+02,8.828781247138977051e-01,3.757426757812500000e+02,8.656979980468750000e+02,6.561003923416137695e-01,3.459946899414062500e+02,8.656979980468750000e+02,5.733941197395324707e-01,3.777258605957031250e+02,8.637147827148437500e+02,6.862632632255554199e-01,3.340954895019531250e+02,8.617316284179687500e+02,6.426186561584472656e-01,3.638434753417968750e+02,8.518156127929687500e+02,5.935623645782470703e-01,3.340954895019531250e+02,8.518156127929687500e+02,6.865804791450500488e-01,3.275488272030428902e+02,6.656157001248088818e+02,6.832942285522079828e+01,2.047316128906371659e+02,1.000000000000000000e+00
7.122500000000000000e+04,2.570000000000000000e+02,1.092100000000000000e+04,5.900000000000000000e+01,3.646284790039062500e+02,6.873306274414062500e+02,8.261635303497314453e-01,3.667570800781250000e+02,6.830734252929687500e+02,8.802521228790283203e-01,3.603712463378906250e+02,6.809447631835937500e+02,8.236482143402099609e-01,3.688856811523437500e+02,6.830734252929687500e+02,7.791782021522521973e-01,3.497282104492187500e+02,6.809447631835937500e+02,8.567386269569396973e-01,3.710143127441406250e+02,7.086167602539062500e+02,8.330159783363342285e-01,3.369565429687500000e+02,7.043594970703125000e+02,9.026520252227783203e-01,3.752715454101562500e+02,7.341600952148437500e+02,8.438599109649658203e-01,3.284420776367187500e+02,7.384172973632812500e+02,8.940414786338806152e-01,3.795287475585937500e+02,7.469317626953125000e+02,8.862083554267883301e-01,3.305706787109375000e+02,7.682178344726562500e+02,8.942033648490905762e-01,3.603712463378906250e+02,7.703464355468750000e+02,8.366998434066772461e-01,3.412137451171875000e+02,7.682178344726562500e+02,8.286412954330444336e-01,3.603712463378906250e+02,8.107901000976562500e+02,8.746961951255798340e-01,3.348279113769531250e+02,8.107901000976562500e+02,8.061401247978210449e-01,3.624998779296875000e+02,8.491051025390625000e+02,7.969856262207031250e-01,3.305706787109375000e+02,8.512337036132812500e+02,8.123620152473449707e-01,3.624998779296875000e+02,6.660444946289062500e+02,9.010701179504394531e-01,3.561140136718750000e+02,6.958450927734375000e+02,9.205405712127685547e-01,3.497282104492187500e+02,7.682178344726562500e+02,9.132438302040100098e-01,3.710143127441406250e+02,8.682625732421875000e+02,6.696358919143676758e-01,3.369565429687500000e+02,8.661339721679687500e+02,8.560425043106079102e-01,3.752715454101562500e+02,8.661339721679687500e+02,6.667320728302001953e-01,3.284420776367187500e+02,8.661339721679687500e+02,8.263024687767028809e-01,3.582426452636718750e+02,8.576195068359375000e+02,7.157427668571472168e-01,3.263134765625000000e+02,8.554909057617187500e+02,8.222278952598571777e-01,3.138554526893634034e+02,6.636101456352338346e+02,7.184291280823396164e+01,2.142213769581251199e+02,1.000000000000000000e+00
7.122600000000000000e+04,2.570000000000000000e+02,1.091700000000000000e+04,6.000000000000000000e+01,3.576621704101562500e+02,6.867299804687500000e+02,8.606311082839965820e-01,3.598764038085937500e+02,6.800873413085937500e+02,8.904808163642883301e-01,3.510195312500000000e+02,6.800873413085937500e+02,8.695129752159118652e-01,3.643048400878906250e+02,6.823015747070312500e+02,8.425161242485046387e-01,3.421626586914062500e+02,6.778731079101562500e+02,9.029754400253295898e-01,3.643048400878906250e+02,7.066579589843750000e+02,8.879739642143249512e-01,3.288773498535156250e+02,7.044437255859375000e+02,9.100291132926940918e-01,3.687332763671875000e+02,7.332285766601562500e+02,7.999492883682250977e-01,3.200204772949218750e+02,7.376569824218750000e+02,8.889235258102416992e-01,3.731617126464843750e+02,7.465138549804687500e+02,8.661541938781738281e-01,3.222346801757812500e+02,7.664418334960937500e+02,9.180263280868530273e-01,3.554479675292968750e+02,7.686560668945312500e+02,8.625961542129516602e-01,3.333057861328125000e+02,7.686560668945312500e+02,8.553318977355957031e-01,3.510195312500000000e+02,8.129404296875000000e+02,8.735448718070983887e-01,3.288773498535156250e+02,8.129404296875000000e+02,7.715013623237609863e-01,3.510195312500000000e+02,8.527963256835937500e+02,8.088850378990173340e-01,3.222346801757812500e+02,8.527963256835937500e+02,7.589616775512695312e-01,3.554479675292968750e+02,6.645878295898437500e+02,9.286524057388305664e-01,3.488052978515625000e+02,6.933726196289062500e+02,9.064916372299194336e-01,3.443768615722656250e+02,7.664418334960937500e+02,8.913525342941284180e-01,3.576621704101562500e+02,8.749385375976562500e+02,6.797909140586853027e-01,3.310915527343750000e+02,8.705100708007812500e+02,8.326476812362670898e-01,3.620906066894531250e+02,8.705100708007812500e+02,7.308996915817260742e-01,3.244489135742187500e+02,8.705100708007812500e+02,8.055912256240844727e-01,3.465910949707031250e+02,8.638674316406250000e+02,7.644875645637512207e-01,3.178062438964843750e+02,8.572247924804687500e+02,8.357798457145690918e-01,3.044719865913527883e+02,6.575518526101135421e+02,7.478327104799132030e+01,2.233895658701255797e+02,1.000000000000000000e+00
7.122700000000000000e+04,2.570000000000000000e+02,1.091700000000000000e+04,6.100000000000000000e+01,3.486285095214843750e+02,6.839293823242187500e+02,8.847806453704833984e-01,3.530504150390625000e+02,6.795075073242187500e+02,9.075646996498107910e-01,3.442066345214843750e+02,6.772965698242187500e+02,9.017307162284851074e-01,3.574722900390625000e+02,6.817184448242187500e+02,8.221462965011596680e-01,3.331519165039062500e+02,6.772965698242187500e+02,8.975258469581604004e-01,3.574722900390625000e+02,7.082498168945312500e+02,8.891471028327941895e-01,3.198862304687500000e+02,7.038278808593750000e+02,9.015890359878540039e-01,3.663160705566406250e+02,7.369920654296875000e+02,7.793748378753662109e-01,3.110424499511718750e+02,7.392030029296875000e+02,8.797640204429626465e-01,3.663160705566406250e+02,7.480468139648437500e+02,8.321065902709960938e-01,3.132533874511718750e+02,7.679453125000000000e+02,8.622661828994750977e-01,3.464175720214843750e+02,7.723671875000000000e+02,8.014599680900573730e-01,3.243081359863281250e+02,7.723671875000000000e+02,8.191819787025451660e-01,3.442066345214843750e+02,8.187970581054687500e+02,8.614452481269836426e-01,3.198862304687500000e+02,8.165861206054687500e+02,6.936908960342407227e-01,3.419956970214843750e+02,8.585940551757812500e+02,7.984418272972106934e-01,3.132533874511718750e+02,8.541721801757812500e+02,8.580937981605529785e-01,3.486285095214843750e+02,6.618199462890625000e+02,9.034757018089294434e-01,3.419956970214843750e+02,6.949841308593750000e+02,9.141449332237243652e-01,3.353628540039062500e+02,7.701562500000000000e+02,8.790358901023864746e-01,3.442066345214843750e+02,8.807034912109375000e+02,6.608717441558837891e-01,3.220971679687500000e+02,8.718597412109375000e+02,9.244096279144287109e-01,3.508394775390625000e+02,8.784925537109375000e+02,7.740963101387023926e-01,3.154643554687500000e+02,8.718597412109375000e+02,8.738971352577209473e-01,3.397847290039062500e+02,8.674378662109375000e+02,8.146414756774902344e-01,3.110424499511718750e+02,8.563831176757812500e+02,8.539897203445434570e-01,2.982010150131786759e+02,6.548358379183416673e+02,7.566570087618185880e+01,2.266627205829588547e+02,1.000000000000000000e+00
7.122800000000000000e+04,2.570000000000000000e+02,1.091700000000000000e+04,6.200000000000000000e+01,3.408466491699218750e+02,6.807836914062500000e+02,8.880093693733215332e-01,3.451369018554687500e+02,6.764934692382812500e+02,9.145328402519226074e-01,3.365563964843750000e+02,6.764934692382812500e+02,8.861672282218933105e-01,3.494271545410156250e+02,6.786385498046875000e+02,8.464909791946411133e-01,3.258307800292968750e+02,6.764934692382812500e+02,9.107052087783813477e-01,3.515722656250000000e+02,7.065252075195312500e+02,8.978438973426818848e-01,3.129600219726562500e+02,7.022349243164062500e+02,9.460491538047790527e-01,3.601527709960937500e+02,7.344118041992187500e+02,8.322350978851318359e-01,3.043795166015625000e+02,7.365569458007812500e+02,8.981062769889831543e-01,3.580076599121093750e+02,7.494276733398437500e+02,8.017833828926086426e-01,3.043795166015625000e+02,7.665886840820312500e+02,8.748176693916320801e-01,3.387015380859375000e+02,7.708789672851562500e+02,8.554289340972900391e-01,3.151051635742187500e+02,7.708789672851562500e+02,8.649461269378662109e-01,3.365563964843750000e+02,8.180717163085937500e+02,9.360791444778442383e-01,3.151051635742187500e+02,8.159265747070312500e+02,7.868760824203491211e-01,3.322661437988281250e+02,8.609741821289062500e+02,8.631126284599304199e-01,3.086697692871093750e+02,8.566839599609375000e+02,9.092363119125366211e-01,3.387015380859375000e+02,6.614775390625000000e+02,9.223804473876953125e-01,3.344112854003906250e+02,6.936544189453125000e+02,9.219561219215393066e-01,3.279758911132812500e+02,7.708789672851562500e+02,8.725889325141906738e-01,3.365563964843750000e+02,8.802803344726562500e+02,7.828228473663330078e-01,3.172502746582031250e+02,8.759900512695312500e+02,9.699047803878784180e-01,3.408466491699218750e+02,8.781351928710937500e+02,8.594374656677246094e-01,3.108149108886718750e+02,8.759900512695312500e+02,9.105250239372253418e-01,3.301210327148437500e+02,8.674095458984375000e+02,8.338101506233215332e-01,3.065246582031250000e+02,8.588290405273437500e+02,8.863709568977355957e-01,2.917723918187798517e+02,6.564882857548881248e+02,7.487523378929796536e+01,2.234582756530068082e+02,1.000000000000000000e+00
7.122900000000000000e+04,2.570000000000000000e+02,1.091700000000000000e+04,6.300000000000000000e+01,3.331241455078125000e+02,6.818894653320312500e+02,8.582460880279541016e-01,3.375702514648437500e+02,6.774433593750000000e+02,8.941117525100708008e-01,3.286780090332031250e+02,6.752203369140625000e+02,8.728078007698059082e-01,3.397933349609375000e+02,6.774433593750000000e+02,8.332803845405578613e-01,3.175627136230468750e+02,6.752203369140625000e+02,8.850389122962951660e-01,3.420163879394531250e+02,7.041201171875000000e+02,8.395864963531494141e-01,3.042243347167968750e+02,7.018970336914062500e+02,8.706411719322204590e-01,3.486855773925781250e+02,7.307968750000000000e+02,8.750565052032470703e-01,2.953320922851562500e+02,7.352429809570312500e+02,8.746685385704040527e-01,3.509086303710937500e+02,7.463582763671875000e+02,8.394435644149780273e-01,2.953320922851562500e+02,7.663658447265625000e+02,8.469626307487487793e-01,3.331241455078125000e+02,7.663658447265625000e+02,8.509962558746337891e-01,3.108935241699218750e+02,7.685889282226562500e+02,8.256995677947998047e-01,3.286780090332031250e+02,8.152731933593750000e+02,8.857453465461730957e-01,3.086704406738281250e+02,8.152731933593750000e+02,7.936330437660217285e-01,3.242319030761718750e+02,8.597344360351562500e+02,8.826422095298767090e-01,3.020012817382812500e+02,8.575114135742187500e+02,7.694619894027709961e-01,3.309010620117187500e+02,6.618819580078125000e+02,8.898566365242004395e-01,3.242319030761718750e+02,6.907817382812500000e+02,9.022412896156311035e-01,3.220088195800781250e+02,7.663658447265625000e+02,8.825681805610656738e-01,3.309010620117187500e+02,8.819650878906250000e+02,7.752011418342590332e-01,3.064473876953125000e+02,8.752958984375000000e+02,7.623565793037414551e-01,3.331241455078125000e+02,8.797420043945312500e+02,8.345745801925659180e-01,2.997781982421875000e+02,8.730728149414062500e+02,7.812334299087524414e-01,3.197857666015625000e+02,8.664036254882812500e+02,8.067628145217895508e-01,2.997781982421875000e+02,8.619575195312500000e+02,7.564237713813781738e-01,2.805831662869465504e+02,6.558963415204523244e+02,7.603654961789641220e+01,2.272502583635234714e+02,1.000000000000000000e+00
7.123000000000000000e+04,2.570000000000000000e+02,1.088700000000000000e+04,6.400000000000000000e+01,3.244002075195312500e+02,6.790576171875000000e+02,8.697132468223571777e-01,3.289668884277343750e+02,6.744909057617187500e+02,8.873607516288757324e-01,3.198334960937500000e+02,6.722075805664062500e+02,8.877707719802856445e-01,3.335335998535156250e+02,6.767742919921875000e+02,8.720294237136840820e-01,3.107001037597656250e+02,6.722075805664062500e+02,8.984040617942810059e-01,3.358169555664062500e+02,7.041744995117187500e+02,8.630561232566833496e-01,2.947166442871093750e+02,6.996077880859375000e+02,9.212393760681152344e-01,3.426669921875000000e+02,7.338580322265625000e+02,8.088125586509704590e-01,2.878665771484375000e+02,7.361413574218750000e+02,8.922837376594543457e-01,3.449503479003906250e+02,7.475581054687500000e+02,8.619235754013061523e-01,2.855832519531250000e+02,7.681082763671875000e+02,8.959285616874694824e-01,3.244002075195312500e+02,7.703916625976562500e+02,8.216689229011535645e-01,2.992833557128906250e+02,7.703916625976562500e+02,8.378036618232727051e-01,3.198334960937500000e+02,8.206253662109375000e+02,8.968041539192199707e-01,2.992833557128906250e+02,8.183419799804687500e+02,7.611687779426574707e-01,3.152667846679687500e+02,8.640090332031250000e+02,8.753318190574645996e-01,2.970000000000000000e+02,8.594423217773437500e+02,8.599526882171630859e-01,3.244002075195312500e+02,6.562241210937500000e+02,9.317519664764404297e-01,3.175501403808593750e+02,6.904743652343750000e+02,9.541327357292175293e-01,3.107001037597656250e+02,7.681082763671875000e+02,8.737595081329345703e-01,3.198334960937500000e+02,8.845591430664062500e+02,7.927035093307495117e-01,2.992833557128906250e+02,8.777091064453125000e+02,9.120512008666992188e-01,3.244002075195312500e+02,8.822758178710937500e+02,9.183052778244018555e-01,2.924332885742187500e+02,8.754257812500000000e+02,8.512796759605407715e-01,3.129834594726562500e+02,8.685757446289062500e+02,8.394749164581298828e-01,2.970000000000000000e+02,8.594423217773437500e+02,7.908240556716918945e-01,2.744680147595038875e+02,6.519122162887136938e+02,7.757696430634268836e+01,2.326066815331715816e+02,1.000000000000000000e+00
7.123100000000000000e+04,2.570000000000000000e+02,1.088700000000000000e+04,6.500000000000000000e+01,3.166451110839843750e+02,6.787200927734375000e+02,8.888210654258728027e-01,3.212092590332031250e+02,6.741559448242187500e+02,9.219357967376708984e-01,3.143630371093750000e+02,6.718738403320312500e+02,9.082691669464111328e-01,3.257733764648437500e+02,6.764379882812500000e+02,8.561549782752990723e-01,3.029526977539062500e+02,6.718738403320312500e+02,8.821017742156982422e-01,3.280554504394531250e+02,7.038228149414062500e+02,8.050842881202697754e-01,2.892602844238281250e+02,6.992586669921875000e+02,8.754684925079345703e-01,3.371837158203125000e+02,7.312076416015625000e+02,7.928922772407531738e-01,2.778499755859375000e+02,7.334896850585937500e+02,8.886639475822448730e-01,3.371837158203125000e+02,7.449000244140625000e+02,8.725579380989074707e-01,2.778499755859375000e+02,7.654386596679687500e+02,8.448063731193542480e-01,3.166451110839843750e+02,7.677207031250000000e+02,7.598443031311035156e-01,2.915423583984375000e+02,7.677207031250000000e+02,7.966944575309753418e-01,3.120809631347656250e+02,8.179262084960937500e+02,8.237294554710388184e-01,2.938244323730468750e+02,8.179262084960937500e+02,5.900860428810119629e-01,3.052347717285156250e+02,8.635675659179687500e+02,7.564651966094970703e-01,2.938244323730468750e+02,8.658496093750000000e+02,6.347800493240356445e-01,3.166451110839843750e+02,6.558994140625000000e+02,8.985290527343750000e-01,3.097989196777343750e+02,6.878483276367187500e+02,8.738301992416381836e-01,3.029526977539062500e+02,7.654386596679687500e+02,8.238246440887451172e-01,3.097989196777343750e+02,8.863882446289062500e+02,7.257934808731079102e-01,2.915423583984375000e+02,8.818240966796875000e+02,4.603199064731597900e-01,3.143630371093750000e+02,8.818240966796875000e+02,7.447605133056640625e-01,2.824140930175781250e+02,8.795419921875000000e+02,5.512144565582275391e-01,3.029526977539062500e+02,8.681317138671875000e+02,6.411034464836120605e-01,2.938244323730468750e+02,8.704137573242187500e+02,6.248893141746520996e-01,2.699809815198194656e+02,6.487139282031753282e+02,7.875357736540854603e+01,2.344851489239987359e+02,1.000000000000000000e+00
7.123200000000000000e+04,2.570000000000000000e+02,1.091100000000000000e+04,6.600000000000000000e+01,3.092260742187500000e+02,6.776127319335937500e+02,8.796704411506652832e-01,3.116740722656250000e+02,6.727166748046875000e+02,9.046218991279602051e-01,3.043300170898437500e+02,6.727166748046875000e+02,9.243344664573669434e-01,3.190181884765625000e+02,6.751647338867187500e+02,8.784324526786804199e-01,2.945379028320312500e+02,6.702686767578125000e+02,8.767429590225219727e-01,3.214661865234375000e+02,7.020930175781250000e+02,8.445392251014709473e-01,2.798497314453125000e+02,6.996450195312500000e+02,8.555800914764404297e-01,3.288103027343750000e+02,7.314693603515625000e+02,7.657704353332519531e-01,2.676095581054687500e+02,7.363654174804687500e+02,8.627547621726989746e-01,3.288103027343750000e+02,7.486055908203125000e+02,7.412889003753662109e-01,2.676095581054687500e+02,7.681898193359375000e+02,8.185111284255981445e-01,3.092260742187500000e+02,7.681898193359375000e+02,7.152557373046875000e-01,2.847457885742187500e+02,7.706378173828125000e+02,7.546465396881103516e-01,3.043300170898437500e+02,8.171503906250000000e+02,7.535659074783325195e-01,2.847457885742187500e+02,8.171503906250000000e+02,6.130259633064270020e-01,2.994339599609375000e+02,8.661109619140625000e+02,7.787352204322814941e-01,2.896418457031250000e+02,8.636629028320312500e+02,6.161532402038574219e-01,3.067780151367187500e+02,6.555805053710937500e+02,9.041152000427246094e-01,3.018819580078125000e+02,6.898529052734375000e+02,8.773331046104431152e-01,2.969859008789062500e+02,7.657417602539062500e+02,7.604380249977111816e-01,3.067780151367187500e+02,8.856951904296875000e+02,5.857846140861511230e-01,2.871937866210937500e+02,8.759030761718750000e+02,4.173049330711364746e-01,3.092260742187500000e+02,8.832471313476562500e+02,6.088268160820007324e-01,2.798497314453125000e+02,8.759030761718750000e+02,5.438747406005859375e-01,2.920898437500000000e+02,8.734550170898437500e+02,6.016938090324401855e-01,2.822977294921875000e+02,8.685589599609375000e+02,6.063168048858642578e-01,2.567923053156633841e+02,6.453072843053757879e+02,8.290472087143325552e+01,2.461259391554310696e+02,1.000000000000000000e+00
7.123300000000000000e+04,2.570000000000000000e+02,1.088700000000000000e+04,6.700000000000000000e+01,3.011095581054687500e+02,6.767281494140625000e+02,9.122318625450134277e-01,3.061057128906250000e+02,6.717319946289062500e+02,9.570729732513427734e-01,2.961134033203125000e+02,6.717319946289062500e+02,9.266533255577087402e-01,3.111018676757812500e+02,6.767281494140625000e+02,9.059170484542846680e-01,2.861210937500000000e+02,6.717319946289062500e+02,8.875447511672973633e-01,3.135999145507812500e+02,7.067050781250000000e+02,8.738577961921691895e-01,2.711326293945312500e+02,7.017089233398437500e+02,8.833352923393249512e-01,3.210941772460937500e+02,7.341838989257812500e+02,7.972602844238281250e-01,2.586422119140625000e+02,7.391800537109375000e+02,9.446826577186584473e-01,3.235922241210937500e+02,7.466743164062500000e+02,8.406223654747009277e-01,2.611403198242187500e+02,7.716550903320312500e+02,8.954610824584960938e-01,3.011095581054687500e+02,7.741531372070312500e+02,8.146335482597351074e-01,2.761287841796875000e+02,7.741531372070312500e+02,8.102883696556091309e-01,2.961134033203125000e+02,8.291108398437500000e+02,9.383181929588317871e-01,2.811249389648437500e+02,8.291108398437500000e+02,7.617127299308776855e-01,2.886191406250000000e+02,8.740762329101562500e+02,8.324314951896667480e-01,2.861210937500000000e+02,8.765743408203125000e+02,7.205847501754760742e-01,3.011095581054687500e+02,6.567435302734375000e+02,9.395493865013122559e-01,2.936152954101562500e+02,6.892185058593750000e+02,9.134942293167114258e-01,2.886191406250000000e+02,7.741531372070312500e+02,8.869188427925109863e-01,3.011095581054687500e+02,8.890646972656250000e+02,8.440852165222167969e-01,3.011095581054687500e+02,8.915628051757812500e+02,7.183011770248413086e-01,3.036076049804687500e+02,8.865666503906250000e+02,8.547092676162719727e-01,2.961134033203125000e+02,8.940608520507812500e+02,7.239390015602111816e-01,2.811249389648437500e+02,8.840685424804687500e+02,7.471641302108764648e-01,2.811249389648437500e+02,8.865666503906250000e+02,6.875974535942077637e-01,2.475710432357794275e+02,6.414287744521609511e+02,8.561214596143923927e+01,2.537717541699155390e+02,1.000000000000000000e+00
7.123400000000000000e+04,2.570000000000000000e+02,1.088700000000000000e+04,6.800000000000000000e+01,2.936967163085937500e+02,6.745280151367187500e+02,8.828719854354858398e-01,2.984555358886718750e+02,6.697692260742187500e+02,8.858559727668762207e-01,2.889378967285156250e+02,6.697692260742187500e+02,9.150531291961669922e-01,3.008349609375000000e+02,6.721486206054687500e+02,8.225145936012268066e-01,2.770408325195312500e+02,6.697692260742187500e+02,8.751195073127746582e-01,3.032143554687500000e+02,7.030809936523437500e+02,8.765334486961364746e-01,2.603849487304687500e+02,7.007015380859375000e+02,9.132937192916870117e-01,3.127319946289062500e+02,7.316339111328125000e+02,8.248231410980224609e-01,2.508673095703125000e+02,7.363927001953125000e+02,9.207943081855773926e-01,3.127319946289062500e+02,7.482897949218750000e+02,8.310939073562622070e-01,2.532467346191406250e+02,7.697044677734375000e+02,8.883697390556335449e-01,2.936967163085937500e+02,7.697044677734375000e+02,8.215799331665039062e-01,2.675231933593750000e+02,7.697044677734375000e+02,8.258675336837768555e-01,2.865584716796875000e+02,8.220515136718750000e+02,9.097204804420471191e-01,2.699026184082031250e+02,8.220515136718750000e+02,7.170252799987792969e-01,2.817996520996093750e+02,8.672603149414062500e+02,7.928713560104370117e-01,2.770408325195312500e+02,8.672603149414062500e+02,7.035834789276123047e-01,2.913172912597656250e+02,6.531133422851562500e+02,9.007863998413085938e-01,2.841790771484375000e+02,6.888045043945312500e+02,9.378113150596618652e-01,2.817996520996093750e+02,7.697044677734375000e+02,8.936865329742431641e-01,2.913172912597656250e+02,8.886750488281250000e+02,5.794351696968078613e-01,2.936967163085937500e+02,8.886750488281250000e+02,6.810037493705749512e-01,2.936967163085937500e+02,8.862955932617187500e+02,6.640782356262207031e-01,2.865584716796875000e+02,8.910544433593750000e+02,6.550718545913696289e-01,2.770408325195312500e+02,8.791574096679687500e+02,6.189607977867126465e-01,2.770408325195312500e+02,8.791574096679687500e+02,6.479717493057250977e-01,2.393764897686302220e+02,6.442360767282727920e+02,8.441608035586182268e+01,2.488439646058660628e+02,1.000000000000000000e+00
7.123500000000000000e+04,2.570000000000000000e+02,1.088700000000000000e+04,6.900000000000000000e+01,2.846367187500000000e+02,6.747249145507812500e+02,8.905449509620666504e-01,2.895756835937500000e+02,6.697858886718750000e+02,8.970041275024414062e-01,2.796977233886718750e+02,6.697858886718750000e+02,9.171389937400817871e-01,2.920451965332031250e+02,6.722553710937500000e+02,8.800083398818969727e-01,2.673502502441406250e+02,6.697858886718750000e+02,9.088667631149291992e-01,2.969841918945312500e+02,7.018893432617187500e+02,8.826032280921936035e-01,2.525332946777343750e+02,6.994197998046875000e+02,9.299205541610717773e-01,3.043926696777343750e+02,7.315232543945312500e+02,8.249686360359191895e-01,2.426553192138671875e+02,7.364622192382812500e+02,8.947444558143615723e-01,3.068621520996093750e+02,7.488096923828125000e+02,7.855156064033508301e-01,2.451248016357421875e+02,7.710351562500000000e+02,8.391111493110656738e-01,2.871062011718750000e+02,7.685656738281250000e+02,7.772104144096374512e-01,2.599417724609375000e+02,7.710351562500000000e+02,8.008242249488830566e-01,2.796977233886718750e+02,8.228945312500000000e+02,8.401215672492980957e-01,2.574722900390625000e+02,8.204250488281250000e+02,6.675804853439331055e-01,2.722892456054687500e+02,8.698148803710937500e+02,8.120232224464416504e-01,2.698197326660156250e+02,8.698148803710937500e+02,5.744124650955200195e-01,2.821672058105468750e+02,6.524994506835937500e+02,9.268450736999511719e-01,2.772282409667968750e+02,6.870723876953125000e+02,9.411638379096984863e-01,2.722892456054687500e+02,7.685656738281250000e+02,8.642485737800598145e-01,2.722892456054687500e+02,8.920403442382812500e+02,6.951350569725036621e-01,2.772282409667968750e+02,8.920403442382812500e+02,4.715780913829803467e-01,2.796977233886718750e+02,8.895708618164062500e+02,7.244293093681335449e-01,2.698197326660156250e+02,8.895708618164062500e+02,4.997293651103973389e-01,2.698197326660156250e+02,8.772233886718750000e+02,7.310519218444824219e-01,2.698197326660156250e+02,8.747539062500000000e+02,5.271119475364685059e-01,2.306382308161438459e+02,6.448713871951949841e+02,8.636114881175183200e+01,2.526948416766716718e+02,1.000000000000000000e+00
7.123600000000000000e+04,2.570000000000000000e+02,1.092200000000000000e+04,7.000000000000000000e+01,2.752854309082031250e+02,6.758532714843750000e+02,8.957846164703369141e-01,2.803054199218750000e+02,6.708333129882812500e+02,9.027774930000305176e-01,2.702654724121093750e+02,6.708333129882812500e+02,9.062678217887878418e-01,2.853253784179687500e+02,6.733433227539062500e+02,8.689564466476440430e-01,2.602255249023437500e+02,6.683233642578125000e+02,8.749286532402038574e-01,2.878353881835937500e+02,7.009531860351562500e+02,8.681391477584838867e-01,2.426556091308593750e+02,6.984431762695312500e+02,8.965507149696350098e-01,2.953653259277343750e+02,7.335830078125000000e+02,8.020268678665161133e-01,2.326156616210937500e+02,7.386029663085937500e+02,8.745310306549072266e-01,2.978753356933593750e+02,7.486429443359375000e+02,8.334069848060607910e-01,2.326156616210937500e+02,7.762527465820312500e+02,8.612258434295654297e-01,2.752854309082031250e+02,7.762527465820312500e+02,7.827122807502746582e-01,2.501855773925781250e+02,7.762527465820312500e+02,8.175626397132873535e-01,2.702654724121093750e+02,8.289625244140625000e+02,8.839587569236755371e-01,2.526955566406250000e+02,8.264525146484375000e+02,6.852507591247558594e-01,2.627355041503906250e+02,8.766522216796875000e+02,8.358989953994750977e-01,2.602255249023437500e+02,8.766522216796875000e+02,6.587849855422973633e-01,2.752854309082031250e+02,6.507534179687500000e+02,8.915646672248840332e-01,2.677554931640625000e+02,6.884032592773437500e+02,9.031296372413635254e-01,2.627355041503906250e+02,7.737427978515625000e+02,8.299735784530639648e-01,2.752854309082031250e+02,8.967321166992187500e+02,6.723161339759826660e-01,2.752854309082031250e+02,8.967321166992187500e+02,5.962141752243041992e-01,2.777954406738281250e+02,8.942221679687500000e+02,7.525061964988708496e-01,2.652454833984375000e+02,8.992421264648437500e+02,6.349832415580749512e-01,2.602255249023437500e+02,8.841821899414062500e+02,7.206037640571594238e-01,2.602255249023437500e+02,8.841821899414062500e+02,6.427798271179199219e-01,2.226343598694343484e+02,6.439384047657417796e+02,8.777128739308673744e+01,2.567466118353331694e+02,1.000000000000000000e+00
7.123700000000000000e+04,2.570000000000000000e+02,1.088700000000000000e+04,7.100000000000000000e+01,2.677923889160156250e+02,6.747769775390625000e+02,9.218113422393798828e-01,2.729459533691406250e+02,6.696234130859375000e+02,9.305540323257446289e-01,2.626387939453125000e+02,6.696234130859375000e+02,9.312037825584411621e-01,2.755227355957031250e+02,6.722001953125000000e+02,8.644725084304809570e-01,2.497548675537109375e+02,6.696234130859375000e+02,8.795488476753234863e-01,2.780995178222656250e+02,7.031216430664062500e+02,8.379606604576110840e-01,2.342941436767578125e+02,6.979680175781250000e+02,9.128471612930297852e-01,2.884066772460937500e+02,7.314663085937500000e+02,8.157676458358764648e-01,2.239869995117187500e+02,7.391966552734375000e+02,8.336793184280395508e-01,2.909834594726562500e+02,7.495037841796875000e+02,8.658754229545593262e-01,2.265637817382812500e+02,7.752716674804687500e+02,8.123638033866882324e-01,2.703691711425781250e+02,7.726948852539062500e+02,7.484133243560791016e-01,2.446012878417968750e+02,7.752716674804687500e+02,7.667806148529052734e-01,2.600620117187500000e+02,8.293842163085937500e+02,6.987531185150146484e-01,2.549084472656250000e+02,8.293842163085937500e+02,6.848601102828979492e-01,2.549084472656250000e+02,8.783431396484375000e+02,6.270481348037719727e-01,2.549084472656250000e+02,8.834967041015625000e+02,8.014525771141052246e-01,2.652155761718750000e+02,6.515858764648437500e+02,9.106009602546691895e-01,2.600620117187500000e+02,6.876608886718750000e+02,8.854103684425354004e-01,2.574852294921875000e+02,7.726948852539062500e+02,8.019776344299316406e-01,3.167513427734375000e+02,8.963806762695312500e+02,5.262232422828674316e-01,2.729459533691406250e+02,9.015342407226562500e+02,8.592889308929443359e-01,3.167513427734375000e+02,8.938038940429687500e+02,5.313388109207153320e-01,2.626387939453125000e+02,9.041110229492187500e+02,8.399413228034973145e-01,2.935602416992187500e+02,8.912271118164062500e+02,4.861404597759246826e-01,2.497548675537109375e+02,8.938038940429687500e+02,7.672839760780334473e-01,2.142789840097007072e+02,6.440355084117812794e+02,8.932695525901249312e+01,2.626234390463941963e+02,1.000000000000000000e+00
7.123800000000000000e+04,2.570000000000000000e+02,1.088700000000000000e+04,7.200000000000000000e+01,2.581727600097656250e+02,6.753868408203125000e+02,9.146234989166259766e-01,2.633103027343750000e+02,6.702492675781250000e+02,9.394845962524414062e-01,2.530352325439453125e+02,6.676805419921875000e+02,9.305539131164550781e-01,2.658790588378906250e+02,6.728180541992187500e+02,9.107045531272888184e-01,2.427601623535156250e+02,6.702492675781250000e+02,9.270448088645935059e-01,2.710166015625000000e+02,7.036432495117187500e+02,8.459216356277465820e-01,2.273475494384765625e+02,7.010745239257812500e+02,9.207351207733154297e-01,2.812916870117187500e+02,7.318997192382812500e+02,8.562155365943908691e-01,2.170724792480468750e+02,7.447435302734375000e+02,8.539186120033264160e-01,2.838604431152343750e+02,7.498811035156250000e+02,8.116326332092285156e-01,2.170724792480468750e+02,7.781375122070312500e+02,8.641768693923950195e-01,2.607415466308593750e+02,7.755687866210937500e+02,8.014073967933654785e-01,2.350538635253906250e+02,7.755687866210937500e+02,8.116006851196289062e-01,2.504664611816406250e+02,8.320816650390625000e+02,8.506266474723815918e-01,2.453289337158203125e+02,8.320816650390625000e+02,7.541391849517822266e-01,2.453289337158203125e+02,8.808882446289062500e+02,7.224330902099609375e-01,2.427601623535156250e+02,8.860257568359375000e+02,7.674272060394287109e-01,2.556040039062500000e+02,6.522679443359375000e+02,9.020494222640991211e-01,2.504664611816406250e+02,6.856619262695312500e+02,9.154443740844726562e-01,2.478976898193359375e+02,7.730000000000000000e+02,8.439800739288330078e-01,2.581727600097656250e+02,8.988696289062500000e+02,4.728511869907379150e-01,2.581727600097656250e+02,9.040071411132812500e+02,7.896121740341186523e-01,2.607415466308593750e+02,8.988696289062500000e+02,4.680181741714477539e-01,2.504664611816406250e+02,9.065759277343750000e+02,7.960622906684875488e-01,2.427601623535156250e+02,8.860257568359375000e+02,5.528361797332763672e-01,2.401913909912109375e+02,8.963008422851562500e+02,7.885330319404602051e-01,2.034417197637872050e+02,6.445597928104782568e+02,8.989991118594264208e+01,2.642424233906543805e+02,1.000000000000000000e+00
7.123900000000000000e+04,2.570000000000000000e+02,1.088700000000000000e+04,7.300000000000000000e+01,2.497866363525390625e+02,6.748037109375000000e+02,9.179812669754028320e-01,2.551451873779296875e+02,6.694451904296875000e+02,9.213634729385375977e-01,2.444280853271484375e+02,6.694451904296875000e+02,9.374313354492187500e-01,2.578244628906250000e+02,6.721244506835937500e+02,8.953444361686706543e-01,2.310317230224609375e+02,6.694451904296875000e+02,8.798304200172424316e-01,2.605037231445312500e+02,7.015964355468750000e+02,8.634417057037353516e-01,2.176353607177734375e+02,7.015964355468750000e+02,9.050095081329345703e-01,2.739000854492187500e+02,7.310684814453125000e+02,8.648979067802429199e-01,2.069182739257812500e+02,7.417855224609375000e+02,8.971350193023681641e-01,2.765793762207031250e+02,7.498233642578125000e+02,8.116828799247741699e-01,2.095975341796875000e+02,7.766160888671875000e+02,8.468181490898132324e-01,2.524659118652343750e+02,7.739368286132812500e+02,7.985383272171020508e-01,2.283524475097656250e+02,7.766160888671875000e+02,8.200789690017700195e-01,2.417488098144531250e+02,8.328808593750000000e+02,7.480221390724182129e-01,2.363902740478515625e+02,8.328808593750000000e+02,8.144632577896118164e-01,2.363902740478515625e+02,8.811077270507812500e+02,6.966152191162109375e-01,2.363902740478515625e+02,8.864663085937500000e+02,7.820814251899719238e-01,2.471073608398437500e+02,6.506902465820312500e+02,9.101070761680603027e-01,2.417488098144531250e+02,6.882000732421875000e+02,8.806125521659851074e-01,2.417488098144531250e+02,7.739368286132812500e+02,8.675162196159362793e-01,2.417488098144531250e+02,8.891455688476562500e+02,2.950387597084045410e-01,2.524659118652343750e+02,9.052211914062500000e+02,7.934294342994689941e-01,2.524659118652343750e+02,8.971834106445312500e+02,3.384350836277008057e-01,2.444280853271484375e+02,9.079004516601562500e+02,8.476469516754150391e-01,2.337109985351562500e+02,8.864663085937500000e+02,5.177483558654785156e-01,2.337109985351562500e+02,8.945040893554687500e+02,7.865441441535949707e-01,1.943814860108573725e+02,6.435795406181188127e+02,9.231316069094731347e+01,2.720786238041109755e+02,1.000000000000000000e+00
7.124000000000000000e+04,2.570000000000000000e+02,1.088700000000000000e+04,7.400000000000000000e+01,2.403005828857421875e+02,6.736284790039062500e+02,9.128406643867492676e-01,2.457323455810546875e+02,6.681967163085937500e+02,9.285976886749267578e-01,2.348688049316406250e+02,6.681967163085937500e+02,9.336903095245361328e-01,2.511641082763671875e+02,6.709125976562500000e+02,8.683472871780395508e-01,2.240052795410156250e+02,6.681967163085937500e+02,8.937993049621582031e-01,2.538799896240234375e+02,7.007872924804687500e+02,8.873238563537597656e-01,2.077099761962890625e+02,7.007872924804687500e+02,9.276052713394165039e-01,2.674594116210937500e+02,7.306620483398437500e+02,8.622900843620300293e-01,1.995623168945312500e+02,7.442414550781250000e+02,8.987419605255126953e-01,2.701752929687500000e+02,7.496732177734375000e+02,7.987328767776489258e-01,1.995623168945312500e+02,7.795479125976562500e+02,8.633505105972290039e-01,2.430164642333984375e+02,7.741161499023437500e+02,8.043452501296997070e-01,2.185735015869140625e+02,7.741161499023437500e+02,8.261842131614685059e-01,2.321529235839843750e+02,8.338656005859375000e+02,7.973136901855468750e-01,2.240052795410156250e+02,8.338656005859375000e+02,7.463590502738952637e-01,2.267211608886718750e+02,8.854674072265625000e+02,7.260506153106689453e-01,2.267211608886718750e+02,8.881832885742187500e+02,7.394434809684753418e-01,2.375846862792968750e+02,6.491854858398437500e+02,8.998029828071594238e-01,2.348688049316406250e+02,6.872078857421875000e+02,8.961562514305114746e-01,2.294370422363281250e+02,7.741161499023437500e+02,8.638787269592285156e-01,2.457323455810546875e+02,9.099103393554687500e+02,5.016299486160278320e-01,2.457323455810546875e+02,9.153421630859375000e+02,9.108378291130065918e-01,2.457323455810546875e+02,9.071944580078125000e+02,5.636071562767028809e-01,2.375846862792968750e+02,9.153421630859375000e+02,9.056795835494995117e-01,2.240052795410156250e+02,8.908991699218750000e+02,5.617946982383728027e-01,2.240052795410156250e+02,8.990468139648437500e+02,7.746464014053344727e-01,1.846818577549822464e+02,6.421906327471067470e+02,9.371955963047551563e+01,2.773937408617957772e+02,1.000000000000000000e+00
7.124100000000000000e+04,2.570000000000000000e+02,1.088700000000000000e+04,7.500000000000000000e+01,2.310481567382812500e+02,6.742853393554687500e+02,9.191247820854187012e-01,2.364548950195312500e+02,6.661752319335937500e+02,9.532002210617065430e-01,2.256414184570312500e+02,6.661752319335937500e+02,9.336645007133483887e-01,2.418616180419921875e+02,6.688786010742187500e+02,9.424837231636047363e-01,2.148279418945312500e+02,6.688786010742187500e+02,9.258030056953430176e-01,2.445649871826171875e+02,6.986156616210937500e+02,8.750985264778137207e-01,1.986077423095703125e+02,6.986156616210937500e+02,9.043918251991271973e-01,2.607851867675781250e+02,7.310560302734375000e+02,8.767831921577453613e-01,1.904976348876953125e+02,7.418695068359375000e+02,8.919972181320190430e-01,2.634885559082031250e+02,7.499796142578125000e+02,8.041306138038635254e-01,1.877942657470703125e+02,7.797166748046875000e+02,8.816485404968261719e-01,2.364548950195312500e+02,7.770133056640625000e+02,8.256183266639709473e-01,2.121245727539062500e+02,7.770133056640625000e+02,8.005505800247192383e-01,2.256414184570312500e+02,8.337840576171875000e+02,7.994190454483032227e-01,2.202346801757812500e+02,8.364874267578125000e+02,8.321979641914367676e-01,2.175313110351562500e+02,8.824446411132812500e+02,6.199684143066406250e-01,2.202346801757812500e+02,8.932581176757812500e+02,7.998861670494079590e-01,2.283447875976562500e+02,6.499550170898437500e+02,9.163803458213806152e-01,2.256414184570312500e+02,6.850988159179687500e+02,9.250975847244262695e-01,2.229380493164062500e+02,7.770133056640625000e+02,8.801062107086181641e-01,2.310481567382812500e+02,8.986648559570312500e+02,4.327538907527923584e-01,2.364548950195312500e+02,9.175884399414062500e+02,9.127526879310607910e-01,2.337515258789062500e+02,8.986648559570312500e+02,5.043354630470275879e-01,2.256414184570312500e+02,9.175884399414062500e+02,8.225427269935607910e-01,2.094212036132812500e+02,8.851480102539062500e+02,5.478684306144714355e-01,2.148279418945312500e+02,9.040715942382812500e+02,7.481643557548522949e-01,1.769948069932990506e+02,6.421966789547757344e+02,9.422375133755377874e+01,2.784913487939202241e+02,1.000000000000000000e+00
7.124200000000000000e+04,2.570000000000000000e+02,1.091700000000000000e+04,7.600000000000000000e+01,2.214971771240234375e+02,6.703657836914062500e+02,9.255861043930053711e-01,2.270169525146484375e+02,6.648459472656250000e+02,9.373447299003601074e-01,2.187372894287109375e+02,6.648459472656250000e+02,9.368191957473754883e-01,2.325367431640625000e+02,6.676058349609375000e+02,9.063706398010253906e-01,2.049378204345703125e+02,6.648459472656250000e+02,9.106948971748352051e-01,2.408164215087890625e+02,6.979646606445312500e+02,8.969825506210327148e-01,1.911383666992187500e+02,6.979646606445312500e+02,9.627472162246704102e-01,2.518559875488281250e+02,7.283234863281250000e+02,9.113762378692626953e-01,1.800988006591796875e+02,7.421229248046875000e+02,8.851251602172851562e-01,2.573757629394531250e+02,7.476427001953125000e+02,8.431318402290344238e-01,1.773389129638671875e+02,7.807614135742187500e+02,9.095912575721740723e-01,2.242570648193359375e+02,7.835213012695312500e+02,8.585833907127380371e-01,1.966581573486328125e+02,7.835213012695312500e+02,8.603041768074035645e-01,2.159773864746093750e+02,8.387191162109375000e+02,9.190303087234497070e-01,1.911383666992187500e+02,8.387191162109375000e+02,7.412558197975158691e-01,2.104576110839843750e+02,8.911571044921875000e+02,7.795047163963317871e-01,2.076977233886718750e+02,8.939169921875000000e+02,6.010472178459167480e-01,2.214971771240234375e+02,6.455267333984375000e+02,9.323914051055908203e-01,2.159773864746093750e+02,6.841652221679687500e+02,9.592232704162597656e-01,2.104576110839843750e+02,7.807614135742187500e+02,9.262533783912658691e-01,2.214971771240234375e+02,9.187559814453125000e+02,7.515928149223327637e-01,2.242570648193359375e+02,9.187559814453125000e+02,6.217229962348937988e-01,2.242570648193359375e+02,9.132362060546875000e+02,7.915513515472412109e-01,2.132174987792968750e+02,9.215158691406250000e+02,6.446484923362731934e-01,2.076977233886718750e+02,8.994367675781250000e+02,6.995185613632202148e-01,2.076977233886718750e+02,9.021966552734375000e+02,6.239167451858520508e-01,1.654839596623334330e+02,6.392534415849460174e+02,9.587729053115990041e+01,2.825179274552561992e+02,1.000000000000000000e+00
7.124300000000000000e+04,2.570000000000000000e+02,1.088700000000000000e+04,7.700000000000000000e+01,2.131430206298828125e+02,6.701438598632812500e+02,8.994887471199035645e-01,2.185719604492187500e+02,6.647149047851562500e+02,9.217635989189147949e-01,2.077140655517578125e+02,6.620004272460937500e+02,9.146588444709777832e-01,2.240009155273437500e+02,6.674293823242187500e+02,9.458677768707275391e-01,1.968561706542968750e+02,6.647149047851562500e+02,9.238809347152709961e-01,2.348588104248046875e+02,7.000030517578125000e+02,9.048252701759338379e-01,1.805693206787109375e+02,6.972885742187500000e+02,9.292609691619873047e-01,2.457167205810546875e+02,7.352912597656250000e+02,8.820956349372863770e-01,1.697114105224609375e+02,7.434346923828125000e+02,9.046807289123535156e-01,2.511456604003906250e+02,7.488636474609375000e+02,8.058301806449890137e-01,1.697114105224609375e+02,7.841517944335937500e+02,9.193683862686157227e-01,2.185719604492187500e+02,7.868662719726562500e+02,8.721132874488830566e-01,1.887127380371093750e+02,7.841517944335937500e+02,8.859978318214416504e-01,2.077140655517578125e+02,8.438702392578125000e+02,8.522276878356933594e-01,1.995706329345703125e+02,8.438702392578125000e+02,8.389623165130615234e-01,2.022851104736328125e+02,9.008742065429687500e+02,6.774644851684570312e-01,2.049995880126953125e+02,9.035886840820312500e+02,8.204867839813232422e-01,2.104285430908203125e+02,6.457135620117187500e+02,9.061397910118103027e-01,2.077140655517578125e+02,6.837162475585937500e+02,9.128157496452331543e-01,2.049995880126953125e+02,7.841517944335937500e+02,9.191531538963317871e-01,2.185719604492187500e+02,9.198755493164062500e+02,7.727227807044982910e-01,2.240009155273437500e+02,9.225900268554687500e+02,8.414542675018310547e-01,2.212864379882812500e+02,9.144465942382812500e+02,8.225608468055725098e-01,2.104285430908203125e+02,9.253045043945312500e+02,8.688360452651977539e-01,1.968561706542968750e+02,9.090176391601562500e+02,5.763652324676513672e-01,1.995706329345703125e+02,9.171610717773437500e+02,7.570522427558898926e-01,1.580136161572297908e+02,6.436346680333118684e+02,9.601289073660632312e+01,2.809194479646482705e+02,1.000000000000000000e+00
7.124400000000000000e+04,2.570000000000000000e+02,1.088700000000000000e+04,7.800000000000000000e+01,2.077994537353515625e+02,6.687348022460937500e+02,9.158231616020202637e-01,2.105693359375000000e+02,6.631950683593750000e+02,9.295680522918701172e-01,2.022597045898437500e+02,6.631950683593750000e+02,9.160651564598083496e-01,2.161090850830078125e+02,6.659649047851562500e+02,9.255396723747253418e-01,1.884103240966796875e+02,6.631950683593750000e+02,8.871374726295471191e-01,2.271885986328125000e+02,6.964335937500000000e+02,9.034781455993652344e-01,1.717910614013671875e+02,6.964335937500000000e+02,9.129572510719299316e-01,2.410379791259765625e+02,7.296721191406250000e+02,8.490202426910400391e-01,1.607115478515625000e+02,7.435214843750000000e+02,9.196814298629760742e-01,2.493476104736328125e+02,7.462913818359375000e+02,7.977172136306762695e-01,1.607115478515625000e+02,7.850696411132812500e+02,9.337886571884155273e-01,2.133392181396484375e+02,7.878394775390625000e+02,8.675638437271118164e-01,1.801006927490234375e+02,7.878394775390625000e+02,8.703097105026245117e-01,1.994898223876953125e+02,8.460069580078125000e+02,8.313165903091430664e-01,1.884103240966796875e+02,8.487767944335937500e+02,8.424636721611022949e-01,1.967199554443359375e+02,9.014044799804687500e+02,4.437208771705627441e-01,1.939500732421875000e+02,9.069442138671875000e+02,8.499157428741455078e-01,2.050295867919921875e+02,6.438059082031250000e+02,9.364894032478332520e-01,2.022597045898437500e+02,6.825841674804687500e+02,9.436275959014892578e-01,1.967199554443359375e+02,7.850696411132812500e+02,9.203471541404724121e-01,2.105693359375000000e+02,9.180237426757812500e+02,6.245535612106323242e-01,2.133392181396484375e+02,9.235634765625000000e+02,8.515882492065429688e-01,2.105693359375000000e+02,9.152538452148437500e+02,6.561384201049804688e-01,2.022597045898437500e+02,9.263333740234375000e+02,8.932904005050659180e-01,1.884103240966796875e+02,9.097141113281250000e+02,3.131121695041656494e-01,1.911801910400390625e+02,9.180237426757812500e+02,7.965677380561828613e-01,1.496276035897716952e+02,6.423258692122255979e+02,9.692087493604427095e+01,2.838482056649346532e+02,1.000000000000000000e+00
7.124500000000000000e+04,2.570000000000000000e+02,1.091700000000000000e+04,7.900000000000000000e+01,1.985529937744140625e+02,6.693096923828125000e+02,9.431770443916320801e-01,2.012709503173828125e+02,6.611558227539062500e+02,9.493943452835083008e-01,1.931170654296875000e+02,6.611558227539062500e+02,9.422585964202880859e-01,2.094248352050781250e+02,6.638737792968750000e+02,9.340031743049621582e-01,1.822452239990234375e+02,6.638737792968750000e+02,9.070243239402770996e-01,2.202966766357421875e+02,6.964893188476562500e+02,8.720666170120239258e-01,1.659374694824218750e+02,6.964893188476562500e+02,9.259951114654541016e-01,2.366044311523437500e+02,7.291047973632812500e+02,8.054381608963012695e-01,1.550656280517578125e+02,7.426946411132812500e+02,9.412467479705810547e-01,2.447583160400390625e+02,7.454125976562500000e+02,7.200751304626464844e-01,1.523476562500000000e+02,7.834640502929687500e+02,8.889170289039611816e-01,2.039889068603515625e+02,7.888999633789062500e+02,8.816642165184020996e-01,1.713733825683593750e+02,7.888999633789062500e+02,9.026718735694885254e-01,1.931170654296875000e+02,8.514130249023437500e+02,8.645718693733215332e-01,1.795272674560546875e+02,8.514130249023437500e+02,8.471983671188354492e-01,1.876811523437500000e+02,9.030542602539062500e+02,8.630715012550354004e-01,1.849631805419921875e+02,9.084901733398437500e+02,7.581848502159118652e-01,1.958350219726562500e+02,6.448480224609375000e+02,9.001481533050537109e-01,1.958350219726562500e+02,6.828994750976562500e+02,9.418646097183227539e-01,1.876811523437500000e+02,7.861820068359375000e+02,9.369590282440185547e-01,1.985529937744140625e+02,9.247979736328125000e+02,7.074334621429443359e-01,2.039889068603515625e+02,9.247979736328125000e+02,7.595533728599548340e-01,2.039889068603515625e+02,9.220800170898437500e+02,7.820163369178771973e-01,1.931170654296875000e+02,9.302338867187500000e+02,7.572547793388366699e-01,1.822452239990234375e+02,9.084901733398437500e+02,7.006133198738098145e-01,1.849631805419921875e+02,9.139261474609375000e+02,7.475926876068115234e-01,1.427938658649616457e+02,6.425457082861330491e+02,9.679296803892333401e+01,2.813896325726749410e+02,1.000000000000000000e+00
7.124600000000000000e+04,2.570000000000000000e+02,1.088700000000000000e+04,8.000000000000000000e+01,1.906764221191406250e+02,6.670788574218750000e+02,9.128105044364929199e-01,1.963610534667968750e+02,6.613942260742187500e+02,9.419180154800415039e-01,1.849917755126953125e+02,6.613942260742187500e+02,9.195808768272399902e-01,2.020457000732421875e+02,6.642365112304687500e+02,9.356628656387329102e-01,1.736224975585937500e+02,6.642365112304687500e+02,8.908196091651916504e-01,2.134149780273437500e+02,6.955020751953125000e+02,8.922742605209350586e-01,1.594108886718750000e+02,6.983443603515625000e+02,9.132701158523559570e-01,2.304689025878906250e+02,7.267675781250000000e+02,7.954100966453552246e-01,1.451992797851562500e+02,7.438215332031250000e+02,9.251403808593750000e-01,2.389958801269531250e+02,7.381368408203125000e+02,7.236533164978027344e-01,1.423569641113281250e+02,7.864562988281250000e+02,9.104475378990173340e-01,1.963610534667968750e+02,7.864562988281250000e+02,9.178651571273803711e-01,1.650955352783203125e+02,7.836140136718750000e+02,8.809455037117004395e-01,1.878341064453125000e+02,8.461450805664062500e+02,8.974964618682861328e-01,1.707801818847656250e+02,8.489873657226562500e+02,8.178109526634216309e-01,1.793071289062500000e+02,9.029914550781250000e+02,7.303190231323242188e-01,1.793071289062500000e+02,9.086760864257812500e+02,8.113457560539245605e-01,1.878341064453125000e+02,6.443402709960937500e+02,9.469149708747863770e-01,1.878341064453125000e+02,6.841327514648437500e+02,9.558194875717163086e-01,1.821494598388671875e+02,7.836140136718750000e+02,9.203425645828247070e-01,1.906764221191406250e+02,9.200454101562500000e+02,6.462494730949401855e-01,1.963610534667968750e+02,9.257300415039062500e+02,8.880375623703002930e-01,1.963610534667968750e+02,9.200454101562500000e+02,7.088585495948791504e-01,1.849917755126953125e+02,9.285723266601562500e+02,8.771348595619201660e-01,1.707801818847656250e+02,9.115184326171875000e+02,5.869130492210388184e-01,1.764648132324218750e+02,9.172030639648437500e+02,7.598218321800231934e-01,1.337344938133612402e+02,6.403956279021092541e+02,9.951213858033102611e+01,2.886654515699801777e+02,1.000000000000000000e+00
7.124700000000000000e+04,2.570000000000000000e+02,1.090900000000000000e+04,8.100000000000000000e+01,1.835016632080078125e+02,6.656760864257812500e+02,9.091178178787231445e-01,1.892593078613281250e+02,6.599184570312500000e+02,9.375344514846801758e-01,1.777440032958984375e+02,6.599184570312500000e+02,9.229722023010253906e-01,1.950169525146484375e+02,6.627973022460937500e+02,9.362103343009948730e-01,1.662287139892578125e+02,6.627973022460937500e+02,8.939201235771179199e-01,2.065322570800781250e+02,6.973432006835937500e+02,9.085910320281982422e-01,1.518345794677734375e+02,7.002219848632812500e+02,9.313894510269165039e-01,2.238052062988281250e+02,7.290102539062500000e+02,7.947975993156433105e-01,1.374404602050781250e+02,7.434043579101562500e+02,9.247281551361083984e-01,2.324416809082031250e+02,7.376467285156250000e+02,8.161414265632629395e-01,1.345616302490234375e+02,7.865867309570312500e+02,9.118961691856384277e-01,1.892593078613281250e+02,7.865867309570312500e+02,8.972194194793701172e-01,1.575922393798828125e+02,7.865867309570312500e+02,8.930131196975708008e-01,1.806228332519531250e+02,8.499208984375000000e+02,9.151206612586975098e-01,1.633498840332031250e+02,8.499208984375000000e+02,8.583621382713317871e-01,1.719863586425781250e+02,9.046185913085937500e+02,8.733031153678894043e-01,1.662287139892578125e+02,9.046185913085937500e+02,7.838814854621887207e-01,1.806228332519531250e+02,6.426455078125000000e+02,9.429637789726257324e-01,1.806228332519531250e+02,6.829490356445312500e+02,9.454689025878906250e-01,1.748651885986328125e+02,7.837079467773437500e+02,9.394226074218750000e-01,1.748651885986328125e+02,9.247703247070312500e+02,7.010453343391418457e-01,1.835016632080078125e+02,9.276491699218750000e+02,7.162632942199707031e-01,1.863804779052734375e+02,9.218915405273437500e+02,7.867200970649719238e-01,1.719863586425781250e+02,9.276491699218750000e+02,7.701458930969238281e-01,1.662287139892578125e+02,9.103762207031250000e+02,7.072640657424926758e-01,1.662287139892578125e+02,9.132550659179687500e+02,7.180688381195068359e-01,1.255961476097381535e+02,6.384572770284187300e+02,1.009609094944385959e+02,2.937603689131841520e+02,1.000000000000000000e+00
7.124800000000000000e+04,2.570000000000000000e+02,1.091700000000000000e+04,8.200000000000000000e+01,1.753408813476562500e+02,6.653425903320312500e+02,8.948071599006652832e-01,1.810193481445312500e+02,6.596641235351562500e+02,9.303719997406005859e-01,1.696624145507812500e+02,6.596641235351562500e+02,9.102481007575988770e-01,1.866978149414062500e+02,6.625033569335937500e+02,9.150114059448242188e-01,1.583054809570312500e+02,6.625033569335937500e+02,8.865509629249572754e-01,1.980547485351562500e+02,6.965741577148437500e+02,8.907015919685363770e-01,1.441093139648437500e+02,6.994133911132812500e+02,9.276397824287414551e-01,2.122509155273437500e+02,7.278057250976562500e+02,8.298965692520141602e-01,1.327523803710937500e+02,7.476803588867187500e+02,8.954645991325378418e-01,2.264470825195312500e+02,7.391626586914062500e+02,8.200956583023071289e-01,1.270739135742187500e+02,7.902688598632812500e+02,9.258318543434143066e-01,1.810193481445312500e+02,7.874296264648437500e+02,9.055352807044982910e-01,1.497877807617187500e+02,7.874296264648437500e+02,8.764781355857849121e-01,1.725016479492187500e+02,8.527319946289062500e+02,9.126142263412475586e-01,1.526270141601562500e+02,8.527319946289062500e+02,8.091590404510498047e-01,1.639839477539062500e+02,9.095166625976562500e+02,8.433196544647216797e-01,1.611447143554687500e+02,9.095166625976562500e+02,6.094739437103271484e-01,1.753408813476562500e+02,6.426287231445312500e+02,9.375756978988647461e-01,1.725016479492187500e+02,6.823779907226562500e+02,9.272902607917785645e-01,1.668231811523437500e+02,7.845903930664062500e+02,9.288660883903503418e-01,1.668231811523437500e+02,9.322305297851562500e+02,7.904750108718872070e-01,1.753408813476562500e+02,9.322305297851562500e+02,6.786317229270935059e-01,1.781801147460937500e+02,9.265520629882812500e+02,7.980806231498718262e-01,1.639839477539062500e+02,9.350697631835937500e+02,7.078399658203125000e-01,1.611447143554687500e+02,9.123558959960937500e+02,7.140683531761169434e-01,1.611447143554687500e+02,9.151951293945312500e+02,6.351228356361389160e-01,1.177761858882381176e+02,6.377642384096101296e+02,1.009613897623503789e+02,2.929780056906358823e+02,1.000000000000000000e+00
7.124900000000000000e+04,2.570000000000000000e+02,1.090900000000000000e+04,8.300000000000000000e+01,1.690690612792968750e+02,6.673202514648437500e+02,9.287276268005371094e-01,1.747480926513671875e+02,6.616411743164062500e+02,9.519783258438110352e-01,1.633900451660156250e+02,6.616411743164062500e+02,9.318376183509826660e-01,1.804271087646484375e+02,6.616411743164062500e+02,9.199196100234985352e-01,1.520319976806640625e+02,6.616411743164062500e+02,8.627412915229797363e-01,1.917851562500000000e+02,6.957153320312500000e+02,8.758404850959777832e-01,1.378344573974609375e+02,6.985548095703125000e+02,9.324855208396911621e-01,2.088222198486328125e+02,7.297894287109375000e+02,8.222502470016479492e-01,1.264764099121093750e+02,7.468265380859375000e+02,9.151092767715454102e-01,2.201802520751953125e+02,7.383079833984375000e+02,7.214733362197875977e-01,1.207973861694335938e+02,7.894191894531250000e+02,9.047372341156005859e-01,1.747480926513671875e+02,7.894191894531250000e+02,8.894668817520141602e-01,1.435134735107421875e+02,7.865796508789062500e+02,8.701661825180053711e-01,1.633900451660156250e+02,8.518884277343750000e+02,9.119728207588195801e-01,1.463529815673828125e+02,8.518884277343750000e+02,8.429196476936340332e-01,1.548715209960937500e+02,9.115181274414062500e+02,8.898288607597351074e-01,1.491924896240234375e+02,9.086786499023437500e+02,6.436751484870910645e-01,1.662295532226562500e+02,6.417646484375000000e+02,9.203581213951110840e-01,1.662295532226562500e+02,6.815177612304687500e+02,9.495819807052612305e-01,1.605505371093750000e+02,7.865796508789062500e+02,9.400109052658081055e-01,1.605505371093750000e+02,9.370737304687500000e+02,8.361425995826721191e-01,1.633900451660156250e+02,9.342341918945312500e+02,5.509423017501831055e-01,1.690690612792968750e+02,9.313947143554687500e+02,8.655225634574890137e-01,1.548715209960937500e+02,9.370737304687500000e+02,5.779672265052795410e-01,1.520319976806640625e+02,9.171971435546875000e+02,8.034296035766601562e-01,1.491924896240234375e+02,9.171971435546875000e+02,5.895910263061523438e-01,1.108381097976579213e+02,6.388208889793584149e+02,1.012217546532125994e+02,2.925505491805969314e+02,1.000000000000000000e+00
7.125000000000000000e+04,2.570000000000000000e+02,1.090900000000000000e+04,8.400000000000000000e+01,1.641809387207031250e+02,6.683081665039062500e+02,9.260507225990295410e-01,1.700887451171875000e+02,6.624003295898437500e+02,9.539421796798706055e-01,1.582731323242187500e+02,6.624003295898437500e+02,9.355746507644653320e-01,1.759965515136718750e+02,6.624003295898437500e+02,9.244642853736877441e-01,1.494114074707031250e+02,6.624003295898437500e+02,9.040068984031677246e-01,1.848582611083984375e+02,6.978471679687500000e+02,9.152411818504333496e-01,1.316879882812500000e+02,7.008010864257812500e+02,9.425902366638183594e-01,2.025816955566406250e+02,7.244323120117187500e+02,8.428682088851928711e-01,1.198723678588867188e+02,7.480635375976562500e+02,9.293124079704284668e-01,2.173512115478515625e+02,7.392018432617187500e+02,8.826408386230468750e-01,1.169184646606445312e+02,7.894182128906250000e+02,9.310678243637084961e-01,1.700887451171875000e+02,7.894182128906250000e+02,9.153614044189453125e-01,1.375957946777343750e+02,7.894182128906250000e+02,9.118593335151672363e-01,1.582731323242187500e+02,8.573580322265625000e+02,9.551001191139221191e-01,1.346418914794921875e+02,8.544041137695312500e+02,8.331944346427917480e-01,1.494114074707031250e+02,9.134822387695312500e+02,8.508194684982299805e-01,1.405496978759765625e+02,9.075744018554687500e+02,6.472136974334716797e-01,1.612270355224609375e+02,6.417230224609375000e+02,9.557766318321228027e-01,1.612270355224609375e+02,6.830776367187500000e+02,9.478079080581665039e-01,1.553192138671875000e+02,7.864642944335937500e+02,9.312844276428222656e-01,1.523653106689453125e+02,9.400673217773437500e+02,8.688927888870239258e-01,1.523653106689453125e+02,9.341595458984375000e+02,4.658016264438629150e-01,1.612270355224609375e+02,9.341595458984375000e+02,8.293854594230651855e-01,1.405496978759765625e+02,9.371134643554687500e+02,5.711816549301147461e-01,1.435036010742187500e+02,9.223439331054687500e+02,7.919388413429260254e-01,1.375957946777343750e+02,9.164360961914062500e+02,5.811898112297058105e-01,1.038103723490910966e+02,6.352970052467193227e+02,1.038778947575675033e+02,2.999610096425429902e+02,1.000000000000000000e+00
7.125100000000000000e+04,2.570000000000000000e+02,1.090900000000000000e+04,8.500000000000000000e+01,1.577912445068359375e+02,6.673794555664062500e+02,9.545805454254150391e-01,1.634349517822265625e+02,6.617357177734375000e+02,9.654967784881591797e-01,1.521475524902343750e+02,6.617357177734375000e+02,9.789936542510986328e-01,1.690786437988281250e+02,6.645576171875000000e+02,9.031899571418762207e-01,1.408601531982421875e+02,6.645576171875000000e+02,9.363494515419006348e-01,1.803660430908203125e+02,6.984197998046875000e+02,9.140307903289794922e-01,1.267509002685546875e+02,7.012416381835937500e+02,9.244298338890075684e-01,2.001190032958984375e+02,7.322819824218750000e+02,8.397839069366455078e-01,1.126416549682617188e+02,7.492130737304687500e+02,8.777548074722290039e-01,2.085845489501953125e+02,7.463912353515625000e+02,5.100798010826110840e-01,1.098198013305664062e+02,7.943626708984375000e+02,9.096157550811767578e-01,1.662568054199218750e+02,7.971845092773437500e+02,8.661457896232604980e-01,1.323946075439453125e+02,7.971845092773437500e+02,9.233032464981079102e-01,1.521475524902343750e+02,8.620870971679687500e+02,9.208537936210632324e-01,1.267509002685546875e+02,8.592651977539062500e+02,8.158263564109802246e-01,1.408601531982421875e+02,9.157022094726562500e+02,8.904902338981628418e-01,1.323946075439453125e+02,9.100585327148437500e+02,4.549152553081512451e-01,1.549694061279296875e+02,6.419827880859375000e+02,9.004340767860412598e-01,1.549694061279296875e+02,6.843105468750000000e+02,9.215259552001953125e-01,1.493256988525390625e+02,7.943626708984375000e+02,9.391074180603027344e-01,1.436820068359375000e+02,9.410988769531250000e+02,8.699067831039428711e-01,1.521475524902343750e+02,9.382770385742187500e+02,4.782797992229461670e-01,1.549694061279296875e+02,9.354552001953125000e+02,9.409462809562683105e-01,1.380382995605468750e+02,9.410988769531250000e+02,5.031209588050842285e-01,1.380382995605468750e+02,9.213459472656250000e+02,7.649033665657043457e-01,1.380382995605468750e+02,9.213459472656250000e+02,4.780197739601135254e-01,9.527500637466803823e+01,6.380514926864530025e+02,1.018542692231605429e+02,2.938972880132237151e+02,1.000000000000000000e+00
7.125200000000000000e+04,2.570000000000000000e+02,1.088700000000000000e+04,8.800000000000000000e+01,1.499900817871093750e+02,6.716102294921875000e+02,9.401317238807678223e-01,1.564350585937500000e+02,6.651652221679687500e+02,9.344664812088012695e-01,1.435451049804687500e+02,6.651652221679687500e+02,9.417783617973327637e-01,1.596575469970703125e+02,6.651652221679687500e+02,8.824149966239929199e-01,1.306551361083984375e+02,6.651652221679687500e+02,9.066694974899291992e-01,1.661025238037109375e+02,7.006126098632812500e+02,8.782023191452026367e-01,1.145426940917968750e+02,7.038351440429687500e+02,9.366874694824218750e-01,1.822149810791015625e+02,7.328375244140625000e+02,8.170486688613891602e-01,1.016527328491210938e+02,7.553949584960937500e+02,8.719066381454467773e-01,1.983274230957031250e+02,7.425050048828125000e+02,7.922105789184570312e-01,1.016527328491210938e+02,7.972872924804687500e+02,8.470601439476013184e-01,1.564350585937500000e+02,8.005098266601562500e+02,8.698521256446838379e-01,1.209876708984375000e+02,8.005098266601562500e+02,8.753929138183593750e-01,1.532125701904296875e+02,8.714046020507812500e+02,8.797479271888732910e-01,1.177651824951171875e+02,8.649595947265625000e+02,8.999357819557189941e-01,1.306551361083984375e+02,9.197419433593750000e+02,8.990523815155029297e-01,1.145426940917968750e+02,9.261868896484375000e+02,8.569006323814392090e-01,1.435451049804687500e+02,6.426077880859375000e+02,9.322985410690307617e-01,1.435451049804687500e+02,6.877226562500000000e+02,9.122124314308166504e-01,1.371001129150390625e+02,7.972872924804687500e+02,9.206033349037170410e-01,1.371001129150390625e+02,9.487443237304687500e+02,9.345030784606933594e-01,1.274326477050781250e+02,9.487443237304687500e+02,7.723921537399291992e-01,1.435451049804687500e+02,9.455218505859375000e+02,8.850224018096923828e-01,1.177651824951171875e+02,9.487443237304687500e+02,8.544636368751525879e-01,1.209876708984375000e+02,9.261868896484375000e+02,7.434521913528442383e-01,1.113202056884765625e+02,9.358543701171875000e+02,8.235938549041748047e-01,7.999254787188847615e+01,6.359304992392496843e+02,1.112528276729873795e+02,3.175665067723591619e+02,1.000000000000000000e+00
7.125300000000000000e+04,2.570000000000000000e+02,1.088700000000000000e+04,8.900000000000000000e+01,1.490594940185546875e+02,6.716929931640625000e+02,9.463447332382202148e-01,1.522976684570312500e+02,6.619784545898437500e+02,9.707351922988891602e-01,1.393449554443359375e+02,6.619784545898437500e+02,9.408495426177978516e-01,1.555358428955078125e+02,6.652166137695312500e+02,9.007654786109924316e-01,1.263922348022460938e+02,6.652166137695312500e+02,9.266574978828430176e-01,1.652503814697265625e+02,7.008366088867187500e+02,9.080563783645629883e-01,1.102013320922851562e+02,7.040747680664062500e+02,9.097484946250915527e-01,1.814412841796875000e+02,7.396947631835937500e+02,8.223246335983276367e-01,9.724861907958984375e+01,7.591238403320312500e+02,9.072101712226867676e-01,1.943939971923828125e+02,7.461711425781250000e+02,6.663390398025512695e-01,9.401043701171875000e+01,8.044583740234375000e+02,8.788232207298278809e-01,1.522976684570312500e+02,8.012201538085937500e+02,8.906847834587097168e-01,1.166776962280273438e+02,8.012201538085937500e+02,8.722478747367858887e-01,1.587740325927734375e+02,8.724600830078125000e+02,8.797980546951293945e-01,1.102013320922851562e+02,8.692219238281250000e+02,9.366365075111389160e-01,1.328685913085937500e+02,9.177946166992187500e+02,9.001909494400024414e-01,1.069631576538085938e+02,9.307473144531250000e+02,8.566268086433410645e-01,1.425831298828125000e+02,6.425493774414062500e+02,9.357039928436279297e-01,1.393449554443359375e+02,6.878839111328125000e+02,9.349453449249267578e-01,1.361067657470703125e+02,7.979819946289062500e+02,9.156173467636108398e-01,1.393449554443359375e+02,9.501763916015625000e+02,8.868944644927978516e-01,1.263922348022460938e+02,9.534146118164062500e+02,6.412883996963500977e-01,1.458213043212890625e+02,9.437000732421875000e+02,8.699896335601806641e-01,1.166776962280273438e+02,9.534146118164062500e+02,6.679068207740783691e-01,1.263922348022460938e+02,9.210328369140625000e+02,8.050273656845092773e-01,1.037249755859375000e+02,9.404619140625000000e+02,8.297476172447204590e-01,7.691944151787029682e+01,6.343438644117737795e+02,1.154045904775661029e+02,3.280254500491220142e+02,1.000000000000000000e+00
7.125400000000000000e+04,2.570000000000000000e+02,1.088700000000000000e+04,9.000000000000000000e+01,1.492045440673828125e+02,6.683334350585937500e+02,9.699173569679260254e-01,1.524116516113281250e+02,6.619192504882812500e+02,9.497362971305847168e-01,1.395832214355468750e+02,6.619192504882812500e+02,9.674065113067626953e-01,1.556187591552734375e+02,6.651263427734375000e+02,8.470580577850341797e-01,1.235476684570312500e+02,6.651263427734375000e+02,9.143094420433044434e-01,1.620329742431640625e+02,7.036116333007812500e+02,8.754729032516479492e-01,1.075121307373046875e+02,7.036116333007812500e+02,9.016404151916503906e-01,1.780685272216796875e+02,7.388898315429687500e+02,8.320699334144592285e-01,9.789080047607421875e+01,7.581325073242187500e+02,9.107794165611267090e-01,1.941040649414062500e+02,7.453040771484375000e+02,8.176432847976684570e-01,9.468369293212890625e+01,8.062391357421875000e+02,8.682911992073059082e-01,1.492045440673828125e+02,8.030320434570312500e+02,9.030621647834777832e-01,1.171334533691406250e+02,8.030320434570312500e+02,8.757944107055664062e-01,1.652400817871093750e+02,8.671741943359375000e+02,8.656663298606872559e-01,1.075121307373046875e+02,8.703812866210937500e+02,9.269348382949829102e-01,1.395832214355468750e+02,9.216950683593750000e+02,7.810369133949279785e-01,1.010979080200195312e+02,9.345234985351562500e+02,9.043875932693481445e-01,1.395832214355468750e+02,6.426765747070312500e+02,9.304681420326232910e-01,1.363761138916015625e+02,6.875761108398437500e+02,9.456207752227783203e-01,1.331689910888671875e+02,7.998248901367187500e+02,9.343672394752502441e-01,1.524116516113281250e+02,9.505590209960937500e+02,7.337403297424316406e-01,1.203405609130859375e+02,9.537661132812500000e+02,6.240926384925842285e-01,1.556187591552734375e+02,9.441448364257812500e+02,6.344269514083862305e-01,1.107192382812500000e+02,9.569732666015625000e+02,6.624019742012023926e-01,1.299618835449218750e+02,9.281092529296875000e+02,8.463943004608154297e-01,9.789080047607421875e+01,9.441448364257812500e+02,8.610347509384155273e-01,7.443737630253092163e+01,6.359313826262863358e+02,1.163397065400815933e+02,3.299952950121165713e+02,1.000000000000000000e+00
7.125500000000000000e+04,2.570000000000000000e+02,1.092400000000000000e+04,9.100000000000000000e+01,1.474795379638671875e+02,6.692106933593750000e+02,9.678937196731567383e-01,1.507302703857421875e+02,6.627092285156250000e+02,9.795695543289184570e-01,1.409780578613281250e+02,6.627092285156250000e+02,9.793770909309387207e-01,1.539810028076171875e+02,6.659599609375000000e+02,8.240309953689575195e-01,1.247243881225585938e+02,6.659599609375000000e+02,9.036375880241394043e-01,1.604824676513671875e+02,7.049688110351562500e+02,8.935237526893615723e-01,1.052199783325195312e+02,7.082195434570312500e+02,9.302285313606262207e-01,1.767361450195312500e+02,7.407268676757812500e+02,7.850176692008972168e-01,9.546777343750000000e+01,7.634820556640625000e+02,9.208153486251831055e-01,1.929898223876953125e+02,7.504790649414062500e+02,6.136215329170227051e-01,9.221704101562500000e+01,8.089923095703125000e+02,8.990358114242553711e-01,1.474795379638671875e+02,8.024908447265625000e+02,8.989762663841247559e-01,1.149721832275390625e+02,8.057415771484375000e+02,8.947265744209289551e-01,1.702346801757812500e+02,8.675055541992187500e+02,9.304332137107849121e-01,1.019692459106445312e+02,8.707562866210937500e+02,9.490196108818054199e-01,1.507302703857421875e+02,9.260187988281250000e+02,9.180581569671630859e-01,9.546777343750000000e+01,9.357709960937500000e+02,9.199027419090270996e-01,1.377273254394531250e+02,6.432048339843750000e+02,9.242696166038513184e-01,1.344765930175781250e+02,6.887151489257812500e+02,9.403872489929199219e-01,1.312258605957031250e+02,8.024908447265625000e+02,9.332854747772216797e-01,1.702346801757812500e+02,9.520246582031250000e+02,9.018810391426086426e-01,1.149721832275390625e+02,9.552753906250000000e+02,9.259713888168334961e-01,1.734854125976562500e+02,9.455231933593750000e+02,8.704338669776916504e-01,1.052199783325195312e+02,9.585261230468750000e+02,9.079580903053283691e-01,1.377273254394531250e+02,9.325202636718750000e+02,9.443895220756530762e-01,8.896630859375000000e+01,9.455231933593750000e+02,8.737434744834899902e-01,7.186964890674600781e+01,6.347751470099539119e+02,1.179007882701478280e+02,3.334625938934317446e+02,1.000000000000000000e+00
7.125600000000000000e+04,2.570000000000000000e+02,1.092400000000000000e+04,9.200000000000000000e+01,1.470009918212890625e+02,6.710029296875000000e+02,9.624315500259399414e-01,1.502168884277343750e+02,6.645711059570312500e+02,9.705646038055419922e-01,1.405691833496093750e+02,6.645711059570312500e+02,9.621353745460510254e-01,1.534327850341796875e+02,6.677870483398437500e+02,7.522343397140502930e-01,1.212737731933593750e+02,6.677870483398437500e+02,9.413219094276428223e-01,1.566486968994140625e+02,7.031619262695312500e+02,8.812379240989685059e-01,1.051942672729492188e+02,7.063778686523437500e+02,9.057898521423339844e-01,1.759441070556640625e+02,7.417527465820312500e+02,7.815927267074584961e-01,9.233065795898437500e+01,7.642640991210937500e+02,9.164748787879943848e-01,1.695122985839843750e+02,7.835595092773437500e+02,5.969828367233276367e-01,9.233065795898437500e+01,8.157185058593750000e+02,9.128355383872985840e-01,1.502168884277343750e+02,8.060708007812500000e+02,8.998512625694274902e-01,1.148419723510742188e+02,8.092866821289062500e+02,8.757827877998352051e-01,1.759441070556640625e+02,8.671729125976562500e+02,9.414245486259460449e-01,9.876245880126953125e+01,8.768206176757812500e+02,9.299584627151489258e-01,1.534327850341796875e+02,9.347068481445312500e+02,9.423539638519287109e-01,9.233065795898437500e+01,9.379227905273437500e+02,9.188137650489807129e-01,1.373532867431640625e+02,6.420598144531250000e+02,9.336338639259338379e-01,1.341373748779296875e+02,6.902983398437500000e+02,9.014338850975036621e-01,1.341373748779296875e+02,8.060708007812500000e+02,9.027349352836608887e-01,1.759441070556640625e+02,9.572182006835937500e+02,8.946518301963806152e-01,1.084101638793945312e+02,9.604340820312500000e+02,9.736180901527404785e-01,1.791600036621093750e+02,9.507863769531250000e+02,8.671123385429382324e-01,9.876245880126953125e+01,9.636499633789062500e+02,9.018957018852233887e-01,1.470009918212890625e+02,9.443545532226562500e+02,8.981726169586181641e-01,8.911475372314453125e+01,9.443545532226562500e+02,8.828668594360351562e-01,7.263632245769017004e+01,6.357521832928271124e+02,1.191226515739637648e+02,3.323287865733437911e+02,1.000000000000000000e+00
7.125700000000000000e+04,2.570000000000000000e+02,1.088700000000000000e+04,9.300000000000000000e+01,1.517948760986328125e+02,6.759356079101562500e+02,9.608937501907348633e-01,1.550711822509765625e+02,6.661066894531250000e+02,9.619391560554504395e-01,1.419659729003906250e+02,6.661066894531250000e+02,9.753614068031311035e-01,1.550711822509765625e+02,6.693829956054687500e+02,6.980208754539489746e-01,1.223081512451171875e+02,6.693829956054687500e+02,9.213969111442565918e-01,1.616237792968750000e+02,7.054223022460937500e+02,9.017763733863830566e-01,1.059266433715820312e+02,7.119749145507812500e+02,9.386892914772033691e-01,1.812816009521484375e+02,7.414616699218750000e+02,8.333601951599121094e-01,9.282143402099609375e+01,7.742246704101562500e+02,9.134269952774047852e-01,1.943868103027343750e+02,7.512905883789062500e+02,8.114478588104248047e-01,9.282143402099609375e+01,8.200928955078125000e+02,8.919507265090942383e-01,1.517948760986328125e+02,8.135402832031250000e+02,8.831919431686401367e-01,1.124792480468750000e+02,8.168165893554687500e+02,8.626340627670288086e-01,1.780052947998046875e+02,8.692374267578125000e+02,9.435402154922485352e-01,9.937403869628906250e+01,8.790663452148437500e+02,9.410085082054138184e-01,1.649000854492187500e+02,9.413161010742187500e+02,8.056052923202514648e-01,8.626882934570312500e+01,9.380397949218750000e+02,8.748292326927185059e-01,1.386896667480468750e+02,6.431726074218750000e+02,9.275674819946289062e-01,1.354133605957031250e+02,6.923171386718750000e+02,9.204736351966857910e-01,1.321370544433593750e+02,8.135402832031250000e+02,9.214668869972229004e-01,1.812816009521484375e+02,9.576976318359375000e+02,8.210671544075012207e-01,9.937403869628906250e+01,9.576976318359375000e+02,8.972207307815551758e-01,1.845578918457031250e+02,9.544213256835937500e+02,8.307991623878479004e-01,8.954512786865234375e+01,9.576976318359375000e+02,9.169124960899353027e-01,1.550711822509765625e+02,9.511450195312500000e+02,7.262427210807800293e-01,8.299252319335937500e+01,9.445924072265625000e+02,8.485341072082519531e-01,7.272070285710353232e+01,6.368123290249945967e+02,1.221349713500551672e+02,3.357522980173620226e+02,1.000000000000000000e+00
7.125800000000000000e+04,2.570000000000000000e+02,1.091700000000000000e+04,9.400000000000000000e+01,1.540834960937500000e+02,6.755365600585937500e+02,9.425826668739318848e-01,1.573724822998046875e+02,6.656696166992187500e+02,9.649771451950073242e-01,1.475055236816406250e+02,6.689586181640625000e+02,9.568991661071777344e-01,1.573724822998046875e+02,6.689586181640625000e+02,5.474483966827392578e-01,1.277716217041015625e+02,6.722475585937500000e+02,8.950249552726745605e-01,1.573724822998046875e+02,7.084263916015625000e+02,8.799532055854797363e-01,1.113266983032226562e+02,7.150043945312500000e+02,9.326148033142089844e-01,1.836843566894531250e+02,7.380272827148437500e+02,8.080142736434936523e-01,9.817075347900390625e+01,7.742061157226562500e+02,9.001952409744262695e-01,1.935513153076171875e+02,7.511832275390625000e+02,8.115639686584472656e-01,9.488176727294921875e+01,8.235408935546875000e+02,8.984102606773376465e-01,1.507945098876953125e+02,8.136739501953125000e+02,8.226991295814514160e-01,1.179046630859375000e+02,8.202518920898437500e+02,8.264211416244506836e-01,1.836843566894531250e+02,8.695866699218750000e+02,8.623166084289550781e-01,9.488176727294921875e+01,8.827426147460937500e+02,8.313338160514831543e-01,1.771063995361328125e+02,9.452333374023437500e+02,8.076359629631042480e-01,7.514785766601562500e+01,9.386553955078125000e+02,8.756637573242187500e-01,1.409275665283203125e+02,6.459357299804687500e+02,9.518439769744873047e-01,1.343495941162109375e+02,6.952705078125000000e+02,9.202705621719360352e-01,1.343495941162109375e+02,8.136739501953125000e+02,8.730947971343994141e-01,2.034182739257812500e+02,9.649672241210937500e+02,7.137535214424133301e-01,9.817075347900390625e+01,9.616782836914062500e+02,8.423412442207336426e-01,2.001292877197265625e+02,9.583892822265625000e+02,7.198810577392578125e-01,8.501481628417968750e+01,9.616782836914062500e+02,7.898849844932556152e-01,1.738174133300781250e+02,9.551002807617187500e+02,7.523240447044372559e-01,7.185887908935546875e+01,9.452333374023437500e+02,7.902699708938598633e-01,7.673229025669701286e+01,6.368729388391507200e+02,1.228024863622037515e+02,3.377766724938825291e+02,1.000000000000000000e+00
7.125900000000000000e+04,2.570000000000000000e+02,1.091700000000000000e+04,9.500000000000000000e+01,1.580072021484375000e+02,6.791016845703125000e+02,9.545435905456542969e-01,1.612573852539062500e+02,6.693511352539062500e+02,9.800907373428344727e-01,1.482566833496093750e+02,6.693511352539062500e+02,9.840062856674194336e-01,1.645075683593750000e+02,6.726013183593750000e+02,6.694476008415222168e-01,1.320057830810546875e+02,6.726013183593750000e+02,9.352653622627258301e-01,1.645075683593750000e+02,7.083532714843750000e+02,8.967680335044860840e-01,1.125047149658203125e+02,7.181038208007812500e+02,9.022259712219238281e-01,1.840086364746093750e+02,7.441052246093750000e+02,7.949926853179931641e-01,1.027541809082031250e+02,7.798571777343750000e+02,8.994427919387817383e-01,1.970093383789062500e+02,7.538557739257812500e+02,7.588541507720947266e-01,9.625382995605468750e+01,8.286098632812500000e+02,9.028400182723999023e-01,1.580072021484375000e+02,8.123589477539062500e+02,8.263658881187438965e-01,1.255054321289062500e+02,8.188593139648437500e+02,7.822785377502441406e-01,1.872588195800781250e+02,8.741123657226562500e+02,7.854407429695129395e-01,9.950400543212890625e+01,8.806127319335937500e+02,7.223091721534729004e-01,1.840086364746093750e+02,9.488664550781250000e+02,7.848598957061767578e-01,7.350257873535156250e+01,9.358657226562500000e+02,7.445425987243652344e-01,1.482566833496093750e+02,6.465999145507812500e+02,9.332007765769958496e-01,1.385061340332031250e+02,6.953525390625000000e+02,9.114939570426940918e-01,1.417563171386718750e+02,8.123589477539062500e+02,8.609775304794311523e-01,2.100100555419921875e+02,9.651173095703125000e+02,7.081086039543151855e-01,9.300364685058593750e+01,9.618671875000000000e+02,7.254822254180908203e-01,2.100100555419921875e+02,9.618671875000000000e+02,6.855765581130981445e-01,8.000293731689453125e+01,9.618671875000000000e+02,6.432145237922668457e-01,1.775082702636718750e+02,9.553668212890625000e+02,7.118661403656005859e-01,7.350257873535156250e+01,9.391159057617187500e+02,6.447607278823852539e-01,7.924819644306685973e+01,6.395284551512673943e+02,1.224530544809479125e+02,3.358208022886443587e+02,1.000000000000000000e+00
7.126000000000000000e+04,2.570000000000000000e+02,1.091700000000000000e+04,9.900000000000000000e+01,1.837656402587890625e+02,6.730125732421875000e+02,9.612537026405334473e-01,1.837656402587890625e+02,6.663656616210937500e+02,9.462248086929321289e-01,1.771187438964843750e+02,6.663656616210937500e+02,9.659004211425781250e-01,1.771187438964843750e+02,6.696891479492187500e+02,5.317338109016418457e-01,1.571780242919921875e+02,6.663656616210937500e+02,9.070696234703063965e-01,1.771187438964843750e+02,7.062471313476562500e+02,8.751971721649169922e-01,1.372373199462890625e+02,7.128940429687500000e+02,9.149896502494812012e-01,1.837656402587890625e+02,7.560988769531250000e+02,6.766964793205261230e-01,1.239435119628906250e+02,7.727161254882812500e+02,8.795030117034912109e-01,2.103532562255859375e+02,7.560988769531250000e+02,7.729331254959106445e-01,1.172966079711914062e+02,8.292148437500000000e+02,8.779961466789245605e-01,1.771187438964843750e+02,8.192445068359375000e+02,7.797316908836364746e-01,1.438842163085937500e+02,8.225679321289062500e+02,7.457866668701171875e-01,1.837656402587890625e+02,8.956838989257812500e+02,8.122361302375793457e-01,1.339138641357421875e+02,8.956838989257812500e+02,8.173227310180664062e-01,1.804421997070312500e+02,9.621528930664062500e+02,8.063445687294006348e-01,1.305904083251953125e+02,9.355653076171875000e+02,7.596994042396545410e-01,1.704718322753906250e+02,6.431015014648437500e+02,8.845300078392028809e-01,1.605014801025390625e+02,6.896298828125000000e+02,9.529322385787963867e-01,1.605014801025390625e+02,8.159210205078125000e+02,8.357775211334228516e-01,1.970594482421875000e+02,9.887405395507812500e+02,6.931052207946777344e-01,1.372373199462890625e+02,9.621528930664062500e+02,7.860363721847534180e-01,1.970594482421875000e+02,9.854170532226562500e+02,7.259645462036132812e-01,1.305904083251953125e+02,9.588294677734375000e+02,8.115965723991394043e-01,1.771187438964843750e+02,9.687998046875000000e+02,7.484729886054992676e-01,1.305904083251953125e+02,9.322418212890625000e+02,7.965157032012939453e-01,9.239693598558261556e+01,6.413151085541334169e+02,1.256171014770240504e+02,3.415647134800514095e+02,1.000000000000000000e+00
7.126100000000000000e+04,2.570000000000000000e+02,1.091700000000000000e+04,1.000000000000000000e+02,1.913862609863281250e+02,6.708560180664062500e+02,9.469170570373535156e-01,1.949320983886718750e+02,6.637642822265625000e+02,9.623420238494873047e-01,1.842945709228515625e+02,6.637642822265625000e+02,9.501988887786865234e-01,1.701111907958984375e+02,6.637642822265625000e+02,5.344117283821105957e-01,1.630195007324218750e+02,6.637642822265625000e+02,9.272648692131042480e-01,1.842945709228515625e+02,7.063144531250000000e+02,9.025608897209167480e-01,1.417444305419921875e+02,7.098602905273437500e+02,8.828747272491455078e-01,1.878404083251953125e+02,7.595021362304687500e+02,7.540067434310913086e-01,1.275610504150390625e+02,7.736854858398437500e+02,8.992954492568969727e-01,2.126613311767578125e+02,7.559562988281250000e+02,6.676945686340332031e-01,1.204693603515625000e+02,8.268731689453125000e+02,9.093104004859924316e-01,1.842945709228515625e+02,8.197814941406250000e+02,8.316621184349060059e-01,1.488361206054687500e+02,8.233273315429687500e+02,8.294391036033630371e-01,1.913862609863281250e+02,8.977901000976562500e+02,8.794714808464050293e-01,1.488361206054687500e+02,9.048817749023437500e+02,8.393017649650573730e-01,1.772028808593750000e+02,9.651611328125000000e+02,8.594903349876403809e-01,1.311068878173828125e+02,9.545236206054687500e+02,8.396853208541870117e-01,1.807487182617187500e+02,6.389433593750000000e+02,9.383495450019836426e-01,1.665653381347656250e+02,6.885852050781250000e+02,9.369648694992065430e-01,1.665653381347656250e+02,8.197814941406250000e+02,9.094526767730712891e-01,1.913862609863281250e+02,9.899820556640625000e+02,7.637814879417419434e-01,1.381985778808593750e+02,9.757986450195312500e+02,7.969548106193542480e-01,1.949320983886718750e+02,9.864362182617187500e+02,7.766141295433044434e-01,1.311068878173828125e+02,9.722528076171875000e+02,8.101238608360290527e-01,1.736570281982421875e+02,9.722528076171875000e+02,7.667533755302429199e-01,1.311068878173828125e+02,9.545236206054687500e+02,8.163435459136962891e-01,9.670750515596461128e+01,6.335008460150254450e+02,1.294699683136073531e+02,3.565860900192567442e+02,1.000000000000000000e+00
7.126200000000000000e+04,2.570000000000000000e+02,1.090900000000000000e+04,1.010000000000000000e+02,1.965934448242187500e+02,6.705583496093750000e+02,9.510655403137207031e-01,2.000205078125000000e+02,6.637042236328125000e+02,9.698606729507446289e-01,1.897393341064453125e+02,6.637042236328125000e+02,9.777168631553649902e-01,1.965934448242187500e+02,6.671312866210937500e+02,4.993267059326171875e-01,1.691770019531250000e+02,6.637042236328125000e+02,9.207364916801452637e-01,1.897393341064453125e+02,7.048288574218750000e+02,9.048973917961120605e-01,1.486146697998046875e+02,7.082559204101562500e+02,9.100478291511535645e-01,1.931663970947265625e+02,7.562347412109375000e+02,7.314680814743041992e-01,1.349064483642578125e+02,7.733699951171875000e+02,8.839227557182312012e-01,2.205828399658203125e+02,7.528076782226562500e+02,8.015170097351074219e-01,1.280523376464843750e+02,8.247758178710937500e+02,9.126182198524475098e-01,1.863122863769531250e+02,8.247758178710937500e+02,8.088555335998535156e-01,1.554687805175781250e+02,8.282028808593750000e+02,8.216187357902526855e-01,1.897393341064453125e+02,9.001710205078125000e+02,7.806882858276367188e-01,1.554687805175781250e+02,9.035980834960937500e+02,7.055222988128662109e-01,1.691770019531250000e+02,9.515768432617187500e+02,5.543791055679321289e-01,1.486146697998046875e+02,9.584309692382812500e+02,4.449525177478790283e-01,1.863122863769531250e+02,6.397148437500000000e+02,9.074928760528564453e-01,1.726040649414062500e+02,6.876936035156250000e+02,9.683657288551330566e-01,1.691770019531250000e+02,8.247758178710937500e+02,8.877876996994018555e-01,1.623228912353515625e+02,9.721392211914062500e+02,7.985794544219970703e-01,1.486146697998046875e+02,9.755662841796875000e+02,4.364927709102630615e-01,1.726040649414062500e+02,9.687121582031250000e+02,6.856141686439514160e-01,1.417605590820312500e+02,9.721392211914062500e+02,5.365441441535949707e-01,1.588958435058593750e+02,9.412957153320312500e+02,4.718804955482482910e-01,1.451876220703125000e+02,9.550039062500000000e+02,4.473545253276824951e-01,1.035985248659146123e+02,6.356891664976486709e+02,1.282658606699113193e+02,3.543278558183126279e+02,1.000000000000000000e+00
7.126300000000000000e+04,2.570000000000000000e+02,1.090900000000000000e+04,1.020000000000000000e+02,2.060874633789062500e+02,6.671403198242187500e+02,9.525802731513977051e-01,2.097218322753906250e+02,6.598715820312500000e+02,9.552609920501708984e-01,1.988187408447265625e+02,6.598715820312500000e+02,9.737558960914611816e-01,2.097218322753906250e+02,6.635059814453125000e+02,5.784751772880554199e-01,1.806469116210937500e+02,6.598715820312500000e+02,8.989827036857604980e-01,2.024530944824218750e+02,7.034839477539062500e+02,8.612307906150817871e-01,1.588407287597656250e+02,7.034839477539062500e+02,8.737251162528991699e-01,2.097218322753906250e+02,7.616337890625000000e+02,7.695639133453369141e-01,1.406689147949218750e+02,7.652681274414062500e+02,9.210858941078186035e-01,2.278936462402343750e+02,7.543650512695312500e+02,6.714760065078735352e-01,1.334001922607421875e+02,8.234179687500000000e+02,9.239966273307800293e-01,1.951843719482421875e+02,8.306867065429687500e+02,8.392609953880310059e-01,1.624750976562500000e+02,8.306867065429687500e+02,8.829954266548156738e-01,2.097218322753906250e+02,9.070083618164062500e+02,7.111142277717590332e-01,1.770125579833984375e+02,9.106427001953125000e+02,7.361595034599304199e-01,1.661094665527343750e+02,9.360832519531250000e+02,5.002700090408325195e-01,1.588407287597656250e+02,9.578894653320312500e+02,5.739799737930297852e-01,1.951843719482421875e+02,6.344310302734375000e+02,9.191067218780517578e-01,1.842812805175781250e+02,6.853121337890625000e+02,9.779993295669555664e-01,1.770125579833984375e+02,8.270523681640625000e+02,8.898268938064575195e-01,1.988187408447265625e+02,1.008770507812500000e+03,5.267319679260253906e-01,1.515720062255859375e+02,9.905986938476562500e+02,5.609292984008789062e-01,1.988187408447265625e+02,1.005136169433593750e+03,4.256857931613922119e-01,1.443032836914062500e+02,9.905986938476562500e+02,5.651518702507019043e-01,1.951843719482421875e+02,9.687925415039062500e+02,3.688814043998718262e-01,1.479376525878906250e+02,9.578894653320312500e+02,5.425612330436706543e-01,1.070544616275574867e+02,6.330346311212517776e+02,1.318969938872552916e+02,3.671461759757628442e+02,1.000000000000000000e+00
7.126400000000000000e+04,2.570000000000000000e+02,1.091100000000000000e+04,1.030000000000000000e+02,2.140684967041015625e+02,6.723522338867187500e+02,9.592617750167846680e-01,2.178991546630859375e+02,6.608602294921875000e+02,9.499498009681701660e-01,2.102378387451171875e+02,6.608602294921875000e+02,9.732454419136047363e-01,1.910845489501953125e+02,6.608602294921875000e+02,5.427832007408142090e-01,1.872538909912109375e+02,6.608602294921875000e+02,9.253173470497131348e-01,2.025765228271484375e+02,7.068281250000000000e+02,9.019768238067626953e-01,1.642699432373046875e+02,7.029974975585937500e+02,9.098759293556213379e-01,2.064071807861328125e+02,7.604573364257812500e+02,7.368687391281127930e-01,1.451166534423828125e+02,7.642880249023437500e+02,9.174399375915527344e-01,2.332217864990234375e+02,7.527960205078125000e+02,8.433037996292114258e-01,1.374553375244140625e+02,8.217478637695312500e+02,9.043963551521301270e-01,1.987458648681640625e+02,8.255785522460937500e+02,8.399778008460998535e-01,1.719312591552734375e+02,8.255785522460937500e+02,8.428028821945190430e-01,2.025765228271484375e+02,9.021917114257812500e+02,5.303525924682617188e-01,1.987458648681640625e+02,8.983610229492187500e+02,6.468480229377746582e-01,1.987458648681640625e+02,9.749741821289062500e+02,5.466380715370178223e-01,1.642699432373046875e+02,9.749741821289062500e+02,6.573557257652282715e-01,2.025765228271484375e+02,6.340456542968750000e+02,8.726984262466430664e-01,1.872538909912109375e+02,6.876748657226562500e+02,9.958413839340209961e-01,1.872538909912109375e+02,8.217478637695312500e+02,9.151408076286315918e-01,2.332217864990234375e+02,9.941275024414062500e+02,6.525321602821350098e-01,1.872538909912109375e+02,9.979581298828125000e+02,7.009068131446838379e-01,2.293911285400390625e+02,9.864661865234375000e+02,7.521078586578369141e-01,1.757619171142578125e+02,1.001788818359375000e+03,7.144943475723266602e-01,1.949152069091796875e+02,9.864661865234375000e+02,6.913892626762390137e-01,1.527779693603515625e+02,9.788048706054687500e+02,7.437548637390136719e-01,1.134077063431440990e+02,6.292319878243586118e+02,1.362222751093703437e+02,3.848899213928250447e+02,1.000000000000000000e+00
7.126500000000000000e+04,2.570000000000000000e+02,1.091100000000000000e+04,1.040000000000000000e+02,2.224951934814453125e+02,6.720889282226562500e+02,9.264947772026062012e-01,2.261027374267578125e+02,6.648738403320312500e+02,9.366912841796875000e-01,2.152801055908203125e+02,6.648738403320312500e+02,9.407635927200317383e-01,1.972423706054687500e+02,6.648738403320312500e+02,5.061614513397216797e-01,1.936348266601562500e+02,6.648738403320312500e+02,9.327647686004638672e-01,2.044574584960937500e+02,7.045568847656250000e+02,8.510044217109680176e-01,1.719895477294921875e+02,7.045568847656250000e+02,9.083387255668640137e-01,2.080650177001953125e+02,7.550625000000000000e+02,6.979645490646362305e-01,1.539518127441406250e+02,7.658851318359375000e+02,8.731025457382202148e-01,2.405329284667968750e+02,7.550625000000000000e+02,8.290478587150573730e-01,1.431291809082031250e+02,8.236058959960937500e+02,9.169465899467468262e-01,2.044574584960937500e+02,8.308209838867187500e+02,8.291015625000000000e-01,1.792046356201171875e+02,8.344285278320312500e+02,8.419545292854309082e-01,2.116725616455078125e+02,8.993643798828125000e+02,4.806132614612579346e-01,2.188876495361328125e+02,9.029719238281250000e+02,5.861310958862304688e-01,1.755970916748046875e+02,9.751228637695312500e+02,5.860870480537414551e-01,2.080650177001953125e+02,9.751228637695312500e+02,8.105335831642150879e-01,2.116725616455078125e+02,6.360134887695312500e+02,8.812659978866577148e-01,1.936348266601562500e+02,6.865191650390625000e+02,9.428177475929260254e-01,1.900272827148437500e+02,8.308209838867187500e+02,8.732573986053466797e-01,1.900272827148437500e+02,1.000375671386718750e+03,4.331957995891571045e-01,2.369253845214843750e+02,9.931605834960937500e+02,7.818158864974975586e-01,1.936348266601562500e+02,1.000375671386718750e+03,3.810803294181823730e-01,2.261027374267578125e+02,9.967681274414062500e+02,7.750058770179748535e-01,1.683820037841796875e+02,9.787304077148437500e+02,4.803877174854278564e-01,2.008499145507812500e+02,9.823379516601562500e+02,6.723109483718872070e-01,1.246576256123817501e+02,6.292859115848501688e+02,1.331629436499067651e+02,3.769887734754425992e+02,1.000000000000000000e+00
7.126600000000000000e+04,2.570000000000000000e+02,1.090900000000000000e+04,1.050000000000000000e+02,2.315017700195312500e+02,6.734172973632812500e+02,5.883018970489501953e-01,2.351299743652343750e+02,6.661608886718750000e+02,5.685522556304931641e-01,2.242453460693359375e+02,6.661608886718750000e+02,6.765083670616149902e-01,2.423863830566406250e+02,6.806737060546875000e+02,2.693767249584197998e-01,2.097325134277343750e+02,6.661608886718750000e+02,6.256628036499023438e-01,2.242453460693359375e+02,7.096993408203125000e+02,6.321247220039367676e-01,1.807068481445312500e+02,7.096993408203125000e+02,6.795002222061157227e-01,2.242453460693359375e+02,7.496096191406250000e+02,3.841330409049987793e-01,1.589376068115234375e+02,7.713789062500000000e+02,7.145786285400390625e-01,2.532710113525390625e+02,7.568660888671875000e+02,6.409194469451904297e-01,1.553093872070312500e+02,8.330584106445312500e+02,6.982277631759643555e-01,2.278735504150390625e+02,8.403148803710937500e+02,4.907428920269012451e-01,1.915914764404296875e+02,8.403148803710937500e+02,5.418725609779357910e-01,2.641556396484375000e+02,9.019943847656250000e+02,5.872575640678405762e-01,2.315017700195312500e+02,8.983662109375000000e+02,6.811158657073974609e-01,2.387581787109375000e+02,9.745585327148437500e+02,6.984975934028625488e-01,2.061043090820312500e+02,9.781867675781250000e+02,7.586002945899963379e-01,2.206171417236328125e+02,6.443916015625000000e+02,5.565499663352966309e-01,2.097325134277343750e+02,6.843018798828125000e+02,6.230943202972412109e-01,2.061043090820312500e+02,8.366866455078125000e+02,5.716438889503479004e-01,2.605274353027343750e+02,1.003584228515625000e+03,6.332352161407470703e-01,2.387581787109375000e+02,1.007212402343750000e+03,5.963777303695678711e-01,2.605274353027343750e+02,9.926995849609375000e+02,6.555665135383605957e-01,2.242453460693359375e+02,1.003584228515625000e+03,6.000234484672546387e-01,2.315017700195312500e+02,9.854431762695312500e+02,7.300913333892822266e-01,1.952196807861328125e+02,9.854431762695312500e+02,7.031749486923217773e-01,1.456083187292209686e+02,6.348285135210485350e+02,1.341586398526839048e+02,3.749046136740597603e+02,0.000000000000000000e+00
7.126700000000000000e+04,2.570000000000000000e+02,1.091100000000000000e+04,1.060000000000000000e+02,2.404846496582031250e+02,6.773985595703125000e+02,8.262082934379577637e-01,2.441760711669921875e+02,6.737070922851562500e+02,7.543213367462158203e-01,2.367932281494140625e+02,6.700156860351562500e+02,8.518987298011779785e-01,2.146447143554687500e+02,6.663242797851562500e+02,3.145385980606079102e-01,2.146447143554687500e+02,6.700156860351562500e+02,7.212078571319580078e-01,2.257189788818359375e+02,7.106213378906250000e+02,7.603695392608642578e-01,1.888047637939453125e+02,7.143127441406250000e+02,8.314529657363891602e-01,2.294103851318359375e+02,7.549183959960937500e+02,6.623831987380981445e-01,1.703476715087890625e+02,7.770668945312500000e+02,8.188849687576293945e-01,2.626331787109375000e+02,7.623012084960937500e+02,7.894587516784667969e-01,1.666562500000000000e+02,8.398210449218750000e+02,8.698729872703552246e-01,2.220275573730468750e+02,8.361296386718750000e+02,6.225442290306091309e-01,1.961876068115234375e+02,8.361296386718750000e+02,6.618987917900085449e-01,2.183361358642578125e+02,9.099580078125000000e+02,6.753650307655334473e-01,2.441760711669921875e+02,9.025751953125000000e+02,5.026110410690307617e-01,1.998790283203125000e+02,9.837864379882812500e+02,6.539557576179504395e-01,2.552503356933593750e+02,9.837864379882812500e+02,6.926786899566650391e-01,2.294103851318359375e+02,6.441757812500000000e+02,7.667512893676757812e-01,2.146447143554687500e+02,6.884727783203125000e+02,8.005073070526123047e-01,2.109532928466796875e+02,8.324381713867187500e+02,7.086443901062011719e-01,2.257189788818359375e+02,9.985521240234375000e+02,6.404831409454345703e-01,2.884731140136718750e+02,9.985521240234375000e+02,7.337822318077087402e-01,2.220275573730468750e+02,9.985521240234375000e+02,5.623126626014709473e-01,2.810902709960937500e+02,1.002243530273437500e+03,6.887391209602355957e-01,1.961876068115234375e+02,9.948606567382812500e+02,6.068639755249023438e-01,2.478674926757812500e+02,9.985521240234375000e+02,7.458556890487670898e-01,1.554272779950435392e+02,6.367474036885625992e+02,1.372993764714440772e+02,3.782093778124744858e+02,0.000000000000000000e+00
7.126800000000000000e+04,2.570000000000000000e+02,1.091100000000000000e+04,1.070000000000000000e+02,2.515568695068359375e+02,6.856065673828125000e+02,9.103156924247741699e-01,2.515568695068359375e+02,6.784124145507812500e+02,8.711709380149841309e-01,2.443627624511718750e+02,6.748153686523437500e+02,9.445278644561767578e-01,2.479598083496093750e+02,6.820094604492187500e+02,4.059745669364929199e-01,2.227804565429687500e+02,6.748153686523437500e+02,8.305372595787048340e-01,2.371686706542968750e+02,7.143829345703125000e+02,8.068208098411560059e-01,1.976011047363281250e+02,7.215770263671875000e+02,8.014369010925292969e-01,2.371686706542968750e+02,7.683386840820312500e+02,6.374787092208862305e-01,1.760187988281250000e+02,7.863239746093750000e+02,7.736353278160095215e-01,2.695421142578125000e+02,7.719357910156250000e+02,6.559761762619018555e-01,1.796158447265625000e+02,8.510708618164062500e+02,8.516513705253601074e-01,2.335716094970703125e+02,8.438767700195312500e+02,6.128783822059631348e-01,2.083922576904296875e+02,8.474738159179687500e+02,6.452426314353942871e-01,2.371686706542968750e+02,9.122207641601562500e+02,4.771717488765716553e-01,2.551539154052734375e+02,9.122207641601562500e+02,5.976504683494567871e-01,2.911244201660156250e+02,9.985499877929687500e+02,3.901720345020294189e-01,2.803332824707031250e+02,9.985499877929687500e+02,8.631570339202880859e-01,2.371686706542968750e+02,6.496360473632812500e+02,8.139817118644714355e-01,2.227804565429687500e+02,6.928006591796875000e+02,7.930376529693603516e-01,2.227804565429687500e+02,8.402797241210937500e+02,6.904110908508300781e-01,3.270949401855468750e+02,9.985499877929687500e+02,6.803383827209472656e-01,3.199008483886718750e+02,1.012938171386718750e+03,6.940883398056030273e-01,3.270949401855468750e+02,9.949529418945312500e+02,5.876140594482421875e-01,3.127067260742187500e+02,1.016535217285156250e+03,7.406324744224548340e-01,2.911244201660156250e+02,1.002147033691406250e+03,4.590243697166442871e-01,2.803332824707031250e+02,1.016535217285156250e+03,7.717289328575134277e-01,1.685697753968695736e+02,6.458522308774033718e+02,1.389275830656292499e+02,3.730313765065448024e+02,0.000000000000000000e+00
7.126900000000000000e+04,2.570000000000000000e+02,1.088800000000000000e+04,1.090000000000000000e+02,2.752417297363281250e+02,6.939132690429687500e+02,4.907337129116058350e-01,3.336441955566406250e+02,7.158142089843750000e+02,5.487270951271057129e-01,2.679414062500000000e+02,6.829628295898437500e+02,5.634456872940063477e-01,2.971426391601562500e+02,7.012135620117187500e+02,3.583322167396545410e-01,2.496906433105468750e+02,6.829628295898437500e+02,5.423542857170104980e-01,3.263438720703125000e+02,7.450154418945312500e+02,4.564887583255767822e-01,2.204894104003906250e+02,7.267646484375000000e+02,5.555719733238220215e-01,3.299940490722656250e+02,7.851671142578125000e+02,4.837922751903533936e-01,1.985884857177734375e+02,7.924674072265625000e+02,6.155624985694885254e-01,3.445946655273437500e+02,8.253188476562500000e+02,6.658406853675842285e-01,2.058887939453125000e+02,8.618203735351562500e+02,5.557661652565002441e-01,2.788918762207031250e+02,8.545200805664062500e+02,3.269473016262054443e-01,2.314398803710937500e+02,8.581702270507812500e+02,4.266969263553619385e-01,3.044429626464843750e+02,9.129225463867187500e+02,4.460139572620391846e-01,2.788918762207031250e+02,9.238729858398437500e+02,5.525102019309997559e-01,3.263438720703125000e+02,9.968760375976562500e+02,4.992404878139495850e-01,3.007928161621093750e+02,1.007826538085937500e+03,8.194539546966552734e-01,3.263438720703125000e+02,6.866129760742187500e+02,5.679646134376525879e-01,2.496906433105468750e+02,7.048637084960937500e+02,5.116201639175415039e-01,2.606411132812500000e+02,8.435695800781250000e+02,3.066563308238983154e-01,3.518949584960937500e+02,1.004176391601562500e+03,6.466605067253112793e-01,3.372943420410156250e+02,1.018776977539062500e+03,6.187045574188232422e-01,3.518949584960937500e+02,1.004176391601562500e+03,6.105864048004150391e-01,3.299940490722656250e+02,1.022427124023437500e+03,6.711617112159729004e-01,3.263438720703125000e+02,1.004176391601562500e+03,6.625338196754455566e-01,3.007928161621093750e+02,1.018776977539062500e+03,7.791503667831420898e-01,1.994387709925516390e+02,6.523093864397184234e+02,1.473954060261982306e+02,3.721131066143501585e+02,0.000000000000000000e+00
7.127000000000000000e+04,2.570000000000000000e+02,1.091700000000000000e+04,1.100000000000000000e+02,2.865384826660156250e+02,6.912407226562500000e+02,7.705508470535278320e-01,2.865384826660156250e+02,6.838240966796875000e+02,8.011769056320190430e-01,2.791218566894531250e+02,6.838240966796875000e+02,8.544735908508300781e-01,2.902467956542968750e+02,6.875324096679687500e+02,3.894206881523132324e-01,2.568719482421875000e+02,6.838240966796875000e+02,7.969471812248229980e-01,2.791218566894531250e+02,7.246156005859375000e+02,7.352226972579956055e-01,2.346220550537109375e+02,7.283239135742187500e+02,7.273279428482055664e-01,2.828301696777343750e+02,7.691153564453125000e+02,4.653524756431579590e-01,2.123721466064453125e+02,8.024902343750000000e+02,6.432457566261291504e-01,3.087883911132812500e+02,7.839486694335937500e+02,6.158953905105590820e-01,2.197887878417968750e+02,8.655316162109375000e+02,7.095155715942382812e-01,2.828301696777343750e+02,8.544066772460937500e+02,4.703224003314971924e-01,2.494553222656250000e+02,8.618233032226562500e+02,5.201917886734008789e-01,3.199133300781250000e+02,9.174480590820312500e+02,5.539662241935729980e-01,2.865384826660156250e+02,9.285729980468750000e+02,7.424763441085815430e-01,3.310382995605468750e+02,9.953226928710937500e+02,7.420106530189514160e-01,3.050800781250000000e+02,1.010155944824218750e+03,8.935956358909606934e-01,2.754135437011718750e+02,6.541575317382812500e+02,5.390581488609313965e-01,2.605802612304687500e+02,7.060739746093750000e+02,7.627889513969421387e-01,2.642885742187500000e+02,8.544066772460937500e+02,5.626679062843322754e-01,3.569965209960937500e+02,1.010155944824218750e+03,7.368788123130798340e-01,3.347466125488281250e+02,1.024989257812500000e+03,7.648810744285583496e-01,3.569965209960937500e+02,1.006447631835937500e+03,7.254340648651123047e-01,3.273299865722656250e+02,1.028697509765625000e+03,8.588446974754333496e-01,3.310382995605468750e+02,1.006447631835937500e+03,7.335168719291687012e-01,3.050800781250000000e+02,1.021280944824218750e+03,8.854167461395263672e-01,2.053348425436441005e+02,6.498336811269177815e+02,1.517669784650935014e+02,3.778636794342460234e+02,0.000000000000000000e+00
7.127100000000000000e+04,2.570000000000000000e+02,1.091700000000000000e+04,1.120000000000000000e+02,3.126482849121093750e+02,6.845972900390625000e+02,8.939988613128662109e-01,3.126482849121093750e+02,6.778181152343750000e+02,8.288069367408752441e-01,3.058691406250000000e+02,6.778181152343750000e+02,9.067323207855224609e-01,2.787525329589843750e+02,6.744285278320312500e+02,4.334303140640258789e-01,2.855316772460937500e+02,6.778181152343750000e+02,8.189249038696289062e-01,2.889212646484375000e+02,7.252722167968750000e+02,8.628810048103332520e-01,2.550254974365234375e+02,7.320513305664062500e+02,8.552467823028564453e-01,2.957004089355468750e+02,7.761158447265625000e+02,5.798991918563842773e-01,2.448567657470703125e+02,8.032324218750000000e+02,8.625838160514831543e-01,3.295961608886718750e+02,7.795054321289062500e+02,8.285870552062988281e-01,2.550254974365234375e+02,8.676343994140625000e+02,8.405936360359191895e-01,3.024795532226562500e+02,8.540760498046875000e+02,7.267535328865051270e-01,2.787525329589843750e+02,8.608552246093750000e+02,7.476390600204467773e-01,3.329857482910156250e+02,9.252572021484375000e+02,8.509864211082458496e-01,3.092587280273437500e+02,9.354259033203125000e+02,7.787471413612365723e-01,3.262066040039062500e+02,1.003217407226562500e+03,8.466988205909729004e-01,3.126482849121093750e+02,1.013386169433593750e+03,7.250439524650573730e-01,2.957004089355468750e+02,6.473119506835937500e+02,8.909714818000793457e-01,2.787525329589843750e+02,7.015451660156250000e+02,8.587673902511596680e-01,2.889212646484375000e+02,8.540760498046875000e+02,8.083512783050537109e-01,3.533232116699218750e+02,1.020165283203125000e+03,6.326794624328613281e-01,3.601023559570312500e+02,1.020165283203125000e+03,7.602176666259765625e-01,3.567127685546875000e+02,1.013386169433593750e+03,6.438669562339782715e-01,3.499336242675781250e+02,1.023554870605468750e+03,7.711856365203857422e-01,3.194274291992187500e+02,1.013386169433593750e+03,5.538621544837951660e-01,3.126482849121093750e+02,1.023554870605468750e+03,6.130930781364440918e-01,2.185107123957799615e+02,6.603541138403413697e+02,1.446342905016917655e+02,3.538021898941346990e+02,0.000000000000000000e+00
7.127200000000000000e+04,2.570000000000000000e+02,1.091100000000000000e+04,1.130000000000000000e+02,3.267666931152343750e+02,6.836417236328125000e+02,9.081217646598815918e-01,3.267666931152343750e+02,6.727727661132812500e+02,8.805354833602905273e-01,3.195207214355468750e+02,6.763957519531250000e+02,9.642502069473266602e-01,2.941598205566406250e+02,6.800187377929687500e+02,4.573755860328674316e-01,2.977828063964843750e+02,6.800187377929687500e+02,8.790687322616577148e-01,3.086517639160156250e+02,7.234945678710937500e+02,8.488523364067077637e-01,2.724219055175781250e+02,7.307405395507812500e+02,8.479178547859191895e-01,3.122747497558593750e+02,7.778393554687500000e+02,6.051269769668579102e-01,2.615529479980468750e+02,8.032002563476562500e+02,8.483987450599670410e-01,3.448815917968750000e+02,7.814623413085937500e+02,8.361161947250366211e-01,2.687989196777343750e+02,8.647909545898437500e+02,8.593305349349975586e-01,3.122747497558593750e+02,8.502990112304687500e+02,7.271715402603149414e-01,2.905368347167968750e+02,8.575449829101562500e+02,7.880210876464843750e-01,3.303896789550781250e+02,9.227587280273437500e+02,7.296815514564514160e-01,3.267666931152343750e+02,9.263817138671875000e+02,7.488044500350952148e-01,2.361920623779296875e+02,9.734805297851562500e+02,4.855015277862548828e-01,3.267666931152343750e+02,1.006087402343750000e+03,8.944578766822814941e-01,3.050287780761718750e+02,6.474119262695312500e+02,9.397193789482116699e-01,2.941598205566406250e+02,7.053796386718750000e+02,9.543343782424926758e-01,3.014057922363281250e+02,8.502990112304687500e+02,8.167325854301452637e-01,2.253231201171875000e+02,1.016956298828125000e+03,7.191954255104064941e-01,3.557505493164062500e+02,1.016956298828125000e+03,9.051887989044189453e-01,2.253231201171875000e+02,1.013333312988281250e+03,6.786766648292541504e-01,3.485045776367187500e+02,1.024202270507812500e+03,9.019632339477539062e-01,2.180771484375000000e+02,9.698575439453125000e+02,7.251975536346435547e-01,3.195207214355468750e+02,1.016956298828125000e+03,7.549697756767272949e-01,2.203811471869312015e+02,6.529909663772947397e+02,1.479963392161845661e+02,3.651878658846015924e+02,0.000000000000000000e+00
7.127300000000000000e+04,2.570000000000000000e+02,1.091100000000000000e+04,1.140000000000000000e+02,3.401232910156250000e+02,6.798195800781250000e+02,9.442352056503295898e-01,3.401232910156250000e+02,6.723817138671875000e+02,9.001101255416870117e-01,3.326854248046875000e+02,6.723817138671875000e+02,9.506437778472900391e-01,3.066528930664062500e+02,6.723817138671875000e+02,5.089011788368225098e-01,3.066528930664062500e+02,6.723817138671875000e+02,8.797125816345214844e-01,3.252475585937500000e+02,7.207279052734375000e+02,9.033066034317016602e-01,2.843392944335937500e+02,7.281657714843750000e+02,9.378614425659179688e-01,3.215286254882812500e+02,7.802308349609375000e+02,8.754510879516601562e-01,2.769014282226562500e+02,8.025444335937500000e+02,8.956466913223266602e-01,3.549990234375000000e+02,7.802308349609375000e+02,8.750660419464111328e-01,2.843392944335937500e+02,8.657662353515625000e+02,8.614864349365234375e-01,3.289664916992187500e+02,8.546094970703125000e+02,8.079121708869934082e-01,3.029339599609375000e+02,8.583283691406250000e+02,8.499515652656555176e-01,3.549990234375000000e+02,9.289881591796875000e+02,8.776544928550720215e-01,3.289664916992187500e+02,9.364260253906250000e+02,6.669730544090270996e-01,2.731824951171875000e+02,9.773342285156250000e+02,5.206500887870788574e-01,3.178096923828125000e+02,1.007085693359375000e+03,6.790146827697753906e-01,3.215286254882812500e+02,6.426302490234375000e+02,9.104979634284973145e-01,3.066528930664062500e+02,7.021331787109375000e+02,9.106707572937011719e-01,3.140907592773437500e+02,8.508905029296875000e+02,8.867232203483581543e-01,2.620256958007812500e+02,1.018242553710937500e+03,6.529878973960876465e-01,3.401232910156250000e+02,1.018242553710937500e+03,4.786327183246612549e-01,2.620256958007812500e+02,1.014523559570312500e+03,5.397238135337829590e-01,3.364043579101562500e+02,1.025680419921875000e+03,5.309925079345703125e-01,2.508688964843750000e+02,9.736153564453125000e+02,5.909671187400817871e-01,2.992150268554687500e+02,1.018242553710937500e+03,3.563334941864013672e-01,2.361394385208426456e+02,6.398591596071153162e+02,1.497358686073845320e+02,3.757610550691033495e+02,0.000000000000000000e+00
7.127400000000000000e+04,2.570000000000000000e+02,1.091100000000000000e+04,1.150000000000000000e+02,3.543628845214843750e+02,6.786771240234375000e+02,9.768320322036743164e-01,3.543628845214843750e+02,6.675106201171875000e+02,9.179186820983886719e-01,3.469185180664062500e+02,6.675106201171875000e+02,9.561554789543151855e-01,3.171411743164062500e+02,6.712327880859375000e+02,5.002799630165100098e-01,3.245855102539062500e+02,6.712327880859375000e+02,8.718606233596801758e-01,3.357520141601562500e+02,7.158988647460937500e+02,8.363847136497497559e-01,2.985303039550781250e+02,7.233432006835937500e+02,8.808879852294921875e-01,3.357520141601562500e+02,7.754535522460937500e+02,7.499780058860778809e-01,2.910859680175781250e+02,8.015087890625000000e+02,9.006735086441040039e-01,3.692515563964843750e+02,7.717313842773437500e+02,8.810679316520690918e-01,3.022524719238281250e+02,8.647856445312500000e+02,8.996833562850952148e-01,3.394741821289062500e+02,8.536191406250000000e+02,8.338392376899719238e-01,3.171411743164062500e+02,8.573413085937500000e+02,8.393545746803283691e-01,3.766958923339843750e+02,9.243403930664062500e+02,9.266462326049804688e-01,3.394741821289062500e+02,9.355068969726562500e+02,4.544649422168731689e-01,3.096968383789062500e+02,9.876173095703125000e+02,6.165056824684143066e-01,3.096968383789062500e+02,9.987838134765625000e+02,6.557781696319580078e-01,3.357520141601562500e+02,6.414554443359375000e+02,9.035561680793762207e-01,3.171411743164062500e+02,6.972880249023437500e+02,9.256890416145324707e-01,3.283076782226562500e+02,8.498969726562500000e+02,8.666031360626220703e-01,3.469185180664062500e+02,1.021116821289062500e+03,6.246417760848999023e-01,3.431963500976562500e+02,1.021116821289062500e+03,6.893286108970642090e-01,3.469185180664062500e+02,1.017394653320312500e+03,5.791167616844177246e-01,3.320298461914062500e+02,1.024838989257812500e+03,7.597130537033081055e-01,2.910859680175781250e+02,1.002505981445312500e+03,5.173845291137695312e-01,2.873638000488281250e+02,1.006228149414062500e+03,6.950157284736633301e-01,2.515572925647094280e+02,6.364820233359498616e+02,1.496508164664858214e+02,3.799787278348654809e+02,0.000000000000000000e+00
7.127500000000000000e+04,2.570000000000000000e+02,1.091100000000000000e+04,1.160000000000000000e+02,3.693336181640625000e+02,6.749516601562500000e+02,9.439885616302490234e-01,3.693336181640625000e+02,6.673220214843750000e+02,9.142982959747314453e-01,3.617039794921875000e+02,6.673220214843750000e+02,9.497784972190856934e-01,3.388150024414062500e+02,6.711368408203125000e+02,5.316193103790283203e-01,3.388150024414062500e+02,6.711368408203125000e+02,9.105491042137145996e-01,3.464446411132812500e+02,7.169147949218750000e+02,8.899474143981933594e-01,3.121112060546875000e+02,7.283592529296875000e+02,9.058764576911926270e-01,3.502594909667968750e+02,7.855817260742187500e+02,6.860221028327941895e-01,3.044815368652343750e+02,8.046558837890625000e+02,9.031035900115966797e-01,3.884077758789062500e+02,7.741372070312500000e+02,8.900238275527954102e-01,3.235556640625000000e+02,8.656931152343750000e+02,9.301325082778930664e-01,3.540743103027343750e+02,8.580634765625000000e+02,8.155568242073059082e-01,3.235556640625000000e+02,8.618782958984375000e+02,7.932971715927124023e-01,3.922225952148437500e+02,9.229155883789062500e+02,9.170151352882385254e-01,3.235556640625000000e+02,9.458045654296875000e+02,7.051196098327636719e-01,3.578891601562500000e+02,1.003026977539062500e+03,8.747627735137939453e-01,3.044815368652343750e+02,1.010656677246093750e+03,8.086829781532287598e-01,3.464446411132812500e+02,6.406182250976562500e+02,9.084898233413696289e-01,3.350001831054687500e+02,6.978406372070312500e+02,8.989351987838745117e-01,3.388150024414062500e+02,8.542486572265625000e+02,8.401781916618347168e-01,3.884077758789062500e+02,1.022101135253906250e+03,8.695257306098937988e-01,3.845929565429687500e+02,1.025916015625000000e+03,4.295034110546112061e-01,3.884077758789062500e+02,1.018286315917968750e+03,7.750488519668579102e-01,3.617039794921875000e+02,1.033545654296875000e+03,4.350759685039520264e-01,3.464446411132812500e+02,1.014471496582031250e+03,7.090126276016235352e-01,2.968518676757812500e+02,1.022101135253906250e+03,7.926786541938781738e-01,2.633347269147604379e+02,6.370582855830546123e+02,1.511103431151668133e+02,3.877353755331666889e+02,0.000000000000000000e+00
7.127600000000000000e+04,2.570000000000000000e+02,1.088800000000000000e+04,1.170000000000000000e+02,3.834989929199218750e+02,6.789685668945312500e+02,9.253619313240051270e-01,3.834989929199218750e+02,6.715344238281250000e+02,9.049475193023681641e-01,3.760648193359375000e+02,6.715344238281250000e+02,9.614841938018798828e-01,3.463282165527343750e+02,6.678173828125000000e+02,4.283282458782196045e-01,3.537623596191406250e+02,6.715344238281250000e+02,8.567581772804260254e-01,3.611965026855468750e+02,7.198564453125000000e+02,9.095013141632080078e-01,3.277428283691406250e+02,7.272905883789062500e+02,9.004319310188293457e-01,3.649136047363281250e+02,7.904808959960937500e+02,7.978547811508178711e-01,3.240257263183593750e+02,8.016321411132812500e+02,8.999172449111938477e-01,3.872160644531250000e+02,8.499541625976562500e+02,5.783069133758544922e-01,3.351769714355468750e+02,8.648225097656250000e+02,8.620498776435852051e-01,3.649136047363281250e+02,8.499541625976562500e+02,8.209665417671203613e-01,3.314598999023437500e+02,8.573883056640625000e+02,7.449177503585815430e-01,4.095185241699218750e+02,9.205786743164062500e+02,8.651986718177795410e-01,3.165915832519531250e+02,9.428811035156250000e+02,7.786509394645690918e-01,4.058014526367187500e+02,1.002354370117187500e+03,8.852877616882324219e-01,3.054403381347656250e+02,1.013505615234375000e+03,7.225903868675231934e-01,3.649136047363281250e+02,6.417977905273437500e+02,8.835501074790954590e-01,3.500452880859375000e+02,6.975539550781250000e+02,8.796474933624267578e-01,3.500452880859375000e+02,8.499541625976562500e+02,8.672598600387573242e-01,4.392551574707031250e+02,1.017222656250000000e+03,6.014391183853149414e-01,4.355380859375000000e+02,1.020939758300781250e+03,3.884169161319732666e-01,4.392551574707031250e+02,1.009788513183593750e+03,6.240931153297424316e-01,4.318209838867187500e+02,1.024656860351562500e+03,3.712272644042968750e-01,3.983673095703125000e+02,1.009788513183593750e+03,5.653084516525268555e-01,2.942891235351562500e+02,1.020939758300781250e+03,5.688387155532836914e-01,2.712464992101345160e+02,6.429737054014135538e+02,1.491077523709578827e+02,3.840905733468953258e+02,0.000000000000000000e+00
7.127700000000000000e+04,2.570000000000000000e+02,1.088800000000000000e+04,1.180000000000000000e+02,3.988688659667968750e+02,6.802208862304687500e+02,9.060233235359191895e-01,3.988688659667968750e+02,6.722547607421875000e+02,8.512393236160278320e-01,3.948857727050781250e+02,6.722547607421875000e+02,9.142559766769409180e-01,3.630210876464843750e+02,6.762377929687500000e+02,4.974290728569030762e-01,3.709872741699218750e+02,6.802208862304687500e+02,8.431686758995056152e-01,3.749703674316406250e+02,7.200517578125000000e+02,8.734030723571777344e-01,3.470887451171875000e+02,7.280179443359375000e+02,9.172422289848327637e-01,3.749703674316406250e+02,7.837811279296875000e+02,7.537031173706054688e-01,3.431056823730468750e+02,8.036965332031250000e+02,8.630531430244445801e-01,4.108181152343750000e+02,7.797980346679687500e+02,7.323186397552490234e-01,3.590380249023437500e+02,8.714089965820312500e+02,9.168465733528137207e-01,3.709872741699218750e+02,8.594597778320312500e+02,7.681096792221069336e-01,3.510718383789062500e+02,8.674259033203125000e+02,7.997869253158569336e-01,4.307335510253906250e+02,9.231891479492187500e+02,4.023777544498443604e-01,4.267504577636718750e+02,9.271722412109375000e+02,7.446255087852478027e-01,3.112409973144531250e+02,1.014800109863281250e+03,4.311997294425964355e-01,4.347166442871093750e+02,1.010817016601562500e+03,7.468761801719665527e-01,3.789534301757812500e+02,6.443731079101562500e+02,8.761364817619323730e-01,3.670041809082031250e+02,7.041194458007812500e+02,9.130223393440246582e-01,3.590380249023437500e+02,8.594597778320312500e+02,8.450545668601989746e-01,4.745474853515625000e+02,1.018783203125000000e+03,6.489969491958618164e-01,4.665813293457031250e+02,1.014800109863281250e+03,4.380412995815277100e-01,4.745474853515625000e+02,1.010817016601562500e+03,6.286609172821044922e-01,4.625982360839843750e+02,1.022766296386718750e+03,4.721134006977081299e-01,4.347166442871093750e+02,1.014800109863281250e+03,5.170701146125793457e-01,4.347166442871093750e+02,1.022766296386718750e+03,5.833203196525573730e-01,2.963483489794508046e+02,6.341181308730974706e+02,1.566650221070472071e+02,4.004821544986687059e+02,0.000000000000000000e+00
7.127800000000000000e+04,2.570000000000000000e+02,1.088800000000000000e+04,1.190000000000000000e+02,4.190237426757812500e+02,6.865830078125000000e+02,9.158874154090881348e-01,4.190237426757812500e+02,6.752395629882812500e+02,8.920693397521972656e-01,4.114614868164062500e+02,6.752395629882812500e+02,9.346820116043090820e-01,3.849935607910156250e+02,6.752395629882812500e+02,5.947520136833190918e-01,3.887746887207031250e+02,6.790207519531250000e+02,9.232024550437927246e-01,3.925558166503906250e+02,7.243943481445312500e+02,8.597459197044372559e-01,3.660878906250000000e+02,7.319566040039062500e+02,9.217612147331237793e-01,3.963369445800781250e+02,7.886735839843750000e+02,7.276632785797119141e-01,3.585256347656250000e+02,8.075792236328125000e+02,8.827957510948181152e-01,4.303671569824218750e+02,7.357377319335937500e+02,6.551158428192138672e-01,3.774312744140625000e+02,8.756396484375000000e+02,9.402356743812561035e-01,3.849935607910156250e+02,8.642962646484375000e+02,7.481653094291687012e-01,3.736501464843750000e+02,8.642962646484375000e+02,7.128843665122985840e-01,3.320576782226562500e+02,9.437000122070312500e+02,5.461390614509582520e-01,4.417105407714843750e+02,9.361377563476562500e+02,8.324637413024902344e-01,3.131520385742187500e+02,1.007979309082031250e+03,7.304482460021972656e-01,4.719596252441406250e+02,1.011760437011718750e+03,9.221839308738708496e-01,3.963369445800781250e+02,6.449905395507812500e+02,9.143972992897033691e-01,3.812124328613281250e+02,7.017075195312500000e+02,9.236667752265930176e-01,3.774312744140625000e+02,8.605151367187500000e+02,8.787067532539367676e-01,3.471822204589843750e+02,1.026885009765625000e+03,6.217910051345825195e-01,5.173331909179687500e+02,1.011760437011718750e+03,8.192818760871887207e-01,3.434010925292968750e+02,1.023103820800781250e+03,5.923966765403747559e-01,5.097709350585937500e+02,1.019322692871093750e+03,8.775852918624877930e-01,3.055897521972656250e+02,1.019322692871093750e+03,6.287897825241088867e-01,4.681784667968750000e+02,1.023103820800781250e+03,8.530879616737365723e-01,3.238695514921425911e+02,6.390412148633520246e+02,1.595713063623612697e+02,3.931737367135631303e+02,0.000000000000000000e+00
7.127900000000000000e+04,2.570000000000000000e+02,1.092000000000000000e+04,1.210000000000000000e+02,4.510489501953125000e+02,6.958967285156250000e+02,9.135071635246276855e-01,4.510489501953125000e+02,6.879145507812500000e+02,8.659950494766235352e-01,4.430667114257812500e+02,6.879145507812500000e+02,9.276785254478454590e-01,4.151289672851562500e+02,6.879145507812500000e+02,5.533692240715026855e-01,4.231111755371093750e+02,6.879145507812500000e+02,8.694676160812377930e-01,4.271022949218750000e+02,7.358078613281250000e+02,9.466760158538818359e-01,3.991645202636718750e+02,7.397989501953125000e+02,9.612181782722473145e-01,4.271022949218750000e+02,7.996656494140625000e+02,8.281273841857910156e-01,3.951734008789062500e+02,8.156300659179687500e+02,9.009290337562561035e-01,4.590311584472656250e+02,8.036567382812500000e+02,6.562369465827941895e-01,4.151289672851562500e+02,8.794878540039062500e+02,8.950078487396240234e-01,3.991645202636718750e+02,8.754967041015625000e+02,7.874487042427062988e-01,4.191200561523437500e+02,8.754967041015625000e+02,8.803535103797912598e-01,3.632445068359375000e+02,9.433455810546875000e+02,8.387632966041564941e-01,4.749956054687500000e+02,9.393544921875000000e+02,8.929361701011657715e-01,3.233334045410156250e+02,1.007203369140625000e+03,9.508509635925292969e-01,5.069244995117187500e+02,1.015185607910156250e+03,9.356638193130493164e-01,4.310933837890625000e+02,6.559856567382812500e+02,8.754616975784301758e-01,4.151289672851562500e+02,7.158522949218750000e+02,9.093254208564758301e-01,4.111378479003906250e+02,8.715056152343750000e+02,8.059333562850952148e-01,3.472800598144531250e+02,1.023167785644531250e+03,7.934738397598266602e-01,5.468355712890625000e+02,1.011194458007812500e+03,9.506692290306091309e-01,3.392978515625000000e+02,1.023167785644531250e+03,7.436397671699523926e-01,5.428444824218750000e+02,1.019176696777343750e+03,9.605406522750854492e-01,3.073689575195312500e+02,1.015185607910156250e+03,8.509953618049621582e-01,5.069244995117187500e+02,1.027158935546875000e+03,8.974371552467346191e-01,3.420252688904660658e+02,6.359419890553647292e+02,1.782693750452090740e+02,4.037839546109382809e+02,0.000000000000000000e+00
7.128000000000000000e+04,2.570000000000000000e+02,1.092000000000000000e+04,1.220000000000000000e+02,4.698973999023437500e+02,6.925744628906250000e+02,9.278295636177062988e-01,4.698973999023437500e+02,6.846564941406250000e+02,9.136017560958862305e-01,4.619794921875000000e+02,6.846564941406250000e+02,9.198314547538757324e-01,4.382256774902343750e+02,6.846564941406250000e+02,5.614082217216491699e-01,4.421846618652343750e+02,6.886154785156250000e+02,8.893762230873107910e-01,4.421846618652343750e+02,7.321641235351562500e+02,8.737323284149169922e-01,4.184308471679687500e+02,7.400820312500000000e+02,9.281384944915771484e-01,4.540615539550781250e+02,7.915485839843750000e+02,6.997779607772827148e-01,4.105129089355468750e+02,8.153023681640625000e+02,9.032047390937805176e-01,4.778153381347656250e+02,7.400820312500000000e+02,5.173669457435607910e-01,4.303077392578125000e+02,8.826048583984375000e+02,8.922451734542846680e-01,4.382256774902343750e+02,8.707279052734375000e+02,6.806593537330627441e-01,4.342667236328125000e+02,8.746868896484375000e+02,7.277289032936096191e-01,3.907180786132812500e+02,9.499072875976562500e+02,8.645077347755432129e-01,4.936512145996093750e+02,9.459483032226562500e+02,9.098400473594665527e-01,3.313335876464843750e+02,1.005332763671875000e+03,8.367280960083007812e-01,5.174050292968750000e+02,1.021168640136718750e+03,9.045510292053222656e-01,4.501025695800781250e+02,6.569437255859375000e+02,9.092438817024230957e-01,4.342667236328125000e+02,7.163282470703125000e+02,9.386256337165832520e-01,4.342667236328125000e+02,8.707279052734375000e+02,8.194927573204040527e-01,3.471694641113281250e+02,1.029086547851562500e+03,6.656681299209594727e-01,5.490767211914062500e+02,1.025127685546875000e+03,8.683171868324279785e-01,3.432104797363281250e+02,1.025127685546875000e+03,5.979537963867187500e-01,5.451177978515625000e+02,1.029086547851562500e+03,8.987823724746704102e-01,3.194566955566406250e+02,1.013250732421875000e+03,6.501454114913940430e-01,5.134460449218750000e+02,1.033045532226562500e+03,8.786230683326721191e-01,3.444897611626878984e+02,6.423796133593978084e+02,1.839716038373033484e+02,4.059429148384056134e+02,0.000000000000000000e+00
7.128100000000000000e+04,2.570000000000000000e+02,1.092000000000000000e+04,1.230000000000000000e+02,4.895774230957031250e+02,6.953751831054687500e+02,7.098598480224609375e-01,4.933911437988281250e+02,6.877477416992187500e+02,7.274524569511413574e-01,4.819499816894531250e+02,6.877477416992187500e+02,7.811604142189025879e-01,4.552539672851562500e+02,6.877477416992187500e+02,3.397148549556732178e-01,4.590676879882812500e+02,6.915614624023437500e+02,8.230827450752258301e-01,4.743225708007812500e+02,7.373261108398437500e+02,8.498033881187438965e-01,4.361853637695312500e+02,7.411398315429687500e+02,9.412477016448974609e-01,4.857637023925781250e+02,7.983455810546875000e+02,8.155631422996520996e-01,4.285579223632812500e+02,8.212279052734375000e+02,8.917368054389953613e-01,4.972048645019531250e+02,7.449535522460937500e+02,8.311921358108520508e-01,4.476265258789062500e+02,8.822474365234375000e+02,9.233708381652832031e-01,4.628814086914062500e+02,8.860611572265625000e+02,6.991697549819946289e-01,4.628814086914062500e+02,8.898748779296875000e+02,7.576615214347839355e-01,4.209304809570312500e+02,9.623355102539062500e+02,8.253148794174194336e-01,5.124597778320312500e+02,9.585217895507812500e+02,8.783290386199951172e-01,3.484698181152343750e+02,1.000472717285156250e+03,8.899350166320800781e-01,5.239008789062500000e+02,1.034796142578125000e+03,8.283348679542541504e-01,4.666951293945312500e+02,6.572379760742187500e+02,9.476795792579650879e-01,4.590676879882812500e+02,7.182575073242187500e+02,8.718156814575195312e-01,4.590676879882812500e+02,8.822474365234375000e+02,8.136968612670898438e-01,3.446560974121093750e+02,1.038609863281250000e+03,4.547963142395019531e-01,5.620380859375000000e+02,1.034796142578125000e+03,7.774927020072937012e-01,3.446560974121093750e+02,1.030982421875000000e+03,4.726999104022979736e-01,5.582243652343750000e+02,1.038609863281250000e+03,7.336806058883666992e-01,3.332149353027343750e+02,9.966589965820312500e+02,6.950060725212097168e-01,5.162734985351562500e+02,1.042423583984375000e+03,6.648848056793212891e-01,3.443272542171842474e+02,6.428604825400291247e+02,1.849451449581919746e+02,3.969206767535183644e+02,0.000000000000000000e+00
7.128200000000000000e+04,2.570000000000000000e+02,1.092000000000000000e+04,1.250000000000000000e+02,5.277744750976562500e+02,6.846708984375000000e+02,9.173458218574523926e-01,5.240379638671875000e+02,6.734613647460937500e+02,7.897186875343322754e-01,5.203014526367187500e+02,6.771978759765625000e+02,8.983839154243469238e-01,4.866728820800781250e+02,6.771978759765625000e+02,4.826278686523437500e-01,4.978824157714843750e+02,6.809343872070312500e+02,8.408868312835693359e-01,5.053554077148437500e+02,7.332455444335937500e+02,8.345347642898559570e-01,4.679903259277343750e+02,7.369820556640625000e+02,9.604418277740478516e-01,5.053554077148437500e+02,8.042391967773437500e+02,7.351076006889343262e-01,4.642538146972656250e+02,8.117122192382812500e+02,8.968988656997680664e-01,5.203014526367187500e+02,8.602868041992187500e+02,7.563918232917785645e-01,4.754633483886718750e+02,8.864423828125000000e+02,8.861901164054870605e-01,5.128284301757812500e+02,8.901788940429687500e+02,8.656910657882690430e-01,4.866728820800781250e+02,8.976519165039062500e+02,8.156041502952575684e-01,5.240379638671875000e+02,9.873281250000000000e+02,5.656812191009521484e-01,4.941459045410156250e+02,9.873281250000000000e+02,5.162550210952758789e-01,4.156791992187500000e+02,9.985376586914062500e+02,5.452977418899536133e-01,4.119427185058593750e+02,1.013483703613281250e+03,5.292143821716308594e-01,5.016189270019531250e+02,6.473058471679687500e+02,9.041547775268554688e-01,4.904093933105468750e+02,7.108264770507812500e+02,9.350826144218444824e-01,4.978824157714843750e+02,8.901788940429687500e+02,8.743638396263122559e-01,3.783141174316406250e+02,1.009747192382812500e+03,2.429835051298141479e-01,3.932601623535156250e+02,1.032166259765625000e+03,4.922986626625061035e-01,3.783141174316406250e+02,1.002274169921875000e+03,3.307121694087982178e-01,3.857871398925781250e+02,1.028429687500000000e+03,6.443962454795837402e-01,3.932601623535156250e+02,9.835916137695312500e+02,5.854681134223937988e-01,3.969966735839843750e+02,9.985376586914062500e+02,7.073427438735961914e-01,3.848727369209164522e+02,6.462095134561752729e+02,1.762229008424034760e+02,3.821420239555998251e+02,0.000000000000000000e+00
7.128300000000000000e+04,2.570000000000000000e+02,1.092000000000000000e+04,1.260000000000000000e+02,5.439454956054687500e+02,6.871638183593750000e+02,9.275837540626525879e-01,5.439454956054687500e+02,6.757427368164062500e+02,9.101340770721435547e-01,5.363314208984375000e+02,6.757427368164062500e+02,9.282425045967102051e-01,5.134893188476562500e+02,6.795497436523437500e+02,6.034443974494934082e-01,5.134893188476562500e+02,6.795497436523437500e+02,9.000122547149658203e-01,5.172963256835937500e+02,7.290410156250000000e+02,8.983266949653625488e-01,4.868401489257812500e+02,7.328480834960937500e+02,9.149388670921325684e-01,5.287174072265625000e+02,8.013744506835937500e+02,8.545241951942443848e-01,4.792261047363281250e+02,8.127955322265625000e+02,9.041442275047302246e-01,5.515595092773437500e+02,8.546727905273437500e+02,9.205104112625122070e-01,4.944541931152343750e+02,8.851289672851562500e+02,9.214781522750854492e-01,5.249103393554687500e+02,8.813218994140625000e+02,8.506735563278198242e-01,5.058752441406250000e+02,8.851289672851562500e+02,8.691308498382568359e-01,5.287174072265625000e+02,9.764974975585937500e+02,6.229975223541259766e-01,5.211033325195312500e+02,9.879185180664062500e+02,6.151235699653625488e-01,4.335418395996093750e+02,1.003146606445312500e+03,7.080902457237243652e-01,5.172963256835937500e+02,1.056444946289062500e+03,2.633374631404876709e-01,5.211033325195312500e+02,6.452865600585937500e+02,9.031124711036682129e-01,5.058752441406250000e+02,7.061989135742187500e+02,8.982126712799072266e-01,5.172963256835937500e+02,8.775148925781250000e+02,8.725932240486145020e-01,4.297348022460937500e+02,1.041216796875000000e+03,5.408592224121093750e-01,5.629805908203125000e+02,1.052637939453125000e+03,2.666513025760650635e-01,4.297348022460937500e+02,1.029795776367187500e+03,5.084158182144165039e-01,5.553665161132812500e+02,1.056444946289062500e+03,2.906022965908050537e-01,4.221207580566406250e+02,9.917255859375000000e+02,8.160530328750610352e-01,5.020682373046875000e+02,1.045023925781250000e+03,2.347204387187957764e-01,4.164679661131682451e+02,6.388855012833613500e+02,1.727512676212606948e+02,3.872650015256700726e+02,0.000000000000000000e+00
7.128400000000000000e+04,2.570000000000000000e+02,1.092000000000000000e+04,1.270000000000000000e+02,5.654710693359375000e+02,6.867255859375000000e+02,9.294953942298889160e-01,5.618080444335937500e+02,6.757364501953125000e+02,9.219505190849304199e-01,5.544819335937500000e+02,6.757364501953125000e+02,9.557622671127319336e-01,5.325036621093750000e+02,6.720734252929687500e+02,5.110566020011901855e-01,5.288406372070312500e+02,6.757364501953125000e+02,8.906711935997009277e-01,5.398297729492187500e+02,7.306821899414062500e+02,9.014547467231750488e-01,5.031992797851562500e+02,7.306821899414062500e+02,9.547701478004455566e-01,5.508189086914062500e+02,8.076062011718750000e+02,8.474904298782348633e-01,4.958731994628906250e+02,8.112692260742187500e+02,8.777481913566589355e-01,5.837863159179687500e+02,8.625518798828125000e+02,8.919875621795654297e-01,5.068623352050781250e+02,8.845302124023437500e+02,8.982469439506530762e-01,5.398297729492187500e+02,8.881932373046875000e+02,8.738365173339843750e-01,5.178515014648437500e+02,8.881932373046875000e+02,8.232055306434631348e-01,5.288406372070312500e+02,9.724433593750000000e+02,7.490769028663635254e-01,5.618080444335937500e+02,9.724433593750000000e+02,8.173655867576599121e-01,4.702318420410156250e+02,1.005410766601562500e+03,9.368646144866943359e-01,5.215145263671875000e+02,1.027389038085937500e+03,6.226107478141784668e-01,5.434927978515625000e+02,6.464320678710937500e+02,9.291917085647583008e-01,5.288406372070312500e+02,7.050408325195312500e+02,9.450850486755371094e-01,5.288406372070312500e+02,8.845302124023437500e+02,8.902740478515625000e-01,4.665688171386718750e+02,1.034715209960937500e+03,3.823010623455047607e-01,4.738948974609375000e+02,1.031052124023437500e+03,7.138882279396057129e-01,4.702318420410156250e+02,1.031052124023437500e+03,3.970658183097839355e-01,4.629057617187500000e+02,1.031052124023437500e+03,7.073115706443786621e-01,4.592427062988281250e+02,1.001747741699218750e+03,6.618444323539733887e-01,4.592427062988281250e+02,9.980846557617187500e+02,6.377720832824707031e-01,4.405316178089832420e+02,6.564487406250684671e+02,1.664525720105173150e+02,3.794685178673703376e+02,0.000000000000000000e+00
7.128500000000000000e+04,2.570000000000000000e+02,1.092000000000000000e+04,1.280000000000000000e+02,5.812708129882812500e+02,6.850999755859375000e+02,9.278132319450378418e-01,5.812708129882812500e+02,6.774854736328125000e+02,8.579600453376770020e-01,5.736563110351562500e+02,6.774854736328125000e+02,9.156790375709533691e-01,5.508127441406250000e+02,6.774854736328125000e+02,5.020756721496582031e-01,5.508127441406250000e+02,6.774854736328125000e+02,8.570012450218200684e-01,5.622344970703125000e+02,7.307870483398437500e+02,8.915233612060546875e-01,5.203546752929687500e+02,7.345942993164062500e+02,9.027997851371765137e-01,5.736563110351562500e+02,8.107394409179687500e+02,8.520796298980712891e-01,5.127401733398437500e+02,8.183539428710937500e+02,8.883147835731506348e-01,6.117288208007812500e+02,8.602337646484375000e+02,9.472262859344482422e-01,5.279692382812500000e+02,8.906917724609375000e+02,8.958876132965087891e-01,5.622344970703125000e+02,8.868845214843750000e+02,7.987003326416015625e-01,5.393909912109375000e+02,8.944990234375000000e+02,8.536707162857055664e-01,5.317764892578125000e+02,9.972949829101562500e+02,6.430264711380004883e-01,5.888853149414062500e+02,9.744514160156250000e+02,7.645804286003112793e-01,5.165474243164062500e+02,1.020138488769531250e+03,5.939903259277343750e-01,5.508127441406250000e+02,1.027753051757812500e+03,5.652877688407897949e-01,5.622344970703125000e+02,6.470274047851562500e+02,8.999923467636108398e-01,5.431982421875000000e+02,7.041362304687500000e+02,8.788882493972778320e-01,5.508127441406250000e+02,8.868845214843750000e+02,8.898710012435913086e-01,5.355837402343750000e+02,1.035367553710937500e+03,4.300753176212310791e-01,5.774635620117187500e+02,1.039174804687500000e+03,4.509063959121704102e-01,5.355837402343750000e+02,1.023945739746093750e+03,5.092039704322814941e-01,5.774635620117187500e+02,1.046789306640625000e+03,5.116254687309265137e-01,5.051256713867187500e+02,1.023945739746093750e+03,6.000752449035644531e-01,5.127401733398437500e+02,1.023945739746093750e+03,5.041599869728088379e-01,4.627965276031950452e+02,6.438133543477085823e+02,1.656765886455630152e+02,3.862908337847504754e+02,0.000000000000000000e+00
7.128600000000000000e+04,2.570000000000000000e+02,1.092000000000000000e+04,1.290000000000000000e+02,6.014165039062500000e+02,6.934158325195312500e+02,9.608922600746154785e-01,6.014165039062500000e+02,6.816102294921875000e+02,9.452331662178039551e-01,5.935461425781250000e+02,6.816102294921875000e+02,9.432787299156188965e-01,5.659998779296875000e+02,6.855454101562500000e+02,5.287746787071228027e-01,5.659998779296875000e+02,6.816102294921875000e+02,8.821294903755187988e-01,5.778054199218750000e+02,7.327676391601562500e+02,8.269934058189392090e-01,5.384535522460937500e+02,7.327676391601562500e+02,9.324326515197753906e-01,5.896109619140625000e+02,8.114713134765625000e+02,8.461538553237915039e-01,5.345183715820312500e+02,8.193417358398437500e+02,9.105499386787414551e-01,6.328980102539062500e+02,8.547583618164062500e+02,9.145529866218566895e-01,5.541943359375000000e+02,8.901750488281250000e+02,8.683675527572631836e-01,5.699350585937500000e+02,8.823046875000000000e+02,8.433251976966857910e-01,5.541943359375000000e+02,8.862398681640625000e+02,9.126792550086975098e-01,5.384535522460937500e+02,9.728139038085937500e+02,5.284569263458251953e-01,6.132221069335937500e+02,9.649435424804687500e+02,5.155635476112365723e-01,5.227128295898437500e+02,1.035776855468750000e+03,7.283905148506164551e-01,5.896109619140625000e+02,1.043647216796875000e+03,5.689529776573181152e-01,5.817406005859375000e+02,6.501287841796875000e+02,8.706027269363403320e-01,5.620646972656250000e+02,7.091565551757812500e+02,8.855859637260437012e-01,5.620646972656250000e+02,8.823046875000000000e+02,8.964915275573730469e-01,5.502591552734375000e+02,1.035776855468750000e+03,4.063059389591217041e-01,6.092869262695312500e+02,1.051517578125000000e+03,4.161663949489593506e-01,5.502591552734375000e+02,1.031841674804687500e+03,4.253429174423217773e-01,6.053516845703125000e+02,1.055452758789062500e+03,4.145044982433319092e-01,5.148424682617187500e+02,1.035776855468750000e+03,4.788828194141387939e-01,5.856757812500000000e+02,1.039712036132812500e+03,3.197509348392486572e-01,4.866612288808661333e+02,6.461087173672015069e+02,1.687018159690444463e+02,3.974362808647326801e+02,0.000000000000000000e+00
7.128700000000000000e+04,2.570000000000000000e+02,1.092000000000000000e+04,1.300000000000000000e+02,6.249214477539062500e+02,6.915620727539062500e+02,9.297233223915100098e-01,6.210434570312500000e+02,6.799281005859375000e+02,8.760914206504821777e-01,6.132875366210937500e+02,6.838060913085937500e+02,8.945609927177429199e-01,5.900196533203125000e+02,6.876840820312500000e+02,5.527244806289672852e-01,5.900196533203125000e+02,6.876840820312500000e+02,8.813586831092834473e-01,5.977756347656250000e+02,7.303417968750000000e+02,8.571688532829284668e-01,5.589958496093750000e+02,7.380977783203125000e+02,9.269355535507202148e-01,6.094095458984375000e+02,8.079013061523437500e+02,8.227663636207580566e-01,5.551179199218750000e+02,8.195352172851562500e+02,8.797547817230224609e-01,6.559452514648437500e+02,8.505590209960937500e+02,8.897766470909118652e-01,5.783857421875000000e+02,8.932167968750000000e+02,9.104898571968078613e-01,5.977756347656250000e+02,8.777048950195312500e+02,8.532356619834899902e-01,5.628738403320312500e+02,8.815828247070312500e+02,8.315330743789672852e-01,6.326774291992187500e+02,9.630203247070312500e+02,6.598283052444458008e-01,5.396060180664062500e+02,9.668983154296875000e+02,7.090794444084167480e-01,5.240941162109375000e+02,1.036701904296875000e+03,4.328699707984924316e-01,5.202161254882812500e+02,1.040579833984375000e+03,5.368587374687194824e-01,6.016536254882812500e+02,6.527822875976562500e+02,8.682909607887268066e-01,5.822637329101562500e+02,7.109519042968750000e+02,9.074742794036865234e-01,5.822637329101562500e+02,8.738269042968750000e+02,8.552623391151428223e-01,5.512399291992187500e+02,1.048335815429687500e+03,3.903522193431854248e-01,5.473619384765625000e+02,1.044457763671875000e+03,2.664062082767486572e-01,5.512399291992187500e+02,1.044457763671875000e+03,3.796535432338714600e-01,6.559452514648437500e+02,1.044457763671875000e+03,1.883949637413024902e-01,5.163381347656250000e+02,1.040579833984375000e+03,4.098787903785705566e-01,5.163381347656250000e+02,1.040579833984375000e+03,4.501417875289916992e-01,5.039480891573271037e+02,6.487391140442043707e+02,1.683037311422197035e+02,3.978074919338225754e+02,0.000000000000000000e+00
7.128800000000000000e+04,2.570000000000000000e+02,1.092000000000000000e+04,1.310000000000000000e+02,6.394218139648437500e+02,6.993193969726562500e+02,9.441259503364562988e-01,6.394218139648437500e+02,6.875630493164062500e+02,9.236050248146057129e-01,6.315842285156250000e+02,6.875630493164062500e+02,9.500994086265563965e-01,6.002338256835937500e+02,6.875630493164062500e+02,5.020285248756408691e-01,6.080714111328125000e+02,6.914818115234375000e+02,8.625940680503845215e-01,6.119902343750000000e+02,7.385074462890625000e+02,8.242360353469848633e-01,5.767210083007812500e+02,7.463450317382812500e+02,9.229729771614074707e-01,6.315842285156250000e+02,8.129646606445312500e+02,8.829727172851562500e-01,5.767210083007812500e+02,8.325586547851562500e+02,8.750897645950317383e-01,6.786098022460937500e+02,8.482338256835937500e+02,9.664937853813171387e-01,6.041525878906250000e+02,8.952594604492187500e+02,9.045004248619079590e-01,6.080714111328125000e+02,8.795842285156250000e+02,7.350239753723144531e-01,5.845585937500000000e+02,8.874218139648437500e+02,8.001783490180969238e-01,5.414517822265625000e+02,9.657978515625000000e+02,6.593876481056213379e-01,6.590158081054687500e+02,9.657978515625000000e+02,6.364942789077758789e-01,5.257766113281250000e+02,1.036336303710937500e+03,8.935256004333496094e-01,6.707722167968750000e+02,1.032417480468750000e+03,7.018343210220336914e-01,6.198278198242187500e+02,6.562126464843750000e+02,9.059480428695678711e-01,6.002338256835937500e+02,7.149946289062500000e+02,9.212369322776794434e-01,5.923961791992187500e+02,8.795842285156250000e+02,8.482475876808166504e-01,5.453706054687500000e+02,1.048092651367187500e+03,3.511545658111572266e-01,6.864473876953125000e+02,1.028498657226562500e+03,7.406769990921020508e-01,5.414517822265625000e+02,1.048092651367187500e+03,3.701085746288299561e-01,6.864473876953125000e+02,1.032417480468750000e+03,7.390484213829040527e-01,5.140202026367187500e+02,1.044173828125000000e+03,6.937173604965209961e-01,6.590158081054687500e+02,1.028498657226562500e+03,5.203128457069396973e-01,5.270954487832983659e+02,6.494097080029999915e+02,1.728802138392178449e+02,4.006251842559416900e+02,0.000000000000000000e+00
7.128900000000000000e+04,2.570000000000000000e+02,1.092000000000000000e+04,1.320000000000000000e+02,6.623337402343750000e+02,7.028142700195312500e+02,9.390375018119812012e-01,6.623337402343750000e+02,6.911643066406250000e+02,8.958753943443298340e-01,6.545670776367187500e+02,6.911643066406250000e+02,9.488216042518615723e-01,6.273837890625000000e+02,6.911643066406250000e+02,6.062614321708679199e-01,6.312671508789062500e+02,6.911643066406250000e+02,9.111220240592956543e-01,6.312671508789062500e+02,7.416475219726562500e+02,9.000661969184875488e-01,6.040838623046875000e+02,7.494141845703125000e+02,9.433413147926330566e-01,6.468004150390625000e+02,8.154307250976562500e+02,8.944656848907470703e-01,5.963171997070312500e+02,8.348473510742187500e+02,9.108070731163024902e-01,6.972836303710937500e+02,8.426139526367187500e+02,9.300912022590637207e-01,6.273837890625000000e+02,9.008638305664062500e+02,8.800067901611328125e-01,6.118505249023437500e+02,8.853305664062500000e+02,6.741358041763305664e-01,6.118505249023437500e+02,8.892138671875000000e+02,7.104971408843994141e-01,5.536006469726562500e+02,9.668803710937500000e+02,7.792415022850036621e-01,6.778670043945312500e+02,9.668803710937500000e+02,8.529327511787414551e-01,5.264173583984375000e+02,1.032896850585937500e+03,9.135057330131530762e-01,7.050502929687500000e+02,1.040663574218750000e+03,8.022995591163635254e-01,6.390337524414062500e+02,6.600977172851562500e+02,9.015447497367858887e-01,6.196171264648437500e+02,7.183475952148437500e+02,8.918211460113525391e-01,6.079671630859375000e+02,8.853305664062500000e+02,7.881656289100646973e-01,5.497172851562500000e+02,1.044546875000000000e+03,1.925987452268600464e-01,7.322335815429687500e+02,1.029013549804687500e+03,6.846240162849426270e-01,5.341840209960937500e+02,1.044546875000000000e+03,1.999152302742004395e-01,7.322335815429687500e+02,1.036780273437500000e+03,6.558724641799926758e-01,5.147673950195312500e+02,1.040663574218750000e+03,6.991177201271057129e-01,6.934003295898437500e+02,1.044546875000000000e+03,4.089797139167785645e-01,5.387306885268465066e+02,6.496903286062803318e+02,1.776136066264210740e+02,3.992528091290981820e+02,0.000000000000000000e+00
7.129000000000000000e+04,2.570000000000000000e+02,1.092000000000000000e+04,1.330000000000000000e+02,6.783139038085937500e+02,7.063518676757812500e+02,9.564700126647949219e-01,6.783139038085937500e+02,6.945578002929687500e+02,8.526770472526550293e-01,6.743825073242187500e+02,6.984891357421875000e+02,9.168990254402160645e-01,6.429316406250000000e+02,6.945578002929687500e+02,5.745028257369995117e-01,6.547257690429687500e+02,6.984891357421875000e+02,8.344911932945251465e-01,6.468630371093750000e+02,7.456654663085937500e+02,8.556492924690246582e-01,6.193435058593750000e+02,7.535281372070312500e+02,9.130086898803710938e-01,6.586571044921875000e+02,8.203612670898437500e+02,9.596028327941894531e-01,6.193435058593750000e+02,8.439494018554687500e+02,9.515004754066467285e-01,7.136961059570312500e+02,8.400180664062500000e+02,8.732131123542785645e-01,6.507943725585937500e+02,9.029197998046875000e+02,9.119648337364196777e-01,6.272062377929687500e+02,9.029197998046875000e+02,7.054169774055480957e-01,6.350689697265625000e+02,9.029197998046875000e+02,8.025593161582946777e-01,5.682358398437500000e+02,9.736842041015625000e+02,7.421799302101135254e-01,7.019020385742187500e+02,9.815469360351562500e+02,7.818539738655090332e-01,5.328536376953125000e+02,1.032654541015625000e+03,8.954261541366577148e-01,7.215588378906250000e+02,1.044448730468750000e+03,8.014909625053405762e-01,6.625884399414062500e+02,6.631069335937500000e+02,9.193159341812133789e-01,6.390003051757812500e+02,7.220772705078125000e+02,9.705883264541625977e-01,6.311375732421875000e+02,8.989884033203125000e+02,8.603754043579101562e-01,5.525104370117187500e+02,1.040517333984375000e+03,3.229674994945526123e-01,7.530097045898437500e+02,1.028723266601562500e+03,7.302133440971374512e-01,5.446477050781250000e+02,1.040517333984375000e+03,2.358525544404983521e-01,7.530097045898437500e+02,1.036585937500000000e+03,7.265901565551757812e-01,5.210595703125000000e+02,1.032654541015625000e+03,7.759367823600769043e-01,7.176275024414062500e+02,1.048380004882812500e+03,3.946477472782135010e-01,5.454252755019163033e+02,6.490870616962554323e+02,1.835528990385449788e+02,4.019036525530916606e+02,0.000000000000000000e+00
7.129100000000000000e+04,2.570000000000000000e+02,1.092000000000000000e+04,1.340000000000000000e+02,7.050527343750000000e+02,7.066315917968750000e+02,9.432671666145324707e-01,7.012508544921875000e+02,6.952260742187500000e+02,8.872569799423217773e-01,6.974490356445312500e+02,6.990278930664062500e+02,9.233556389808654785e-01,6.632323608398437500e+02,6.990278930664062500e+02,5.365417599678039551e-01,6.746379394531250000e+02,6.990278930664062500e+02,8.644896149635314941e-01,6.670342407226562500e+02,7.522537841796875000e+02,8.816511034965515137e-01,6.480249633789062500e+02,7.598574829101562500e+02,9.307012557983398438e-01,6.746379394531250000e+02,8.244889526367187500e+02,9.430736303329467773e-01,6.442231445312500000e+02,8.434981689453125000e+02,9.738352894783020020e-01,7.316656494140625000e+02,8.396963500976562500e+02,9.028105735778808594e-01,6.746379394531250000e+02,9.081296386718750000e+02,8.975343704223632812e-01,6.556286621093750000e+02,8.967240600585937500e+02,7.118968367576599121e-01,6.556286621093750000e+02,9.005259399414062500e+02,8.001898527145385742e-01,5.986009521484375000e+02,9.651573486328125000e+02,7.574260830879211426e-01,7.164582519531250000e+02,9.803647460937500000e+02,6.133931279182434082e-01,5.491768798828125000e+02,1.018383239746093750e+03,7.276929616928100586e-01,7.316656494140625000e+02,1.048798095703125000e+03,6.355861425399780273e-01,6.746379394531250000e+02,6.648112792968750000e+02,8.593983054161071777e-01,6.632323608398437500e+02,7.294426879882812500e+02,9.345097541809082031e-01,6.518268432617187500e+02,8.929222412109375000e+02,7.933447360992431641e-01,5.339694824218750000e+02,1.033590698242187500e+03,5.808660984039306641e-01,7.506749267578125000e+02,1.037392456054687500e+03,3.280127942562103271e-01,5.339694824218750000e+02,1.029788818359375000e+03,6.317433118820190430e-01,7.544767456054687500e+02,1.041194335937500000e+03,3.447129428386688232e-01,5.339694824218750000e+02,1.018383239746093750e+03,7.117988467216491699e-01,7.354675292968750000e+02,1.056401733398437500e+03,1.904814094305038452e-01,5.492509568052582836e+02,6.552771764509400327e+02,1.841146454578894236e+02,3.941417370414053494e+02,0.000000000000000000e+00
7.129200000000000000e+04,2.570000000000000000e+02,1.092000000000000000e+04,1.350000000000000000e+02,7.264986572265625000e+02,7.029334716796875000e+02,9.280931353569030762e-01,7.227278442382812500e+02,6.953919067382812500e+02,8.953613638877868652e-01,7.189570312500000000e+02,6.953919067382812500e+02,9.300153851509094238e-01,6.812490844726562500e+02,6.953919067382812500e+02,5.007425546646118164e-01,6.963322753906250000e+02,6.991626586914062500e+02,8.659732341766357422e-01,6.850198974609375000e+02,7.519537963867187500e+02,8.853890299797058105e-01,6.699367065429687500e+02,7.594954223632812500e+02,9.235787987709045410e-01,6.963322753906250000e+02,8.235989379882812500e+02,9.288340210914611816e-01,6.661658935546875000e+02,8.462236938476562500e+02,9.623441100120544434e-01,7.491234130859375000e+02,8.386821289062500000e+02,9.261676669120788574e-01,6.963322753906250000e+02,9.103272094726562500e+02,9.023483395576477051e-01,6.774782714843750000e+02,9.027856445312500000e+02,7.111329436302185059e-01,6.812490844726562500e+02,9.027856445312500000e+02,8.549332618713378906e-01,6.359995727539062500e+02,9.744307250976562500e+02,7.710734009742736816e-01,7.378110351562500000e+02,9.895139160156250000e+02,6.292580962181091309e-01,5.643544311523437500e+02,1.008367858886718750e+03,8.733670711517333984e-01,7.491234130859375000e+02,1.053617431640625000e+03,6.449059247970581055e-01,7.001030883789062500e+02,6.614547119140625000e+02,9.118475317955017090e-01,6.850198974609375000e+02,7.255582275390625000e+02,9.207419753074645996e-01,6.774782714843750000e+02,8.990148315429687500e+02,8.736904859542846680e-01,5.455004882812500000e+02,1.034763427734375000e+03,5.856937766075134277e-01,5.492712402343750000e+02,1.034763427734375000e+03,5.330658555030822754e-01,5.455004882812500000e+02,1.030992675781250000e+03,6.137903332710266113e-01,5.492712402343750000e+02,1.030992675781250000e+03,4.329768121242523193e-01,5.492712402343750000e+02,1.008367858886718750e+03,7.205552458763122559e-01,7.453526000976562500e+02,1.064929809570312500e+03,3.420585095882415771e-01,5.576319001250594738e+02,6.579390426688585194e+02,1.881747238700839944e+02,3.889960227082135589e+02,0.000000000000000000e+00
7.129300000000000000e+04,2.570000000000000000e+02,1.092000000000000000e+04,1.360000000000000000e+02,7.458763427734375000e+02,7.057121582031250000e+02,9.283137917518615723e-01,7.420250244140625000e+02,6.941579589843750000e+02,9.116269350051879883e-01,7.381735839843750000e+02,6.941579589843750000e+02,9.174864888191223145e-01,7.035112304687500000e+02,6.941579589843750000e+02,4.779851138591766357e-01,7.112139892578125000e+02,6.980093994140625000e+02,8.596681952476501465e-01,7.035112304687500000e+02,7.480772705078125000e+02,8.545479774475097656e-01,6.919570312500000000e+02,7.557800292968750000e+02,9.153400063514709473e-01,7.112139892578125000e+02,8.251048583984375000e+02,9.688447117805480957e-01,6.919570312500000000e+02,8.443618164062500000e+02,9.670884609222412109e-01,7.612818603515625000e+02,8.366590576171875000e+02,9.153338074684143066e-01,7.189167480468750000e+02,9.098352050781250000e+02,9.207476973533630371e-01,6.958084716796875000e+02,9.021324462890625000e+02,7.849645614624023438e-01,7.035112304687500000e+02,9.059838867187500000e+02,8.503637909889221191e-01,6.688487548828125000e+02,9.791600341796875000e+02,8.209568858146667480e-01,7.574305419921875000e+02,9.868627929687500000e+02,7.940634489059448242e-01,5.841184082031250000e+02,1.002268310546875000e+03,8.235316872596740723e-01,7.497277832031250000e+02,1.060039062500000000e+03,8.051955699920654297e-01,7.189167480468750000e+02,6.633469238281250000e+02,8.884165287017822266e-01,7.035112304687500000e+02,7.249689941406250000e+02,8.918544054031372070e-01,6.996597900390625000e+02,8.982811279296875000e+02,8.100193142890930176e-01,5.610101318359375000e+02,1.021525268554687500e+03,2.526473999023437500e-01,5.764156494140625000e+02,1.025376586914062500e+03,4.628136157989501953e-01,5.571588134765625000e+02,1.006119750976562500e+03,2.899184226989746094e-01,5.725643310546875000e+02,1.025376586914062500e+03,4.721659421920776367e-01,5.648615722656250000e+02,1.002268310546875000e+03,6.812613606452941895e-01,5.725643310546875000e+02,1.002268310546875000e+03,7.457811832427978516e-01,5.752881130505734291e+02,6.575585583595614025e+02,1.932641226624923547e+02,3.925379009137334378e+02,0.000000000000000000e+00
7.129400000000000000e+04,2.570000000000000000e+02,1.092000000000000000e+04,1.370000000000000000e+02,7.659616699218750000e+02,7.023231811523437500e+02,9.198928475379943848e-01,7.620867919921875000e+02,6.906985473632812500e+02,8.393450975418090820e-01,7.582119750976562500e+02,6.906985473632812500e+02,9.195439219474792480e-01,7.194633178710937500e+02,6.906985473632812500e+02,5.204898118972778320e-01,7.349627685546875000e+02,6.945734252929687500e+02,8.667590022087097168e-01,7.272130737304687500e+02,7.488215332031250000e+02,7.302523255348205566e-01,7.155884399414062500e+02,7.565712280273437500e+02,8.908540010452270508e-01,7.272130737304687500e+02,8.263187866210937500e+02,8.809533715248107910e-01,7.155884399414062500e+02,8.456930541992187500e+02,9.746009111404418945e-01,7.698365478515625000e+02,8.418182373046875000e+02,8.655269145965576172e-01,7.388376464843750000e+02,9.115657348632812500e+02,9.477993845939636230e-01,7.233381958007812500e+02,9.038160400390625000e+02,7.597330212593078613e-01,7.155884399414062500e+02,9.076908569335937500e+02,8.884428143501281738e-01,7.155884399414062500e+02,9.968127441406250000e+02,4.826199412345886230e-01,7.155884399414062500e+02,1.004562438964843750e+03,6.300504207611083984e-01,6.148420410156250000e+02,1.004562438964843750e+03,7.185119986534118652e-01,6.148420410156250000e+02,1.016187011718750000e+03,4.699823856353759766e-01,7.388376464843750000e+02,6.596996459960937500e+02,8.890160918235778809e-01,7.272130737304687500e+02,7.255723266601562500e+02,9.084872603416442871e-01,7.194633178710937500e+02,8.999411621093750000e+02,8.231030106544494629e-01,5.993425903320312500e+02,1.023936767578125000e+03,5.468128323554992676e-01,6.070922851562500000e+02,1.027811645507812500e+03,6.469600200653076172e-01,5.993425903320312500e+02,1.020061889648437500e+03,5.289201140403747559e-01,6.070922851562500000e+02,1.027811645507812500e+03,6.918931007385253906e-01,6.032174682617187500e+02,9.968127441406250000e+02,8.075851798057556152e-01,6.032174682617187500e+02,1.000687561035156250e+03,7.045478820800781250e-01,5.911789230597763662e+02,6.549503886467773555e+02,1.963768714530268653e+02,3.954420886150419392e+02,0.000000000000000000e+00
7.129500000000000000e+04,2.570000000000000000e+02,1.092000000000000000e+04,1.380000000000000000e+02,7.859283447265625000e+02,6.955550537109375000e+02,8.974678516387939453e-01,7.824647216796875000e+02,6.851641845703125000e+02,7.710492610931396484e-01,7.790010986328125000e+02,6.886278076171875000e+02,9.043005108833312988e-01,7.339739990234375000e+02,6.817005615234375000e+02,5.124825239181518555e-01,7.582193603515625000e+02,6.886278076171875000e+02,7.383329868316650391e-01,7.305103759765625000e+02,7.405821533203125000e+02,7.112616300582885742e-01,7.374376220703125000e+02,7.509730224609375000e+02,8.734357357025146484e-01,7.443648681640625000e+02,8.202454833984375000e+02,8.589919805526733398e-01,7.374376220703125000e+02,8.375635986328125000e+02,8.271228075027465820e-01,7.859283447265625000e+02,8.479544677734375000e+02,7.934406399726867676e-01,7.582193603515625000e+02,9.102996826171875000e+02,8.908376097679138184e-01,7.409012451171875000e+02,9.172269287109375000e+02,7.057698965072631836e-01,7.409012451171875000e+02,9.172269287109375000e+02,8.497253656387329102e-01,7.374376220703125000e+02,1.003817504882812500e+03,6.192948818206787109e-01,7.478284912109375000e+02,1.017671997070312500e+03,6.543289422988891602e-01,6.577742919921875000e+02,1.007281127929687500e+03,5.519239902496337891e-01,6.577742919921875000e+02,1.014208374023437500e+03,4.034813940525054932e-01,7.616829833984375000e+02,6.539915771484375000e+02,9.965126514434814453e-01,7.409012451171875000e+02,7.163367919921875000e+02,8.396093845367431641e-01,7.409012451171875000e+02,9.102996826171875000e+02,7.427352070808410645e-01,6.543106689453125000e+02,1.028062866210937500e+03,4.547774493694305420e-01,6.612379150390625000e+02,1.031526489257812500e+03,5.023493766784667969e-01,6.577742919921875000e+02,1.028062866210937500e+03,4.575854539871215820e-01,6.612379150390625000e+02,1.031526489257812500e+03,5.104103088378906250e-01,6.369925537109375000e+02,1.007281127929687500e+03,5.987470746040344238e-01,6.369925537109375000e+02,1.014208374023437500e+03,5.180047750473022461e-01,6.375022568563636014e+02,6.483478337177066351e+02,1.800408623492844526e+02,3.687850337198073021e+02,0.000000000000000000e+00
7.129600000000000000e+04,2.570000000000000000e+02,1.092000000000000000e+04,1.400000000000000000e+02,8.232337646484375000e+02,6.933452758789062500e+02,8.284004926681518555e-01,8.232337646484375000e+02,6.818876342773437500e+02,7.402205467224121094e-01,8.155953979492187500e+02,6.857068481445312500e+02,8.588699102401733398e-01,7.621264038085937500e+02,6.818876342773437500e+02,4.230869114398956299e-01,7.888609008789062500e+02,6.895260620117187500e+02,7.536770701408386230e-01,7.621264038085937500e+02,7.353565673828125000e+02,6.532829403877258301e-01,7.774032592773437500e+02,7.429949951171875000e+02,8.583811521530151367e-01,7.697648315429687500e+02,8.270176391601562500e+02,6.959200501441955566e-01,7.774032592773437500e+02,8.346560668945312500e+02,7.623521685600280762e-01,8.041377563476562500e+02,9.072210693359375000e+02,7.180370688438415527e-01,7.964993286132812500e+02,9.148594970703125000e+02,8.598805665969848633e-01,7.697648315429687500e+02,9.186787109375000000e+02,6.981365680694580078e-01,7.774032592773437500e+02,9.186787109375000000e+02,7.450558543205261230e-01,7.583071899414062500e+02,1.025616577148437500e+03,6.032428145408630371e-01,7.850416870117187500e+02,1.029435791015625000e+03,5.477997064590454102e-01,7.468495483398437500e+02,1.063808715820312500e+03,3.054887950420379639e-01,7.907705078125000000e+02,1.069537597656250000e+03,3.002440631389617920e-01,7.964993286132812500e+02,6.475147094726562500e+02,9.171911478042602539e-01,7.774032592773437500e+02,7.124412841796875000e+02,8.015989065170288086e-01,7.697648315429687500e+02,9.072210693359375000e+02,7.488427162170410156e-01,7.678552246093750000e+02,1.069537597656250000e+03,9.963424503803253174e-02,8.136857910156250000e+02,1.069537597656250000e+03,2.002082206308841705e-02,7.602167968750000000e+02,1.069537597656250000e+03,9.511610120534896851e-02,8.060473632812500000e+02,1.069537597656250000e+03,5.469737574458122253e-02,7.373015136718750000e+02,1.069537597656250000e+03,1.286630332469940186e-01,7.754936523437500000e+02,1.069537597656250000e+03,1.223678439855575562e-01,6.878285447145929083e+02,6.380990908541771205e+02,1.765587217928726886e+02,3.784152840622891745e+02,0.000000000000000000e+00
7.129700000000000000e+04,2.570000000000000000e+02,1.092000000000000000e+04,1.410000000000000000e+02,8.453436279296875000e+02,6.888872680664062500e+02,8.935068249702453613e-01,8.453436279296875000e+02,6.813463745117187500e+02,7.919253110885620117e-01,8.378027343750000000e+02,6.813463745117187500e+02,9.211996793746948242e-01,7.963280029296875000e+02,6.775759887695312500e+02,4.872729480266571045e-01,8.189506225585937500e+02,6.851168212890625000e+02,7.693475484848022461e-01,7.812463378906250000e+02,7.341323852539062500e+02,6.588606834411621094e-01,7.963280029296875000e+02,7.416732788085937500e+02,8.840829133987426758e-01,7.850167236328125000e+02,8.246226806640625000e+02,6.270380616188049316e-01,7.963280029296875000e+02,8.321635742187500000e+02,8.270869851112365723e-01,8.038688964843750000e+02,8.962608642578125000e+02,3.646790683269500732e-01,8.189506225585937500e+02,9.113425903320312500e+02,8.520871400833129883e-01,7.737054443359375000e+02,9.075721435546875000e+02,6.538525819778442383e-01,8.000984497070312500e+02,9.113425903320312500e+02,6.527633070945739746e-01,7.548533325195312500e+02,1.009373718261718750e+03,5.078843832015991211e-01,8.227210083007812500e+02,1.020684997558593750e+03,4.511996209621429443e-01,7.473124389648437500e+02,1.047078002929687500e+03,5.006616711616516113e-01,8.151801757812500000e+02,1.062159667968750000e+03,3.423612713813781738e-01,8.227210083007812500e+02,6.474125366210937500e+02,8.850514292716979980e-01,8.038688964843750000e+02,7.115098266601562500e+02,9.034847617149353027e-01,7.850167236328125000e+02,9.000312500000000000e+02,7.409787178039550781e-01,7.699349975585937500e+02,1.039537109375000000e+03,3.077036142349243164e-01,8.396879882812500000e+02,1.067815307617187500e+03,4.891832172870635986e-02,7.623941650390625000e+02,1.039537109375000000e+03,2.986430823802947998e-01,8.396879882812500000e+02,1.067815307617187500e+03,1.085432693362236023e-01,7.397716064453125000e+02,1.062159667968750000e+03,3.283545374870300293e-01,8.019836425781250000e+02,1.067815307617187500e+03,1.355312913656234741e-01,7.072748236718935004e+02,6.395444351838559669e+02,1.750847992749993409e+02,3.832882214235607989e+02,0.000000000000000000e+00
7.129800000000000000e+04,2.570000000000000000e+02,1.092000000000000000e+04,1.420000000000000000e+02,8.653032836914062500e+02,6.975675659179687500e+02,8.612845540046691895e-01,8.653032836914062500e+02,6.860162963867187500e+02,6.964928507804870605e-01,8.614528198242187500e+02,6.860162963867187500e+02,8.361660242080688477e-01,8.113972778320312500e+02,6.783154296875000000e+02,5.486515164375305176e-01,8.344998779296875000e+02,6.860162963867187500e+02,7.929292917251586914e-01,8.190981445312500000e+02,7.360718383789062500e+02,6.497254371643066406e-01,8.113972778320312500e+02,7.437727050781250000e+02,8.977565169334411621e-01,8.190981445312500000e+02,8.246316528320312500e+02,7.257080078125000000e-01,8.190981445312500000e+02,8.323324584960937500e+02,8.030459880828857422e-01,8.460511474609375000e+02,8.977897338867187500e+02,5.694840550422668457e-01,8.383502807617187500e+02,9.093410034179687500e+02,8.345227241516113281e-01,7.959956054687500000e+02,9.131914062500000000e+02,5.323305726051330566e-01,8.113972778320312500e+02,9.170418701171875000e+02,6.242381334304809570e-01,7.805938720703125000e+02,1.028704223632812500e+03,6.212918162345886230e-01,8.229486083984375000e+02,1.040255493164062500e+03,5.408917665481567383e-01,7.728930664062500000e+02,1.063358032226562500e+03,3.164512813091278076e-01,8.248737792968750000e+02,1.072984130859375000e+03,2.222521454095840454e-01,8.383502807617187500e+02,6.513624877929687500e+02,9.289210438728332520e-01,8.190981445312500000e+02,7.129692993164062500e+02,8.647294640541076660e-01,8.036964721679687500e+02,9.016401367187500000e+02,7.039595246315002441e-01,8.017712402343750000e+02,1.072984130859375000e+03,1.028756573796272278e-01,8.710789184570312500e+02,1.072984130859375000e+03,5.223457887768745422e-02,7.613417968750000000e+02,1.044105834960937500e+03,1.204141676425933838e-01,8.633780517578125000e+02,1.072984130859375000e+03,5.196811258792877197e-02,7.632669677734375000e+02,1.072984130859375000e+03,1.250758171081542969e-01,8.017712402343750000e+02,1.072984130859375000e+03,7.605224102735519409e-02,7.181012210077420832e+02,6.376125924545983708e+02,1.758159899926610024e+02,3.905920922634352337e+02,0.000000000000000000e+00
7.129900000000000000e+04,2.570000000000000000e+02,1.092000000000000000e+04,1.430000000000000000e+02,8.864795532226562500e+02,6.956611328125000000e+02,8.679222464561462402e-01,8.824996948242187500e+02,6.837214965820312500e+02,6.703474521636962891e-01,8.785197753906250000e+02,6.837214965820312500e+02,8.343561291694641113e-01,8.267813720703125000e+02,6.877013549804687500e+02,6.919371485710144043e-01,8.546405029296875000e+02,6.877013549804687500e+02,8.209716677665710449e-01,8.347410888671875000e+02,7.394398193359375000e+02,7.130015492439270020e-01,8.347410888671875000e+02,7.473995971679687500e+02,8.917337059974670410e-01,8.387210083007812500e+02,8.230173339843750000e+02,6.030426025390625000e-01,8.427008666992187500e+02,8.349569702148437500e+02,8.225864171981811523e-01,8.387210083007812500e+02,8.787356567382812500e+02,3.756229579448699951e-01,8.626002807617187500e+02,9.105747070312500000e+02,8.646497130393981934e-01,7.949423217773437500e+02,8.827155761718750000e+02,6.376138329505920410e-01,8.267813720703125000e+02,8.946552124023437500e+02,7.128482460975646973e-01,7.591233520507812500e+02,9.662930908203125000e+02,7.010767459869384766e-01,8.904594726562500000e+02,9.941522216796875000e+02,2.901155650615692139e-01,7.392239379882812500e+02,1.033951049804687500e+03,6.699100136756896973e-01,8.904594726562500000e+02,1.057830322265625000e+03,4.975881576538085938e-01,8.546405029296875000e+02,6.558623046875000000e+02,8.489354252815246582e-01,8.387210083007812500e+02,7.155605468750000000e+02,8.434467315673828125e-01,8.148416748046875000e+02,8.787356567382812500e+02,7.354944944381713867e-01,7.591233520507812500e+02,1.033951049804687500e+03,4.749126434326171875e-01,9.183186035156250000e+02,1.049870605468750000e+03,2.679215073585510254e-01,7.591233520507812500e+02,1.025991333007812500e+03,5.302854180335998535e-01,9.222985229492187500e+02,1.053850463867187500e+03,3.416096866130828857e-01,7.312642211914062500e+02,1.037930908203125000e+03,7.063414454460144043e-01,8.944393310546875000e+02,1.065790161132812500e+03,3.661442995071411133e-01,7.314306530535238835e+02,6.447637342448061872e+02,1.812593900270762788e+02,4.020431794735569611e+02,0.000000000000000000e+00
7.130000000000000000e+04,2.570000000000000000e+02,1.092000000000000000e+04,1.440000000000000000e+02,9.087213745117187500e+02,6.960294799804687500e+02,9.036957025527954102e-01,9.087213745117187500e+02,6.882459716796875000e+02,7.384175658226013184e-01,9.048296508789062500e+02,6.882459716796875000e+02,9.130821824073791504e-01,8.620206298828125000e+02,6.882459716796875000e+02,5.680021047592163086e-01,8.814792480468750000e+02,6.921377563476562500e+02,8.494415283203125000e-01,8.620206298828125000e+02,7.427302246093750000e+02,6.866167783737182617e-01,8.503453979492187500e+02,7.505136718750000000e+02,8.677674531936645508e-01,8.620206298828125000e+02,8.283483276367187500e+02,7.487809062004089355e-01,8.581289062500000000e+02,8.361317749023437500e+02,8.532664775848388672e-01,8.892627563476562500e+02,8.906160278320312500e+02,4.389649331569671631e-01,8.853710327148437500e+02,9.100747070312500000e+02,8.851538896560668945e-01,8.308867797851562500e+02,8.945077514648437500e+02,5.372627377510070801e-01,8.542371826171875000e+02,8.983994750976562500e+02,5.690969228744506836e-01,7.880776977539062500e+02,9.879093017578125000e+02,3.050229847431182861e-01,9.203966064453125000e+02,9.956927490234375000e+02,4.885243773460388184e-01,7.452686767578125000e+02,1.030718383789062500e+03,3.300395309925079346e-01,9.359635009765625000e+02,1.050177001953125000e+03,2.833272218704223633e-01,8.814792480468750000e+02,6.571121215820312500e+02,8.984010219573974609e-01,8.620206298828125000e+02,7.193798217773437500e+02,8.883035182952880859e-01,8.425619506835937500e+02,8.867243041992187500e+02,7.219004631042480469e-01,7.841859741210937500e+02,1.042393554687500000e+03,1.717756986618041992e-01,9.593139038085937500e+02,1.042393554687500000e+03,2.177963107824325562e-01,7.686190795898437500e+02,1.034610107421875000e+03,1.518454849720001221e-01,9.632056274414062500e+02,1.042393554687500000e+03,2.886300683021545410e-01,7.335935058593750000e+02,1.034610107421875000e+03,3.698296844959259033e-01,9.398552246093750000e+02,1.054068725585937500e+03,3.429454863071441650e-01,7.477049905699274177e+02,6.357606164907659831e+02,1.804858061991300247e+02,4.004891362133249686e+02,0.000000000000000000e+00
7.130100000000000000e+04,2.570000000000000000e+02,1.092000000000000000e+04,1.450000000000000000e+02,9.270930786132812500e+02,7.069953002929687500e+02,8.977705240249633789e-01,9.270930786132812500e+02,6.956708984375000000e+02,8.418395519256591797e-01,9.195435180664062500e+02,6.956708984375000000e+02,8.960725665092468262e-01,8.780207519531250000e+02,6.918960571289062500e+02,5.049557089805603027e-01,9.006694946289062500e+02,6.956708984375000000e+02,8.706514239311218262e-01,8.591467285156250000e+02,7.409684448242187500e+02,8.026555776596069336e-01,8.780207519531250000e+02,7.522928466796875000e+02,8.549383878707885742e-01,8.629215087890625000e+02,8.315635986328125000e+02,6.160219311714172363e-01,8.817955322265625000e+02,8.391131591796875000e+02,8.892835974693298340e-01,8.742459106445312500e+02,8.881855468750000000e+02,3.905212879180908203e-01,9.044442749023437500e+02,9.146090698242187500e+02,8.934692144393920898e-01,8.478223266601562500e+02,8.995098876953125000e+02,7.122865915298461914e-01,8.817955322265625000e+02,9.070595092773437500e+02,6.753689646720886230e-01,8.062995605468750000e+02,9.787806396484375000e+02,3.919971585273742676e-01,9.421922607421875000e+02,9.787806396484375000e+02,5.681895613670349121e-01,7.572272338867187500e+02,1.020303405761718750e+03,3.265193998813629150e-01,9.610662841796875000e+02,1.039177368164062500e+03,5.041732192039489746e-01,9.082191162109375000e+02,6.616976928710937500e+02,8.678994178771972656e-01,8.855703125000000000e+02,7.183196411132812500e+02,9.201120734214782715e-01,8.629215087890625000e+02,8.957351074218750000e+02,7.742043137550354004e-01,7.685516357421875000e+02,1.016528625488281250e+03,2.227152287960052490e-01,9.799402465820312500e+02,1.039177368164062500e+03,4.605420827865600586e-01,7.723264160156250000e+02,1.016528625488281250e+03,3.259244561195373535e-01,9.799402465820312500e+02,1.042952148437500000e+03,5.121809244155883789e-01,7.421280517578125000e+02,1.024078247070312500e+03,4.639327526092529297e-01,9.686158447265625000e+02,1.050501831054687500e+03,4.868957996368408203e-01,7.564474237679112321e+02,6.506857224389132170e+02,1.808353064599175468e+02,3.919223089311708463e+02,0.000000000000000000e+00
7.130200000000000000e+04,2.570000000000000000e+02,1.092000000000000000e+04,1.460000000000000000e+02,9.483607177734375000e+02,7.048886108398437500e+02,8.947966694831848145e-01,9.483607177734375000e+02,6.933425292968750000e+02,7.109242081642150879e-01,9.445120239257812500e+02,6.933425292968750000e+02,8.629610538482666016e-01,8.983276367187500000e+02,6.894938354492187500e+02,6.170044541358947754e-01,9.252684936523437500e+02,6.933425292968750000e+02,8.677538037300109863e-01,8.867814941406250000e+02,7.433756103515625000e+02,7.524452805519104004e-01,8.983276367187500000e+02,7.549216918945312500e+02,9.072360992431640625e-01,8.829328002929687500e+02,8.318956909179687500e+02,7.002629041671752930e-01,8.983276367187500000e+02,8.395930786132812500e+02,8.883810043334960938e-01,8.983276367187500000e+02,8.934748535156250000e+02,4.994250535964965820e-01,9.252684936523437500e+02,9.165670776367187500e+02,8.702243566513061523e-01,8.713867187500000000e+02,9.011722412109375000e+02,6.313909292221069336e-01,8.944788818359375000e+02,9.050209960937500000e+02,6.725829839706420898e-01,8.175049438476562500e+02,9.704488525390625000e+02,6.309984326362609863e-01,9.560581054687500000e+02,9.858436279296875000e+02,5.533514022827148438e-01,7.520770263671875000e+02,1.028179321289062500e+03,6.791486740112304688e-01,9.522094116210937500e+02,1.047422851562500000e+03,4.613813757896423340e-01,9.291171875000000000e+02,6.625529174804687500e+02,9.315097928047180176e-01,9.098737182617187500e+02,7.164346923828125000e+02,8.446612954139709473e-01,8.829328002929687500e+02,8.934748535156250000e+02,7.823531627655029297e-01,7.751692504882812500e+02,1.055120239257812500e+03,3.260730504989624023e-01,9.945451049804687500e+02,1.047422851562500000e+03,3.968013823032379150e-01,7.790179443359375000e+02,1.035876708984375000e+03,3.321865499019622803e-01,9.945451049804687500e+02,1.051271484375000000e+03,3.563543260097503662e-01,7.405309448242187500e+02,1.035876708984375000e+03,7.763032913208007812e-01,7.944127197265625000e+02,1.028179321289062500e+03,1.730766296386718750e-01,7.614027208780948968e+02,6.569568065361844447e+02,1.868203646117358403e+02,3.935982477173466805e+02,0.000000000000000000e+00
7.130300000000000000e+04,2.570000000000000000e+02,1.092000000000000000e+04,1.470000000000000000e+02,9.696973266601562500e+02,7.078629150390625000e+02,9.084897041320800781e-01,9.696973266601562500e+02,6.962473144531250000e+02,8.387562632560729980e-01,9.658255004882812500e+02,6.962473144531250000e+02,8.846409916877746582e-01,9.154914550781250000e+02,6.962473144531250000e+02,4.814467430114746094e-01,9.425944213867187500e+02,7.001192016601562500e+02,8.156010508537292480e-01,9.232351684570312500e+02,7.543250732421875000e+02,7.239724397659301758e-01,9.193632812500000000e+02,7.581968994140625000e+02,9.042904973030090332e-01,9.154914550781250000e+02,8.395057373046875000e+02,7.479031085968017578e-01,9.154914550781250000e+02,8.472494506835937500e+02,8.896635770797729492e-01,9.309788208007812500e+02,9.053272094726562500e+02,5.558884739875793457e-01,9.425944213867187500e+02,9.208145751953125000e+02,8.635677099227905273e-01,9.038759155273437500e+02,9.208145751953125000e+02,6.354573965072631836e-01,9.232351684570312500e+02,9.246864624023437500e+02,6.898238062858581543e-01,8.380544433593750000e+02,9.905078735351562500e+02,5.345667600631713867e-01,9.735692138671875000e+02,1.013738952636718750e+03,5.852898955345153809e-01,7.683612060546875000e+02,1.029226318359375000e+03,4.564118683338165283e-01,9.696973266601562500e+02,1.060201171875000000e+03,2.878508567810058594e-01,9.464662475585937500e+02,6.652725219726562500e+02,7.906019091606140137e-01,9.271069946289062500e+02,7.233502807617187500e+02,8.278785943984985352e-01,9.116196289062500000e+02,9.130708618164062500e+02,7.313115000724792480e-01,7.838485717773437500e+02,1.048585571289062500e+03,2.400093078613281250e-01,7.993359985351562500e+02,1.040841918945312500e+03,1.300848424434661865e-01,7.838485717773437500e+02,1.033098266601562500e+03,2.700071036815643311e-01,1.004544006347656250e+03,1.052457397460937500e+03,1.499097496271133423e-01,7.567456665039062500e+02,1.029226318359375000e+03,4.578665792942047119e-01,7.567456665039062500e+02,1.033098266601562500e+03,3.850200474262237549e-01,7.770769333870814535e+02,6.584979797574399072e+02,1.927927484664626263e+02,3.957623379818996909e+02,0.000000000000000000e+00
7.130400000000000000e+04,2.570000000000000000e+02,1.092000000000000000e+04,1.480000000000000000e+02,9.877423095703125000e+02,7.038500366210937500e+02,8.654826283454895020e-01,9.877423095703125000e+02,6.961159057617187500e+02,7.109586596488952637e-01,9.838752441406250000e+02,6.961159057617187500e+02,8.382812738418579102e-01,9.374704589843750000e+02,6.961159057617187500e+02,4.909044802188873291e-01,9.645399169921875000e+02,6.999829711914062500e+02,8.002364039421081543e-01,9.336033325195312500e+02,7.502548828125000000e+02,7.369136214256286621e-01,9.413375244140625000e+02,7.579890136718750000e+02,9.294368624687194824e-01,9.258692016601562500e+02,8.391974487304687500e+02,6.285513043403625488e-01,9.374704589843750000e+02,8.469315795898437500e+02,8.744494318962097168e-01,9.452045898437500000e+02,9.049376220703125000e+02,7.533213496208190918e-01,9.568057861328125000e+02,9.204058837890625000e+02,8.622313141822814941e-01,9.220021362304687500e+02,9.242729492187500000e+02,6.601256132125854492e-01,9.336033325195312500e+02,9.281400146484375000e+02,6.814391016960144043e-01,8.717302856445312500e+02,9.938801269531250000e+02,4.923680424690246582e-01,9.568057861328125000e+02,1.020949645996093750e+03,4.865822196006774902e-01,7.943889160156250000e+02,1.017082580566406250e+03,7.144863009452819824e-01,7.943889160156250000e+02,1.028683715820312500e+03,4.597847461700439453e-01,9.645399169921875000e+02,6.651793823242187500e+02,8.142821192741394043e-01,9.490716552734375000e+02,7.231854248046875000e+02,7.771986126899719238e-01,9.258692016601562500e+02,9.165388183593750000e+02,6.982612609863281250e-01,7.943889160156250000e+02,1.040284912109375000e+03,3.501698374748229980e-01,8.059901123046875000e+02,1.044152099609375000e+03,3.801278471946716309e-01,7.943889160156250000e+02,1.032550781250000000e+03,3.812668621540069580e-01,7.943889160156250000e+02,1.048019165039062500e+03,3.847762644290924072e-01,7.789206542968750000e+02,1.017082580566406250e+03,6.677692532539367676e-01,7.750535888671875000e+02,1.028683715820312500e+03,5.868299603462219238e-01,7.907173005238933001e+02,6.589821013413645687e+02,1.972745546735972084e+02,3.962291590099309815e+02,0.000000000000000000e+00
7.130500000000000000e+04,2.570000000000000000e+02,1.092000000000000000e+04,1.490000000000000000e+02,1.011594970703125000e+03,7.054965820312500000e+02,8.906395435333251953e-01,1.011594970703125000e+03,6.933442993164062500e+02,8.104878067970275879e-01,1.007544250488281250e+03,6.973950195312500000e+02,8.957570791244506836e-01,9.629859008789062500e+02,6.933442993164062500e+02,5.906885266304016113e-01,9.832396850585937500e+02,6.973950195312500000e+02,7.755982279777526855e-01,9.427321166992187500e+02,7.419533691406250000e+02,7.531856894493103027e-01,9.710874023437500000e+02,7.541056518554687500e+02,9.152774214744567871e-01,9.467828979492187500e+02,8.310700073242187500e+02,6.431252360343933105e-01,9.629859008789062500e+02,8.432222290039062500e+02,8.574511408805847168e-01,9.589351806640625000e+02,8.999328613281250000e+02,4.177544414997100830e-01,9.751381835937500000e+02,9.201866455078125000e+02,8.852686285972595215e-01,9.467828979492187500e+02,9.242373657226562500e+02,6.213734149932861328e-01,9.791889648437500000e+02,9.282881469726562500e+02,7.132776379585266113e-01,9.467828979492187500e+02,1.021455505371093750e+03,5.927186012268066406e-01,9.953919677734375000e+02,1.033607788085937500e+03,7.288472056388854980e-01,8.374124755859375000e+02,1.009303222656250000e+03,3.474574983119964600e-01,9.872904663085937500e+02,1.061963012695312500e+03,5.556014180183410645e-01,9.872904663085937500e+02,6.609382324218750000e+02,9.282347559928894043e-01,9.710874023437500000e+02,7.216995849609375000e+02,8.484129905700683594e-01,9.629859008789062500e+02,9.161358642578125000e+02,7.620052099227905273e-01,8.090571899414062500e+02,1.025506225585937500e+03,6.211706399917602539e-01,8.090571899414062500e+02,1.037658569335937500e+03,4.069635868072509766e-01,8.090571899414062500e+02,1.017404785156250000e+03,5.436720252037048340e-01,8.090571899414062500e+02,1.033607788085937500e+03,3.382186591625213623e-01,8.131079711914062500e+02,1.005252502441406250e+03,4.625859260559082031e-01,8.131079711914062500e+02,1.017404785156250000e+03,3.900007307529449463e-01,8.245117492852552914e+02,6.534492063645377584e+02,2.031212346362440258e+02,4.087664919367427956e+02,0.000000000000000000e+00
7.130600000000000000e+04,2.570000000000000000e+02,1.092000000000000000e+04,1.500000000000000000e+02,1.029556640625000000e+03,7.035935058593750000e+02,8.506715297698974609e-01,1.029556640625000000e+03,6.952166137695312500e+02,7.091345787048339844e-01,1.025368286132812500e+03,6.952166137695312500e+02,8.604086637496948242e-01,9.792953491210937500e+02,6.910281982421875000e+02,5.998429656028747559e-01,1.008614440917968750e+03,6.994050903320312500e+02,7.867282629013061523e-01,9.667300415039062500e+02,7.454779663085937500e+02,7.889702320098876953e-01,9.834838256835937500e+02,7.538548583984375000e+02,9.699496030807495117e-01,9.709184570312500000e+02,8.292468261718750000e+02,6.890676021575927734e-01,9.792953491210937500e+02,8.418121337890625000e+02,8.521043062210083008e-01,1.008614440917968750e+03,9.004503784179687500e+02,7.631480097770690918e-01,9.876722412109375000e+02,9.172041625976562500e+02,8.738756775856018066e-01,9.667300415039062500e+02,9.088272705078125000e+02,6.898332238197326660e-01,9.709184570312500000e+02,9.172041625976562500e+02,7.525451779365539551e-01,9.751069335937500000e+02,9.967845458984375000e+02,5.493113994598388672e-01,9.709184570312500000e+02,1.005161437988281250e+03,6.353347301483154297e-01,8.787727050781250000e+02,1.013538330078125000e+03,5.696762204170227051e-01,8.955264892578125000e+02,1.038668945312500000e+03,5.457261800765991211e-01,1.004426025390625000e+03,6.617091064453125000e+02,9.210612773895263672e-01,9.876722412109375000e+02,7.203472900390625000e+02,9.283635020256042480e-01,9.667300415039062500e+02,9.046387939453125000e+02,7.365971803665161133e-01,8.452651977539062500e+02,1.026103637695312500e+03,6.062619686126708984e-01,1.004426025390625000e+03,1.059611206054687500e+03,5.485373139381408691e-01,8.536420288085937500e+02,1.021915222167968750e+03,6.619480252265930176e-01,1.000237548828125000e+03,1.063799682617187500e+03,5.903441309928894043e-01,8.536420288085937500e+02,1.005161437988281250e+03,6.673394441604614258e-01,8.829611816406250000e+02,1.034480590820312500e+03,6.515810489654541016e-01,8.606400415198291967e+02,6.488780947492763289e+02,2.048972182801629742e+02,4.226251709425160925e+02,0.000000000000000000e+00
7.130700000000000000e+04,2.570000000000000000e+02,1.090600000000000000e+04,1.510000000000000000e+02,1.052811645507812500e+03,7.017949218750000000e+02,8.897619843482971191e-01,1.052811645507812500e+03,6.937897338867187500e+02,7.335740327835083008e-01,1.044806396484375000e+03,6.937897338867187500e+02,8.516917824745178223e-01,9.967752075195312500e+02,6.857845458984375000e+02,5.562328696250915527e-01,1.024793457031250000e+03,6.937897338867187500e+02,8.102878332138061523e-01,9.887700195312500000e+02,7.378182983398437500e+02,7.529397606849670410e-01,1.000777832031250000e+03,7.498261108398437500e+02,8.952602744102478027e-01,1.004780456542968750e+03,8.258754272460937500e+02,6.906905174255371094e-01,9.927726440429687500e+02,8.378832397460937500e+02,8.355117440223693848e-01,1.032798583984375000e+03,8.979221801757812500e+02,6.761074066162109375e-01,1.008783020019531250e+03,9.099299316406250000e+02,8.264975547790527344e-01,9.887700195312500000e+02,9.099299316406250000e+02,6.568761467933654785e-01,9.967752075195312500e+02,9.099299316406250000e+02,8.305404782295227051e-01,9.887700195312500000e+02,9.779741210937500000e+02,5.995808243751525879e-01,9.927726440429687500e+02,9.939844970703125000e+02,6.210846304893493652e-01,9.247285156250000000e+02,1.026005249023437500e+03,4.351249635219573975e-01,9.007128906250000000e+02,1.018000061035156250e+03,3.683590292930603027e-01,1.028796020507812500e+03,6.577663574218750000e+02,8.671376109123229980e-01,1.008783020019531250e+03,7.138027343750000000e+02,8.040131330490112305e-01,9.927726440429687500e+02,9.019247436523437500e+02,7.429248690605163574e-01,9.847674560546875000e+02,1.054023437500000000e+03,5.604237318038940430e-01,9.167233276367187500e+02,1.042015625000000000e+03,6.022194623947143555e-01,9.807648315429687500e+02,1.046018188476562500e+03,4.564447402954101562e-01,9.087181396484375000e+02,1.046018188476562500e+03,5.846876502037048340e-01,8.887051391601562500e+02,1.018000061035156250e+03,5.042515397071838379e-01,8.887051391601562500e+02,1.013997436523437500e+03,6.201776266098022461e-01,8.805687968472618650e+02,6.501881032606034978e+02,1.997352687903362494e+02,4.155465409351385233e+02,0.000000000000000000e+00
7.130800000000000000e+04,2.570000000000000000e+02,1.090600000000000000e+04,1.520000000000000000e+02,1.070894287109375000e+03,7.070164184570312500e+02,9.101285934448242188e-01,1.070894287109375000e+03,6.950080566406250000e+02,7.718226313591003418e-01,1.066891479492187500e+03,6.950080566406250000e+02,9.012232422828674316e-01,1.014855224609375000e+03,6.870025024414062500e+02,5.788052678108215332e-01,1.038871948242187500e+03,6.950080566406250000e+02,8.110991120338439941e-01,1.002846862792968750e+03,7.390387573242187500e+02,7.878593802452087402e-01,1.018858032226562500e+03,7.470443725585937500e+02,9.300780296325683594e-01,1.030866455078125000e+03,8.230974121093750000e+02,6.648574471473693848e-01,1.014855224609375000e+03,8.351057739257812500e+02,8.674725294113159180e-01,1.050880371093750000e+03,8.951477050781250000e+02,7.316560745239257812e-01,1.030866455078125000e+03,9.071560668945312500e+02,8.579732775688171387e-01,1.002846862792968750e+03,8.951477050781250000e+02,6.817151308059692383e-01,1.014855224609375000e+03,8.991504516601562500e+02,7.954613566398620605e-01,1.006849670410156250e+03,9.752035522460937500e+02,6.306028366088867188e-01,1.026863647460937500e+03,9.832091064453125000e+02,5.791012644767761230e-01,9.868356933593750000e+02,1.031242675781250000e+03,6.082257628440856934e-01,9.508105468750000000e+02,1.035245361328125000e+03,5.068113207817077637e-01,1.046877563476562500e+03,6.549801635742187500e+02,8.813210725784301758e-01,1.022860839843750000e+03,7.150220336914062500e+02,8.775082826614379883e-01,1.006849670410156250e+03,8.911448974609375000e+02,7.372430562973022461e-01,1.010852416992187500e+03,1.051256591796875000e+03,6.057149767875671387e-01,9.988440551757812500e+02,1.055259399414062500e+03,7.567107677459716797e-01,1.002846862792968750e+03,1.043250976562500000e+03,6.880715489387512207e-01,9.948412475585937500e+02,1.059262207031250000e+03,7.923715114593505859e-01,9.628189086914062500e+02,1.043250976562500000e+03,4.152791500091552734e-01,9.307965698242187500e+02,1.031242675781250000e+03,7.908718585968017578e-01,9.030237016501617973e+02,6.515091335937866006e+02,1.954423543597662274e+02,4.126092267379838177e+02,0.000000000000000000e+00
7.130900000000000000e+04,2.570000000000000000e+02,1.090600000000000000e+04,1.530000000000000000e+02,1.087370483398437500e+03,6.959038696289062500e+02,8.624547719955444336e-01,1.087370483398437500e+03,6.875748291015625000e+02,6.884159445762634277e-01,1.083205932617187500e+03,6.875748291015625000e+02,8.488036394119262695e-01,1.037396118164062500e+03,6.834102783203125000e+02,5.905938148498535156e-01,1.066547851562500000e+03,6.875748291015625000e+02,8.318764567375183105e-01,1.033231567382812500e+03,7.375491943359375000e+02,7.893330454826354980e-01,1.041560668945312500e+03,7.458782348632812500e+02,9.297993183135986328e-01,1.045725219726562500e+03,8.208397827148437500e+02,7.312307953834533691e-01,1.037396118164062500e+03,8.333333740234375000e+02,7.975168824195861816e-01,1.074876831054687500e+03,8.916367797851562500e+02,7.879443764686584473e-01,1.054054199218750000e+03,9.041303710937500000e+02,8.739364147186279297e-01,1.016573486328125000e+03,8.916367797851562500e+02,6.637984514236450195e-01,1.037396118164062500e+03,8.958013305664062500e+02,7.340276241302490234e-01,1.020737976074218750e+03,9.790919189453125000e+02,6.262144446372985840e-01,1.083205932617187500e+03,9.957500610351562500e+02,5.407276153564453125e-01,9.832572021484375000e+02,1.037395385742187500e+03,5.639845132827758789e-01,1.066547851562500000e+03,1.058218017578125000e+03,4.281879961490631104e-01,1.066547851562500000e+03,6.542585449218750000e+02,8.810071945190429688e-01,1.049889648437500000e+03,7.083974609375000000e+02,9.159989356994628906e-01,1.024902465820312500e+03,8.874722900390625000e+02,7.962878942489624023e-01,1.020737976074218750e+03,1.054053466796875000e+03,9.219323396682739258e-01,1.029067016601562500e+03,1.045724365234375000e+03,5.804758071899414062e-01,1.016573486328125000e+03,1.049888916015625000e+03,8.516318202018737793e-01,1.024902465820312500e+03,1.049888916015625000e+03,4.750120341777801514e-01,9.582700195312500000e+02,1.054053466796875000e+03,6.008884310722351074e-01,9.915863037109375000e+02,1.041559936523437500e+03,3.158547580242156982e-01,9.321069759169560029e+02,6.459652106589450113e+02,1.965743260932314342e+02,4.223364164756281980e+02,0.000000000000000000e+00
7.131000000000000000e+04,2.570000000000000000e+02,1.091700000000000000e+04,1.540000000000000000e+02,1.107819580078125000e+03,6.954408569335937500e+02,9.482029676437377930e-01,1.107819580078125000e+03,6.873402709960937500e+02,7.450887560844421387e-01,1.103769287109375000e+03,6.873402709960937500e+02,9.032683968544006348e-01,1.051115600585937500e+03,6.873402709960937500e+02,5.780164599418640137e-01,1.083517944335937500e+03,6.913905639648437500e+02,8.728834390640258789e-01,1.047065307617187500e+03,7.359437255859375000e+02,8.187727928161621094e-01,1.059216186523437500e+03,7.480945434570312500e+02,9.512378573417663574e-01,1.051115600585937500e+03,8.250499877929687500e+02,8.530141711235046387e-01,1.059216186523437500e+03,8.331505737304687500e+02,8.735673427581787109e-01,1.083517944335937500e+03,8.898545532226562500e+02,7.089375853538513184e-01,1.083517944335937500e+03,9.101059570312500000e+02,8.809410929679870605e-01,1.043015014648437500e+03,8.979551391601562500e+02,8.512723445892333984e-01,1.059216186523437500e+03,9.020054321289062500e+02,8.560793399810791016e-01,1.034914550781250000e+03,9.911116943359375000e+02,8.002198934555053711e-01,1.095668823242187500e+03,9.992122802734375000e+02,5.475289225578308105e-01,1.018713378906250000e+03,1.051865966796875000e+03,7.177901864051818848e-01,1.079467651367187500e+03,1.051865966796875000e+03,5.540738105773925781e-01,1.083517944335937500e+03,6.508876953125000000e+02,8.682270050048828125e-01,1.063266479492187500e+03,7.116419677734375000e+02,8.590957522392272949e-01,1.047065307617187500e+03,8.939048461914062500e+02,8.520405292510986328e-01,1.022763610839843750e+03,1.055916259765625000e+03,4.132297039031982422e-01,1.095668823242187500e+03,1.059966552734375000e+03,2.973897159099578857e-01,1.014663085937500000e+03,1.055916259765625000e+03,5.216931700706481934e-01,1.099719116210937500e+03,1.059966552734375000e+03,3.341595530509948730e-01,1.014663085937500000e+03,1.055916259765625000e+03,4.388126730918884277e-01,1.051115600585937500e+03,1.051865966796875000e+03,3.779779076576232910e-01,9.685117955206202396e+02,6.471744117742322260e+02,1.892752449634757568e+02,4.182957758029580191e+02,0.000000000000000000e+00
7.131100000000000000e+04,2.570000000000000000e+02,1.091700000000000000e+04,1.550000000000000000e+02,1.123749267578125000e+03,7.040773925781250000e+02,9.375898241996765137e-01,1.123749267578125000e+03,6.918962402343750000e+02,7.781577110290527344e-01,1.119688964843750000e+03,6.918962402343750000e+02,9.145270586013793945e-01,1.079085083007812500e+03,6.959566040039062500e+02,6.075766682624816895e-01,1.099387084960937500e+03,7.000170288085937500e+02,8.362373709678649902e-01,1.066903930664062500e+03,7.406208496093750000e+02,8.368488550186157227e-01,1.083145507812500000e+03,7.528019409179687500e+02,8.871876597404479980e-01,1.075024780273437500e+03,8.258888549804687500e+02,7.765721082687377930e-01,1.079085083007812500e+03,8.421303710937500000e+02,8.578237295150756836e-01,1.111568115234375000e+03,8.664926757812500000e+02,6.386412978172302246e-01,1.103447387695312500e+03,9.070964965820312500e+02,9.096550941467285156e-01,1.050662475585937500e+03,8.949153442382812500e+02,7.820027470588684082e-01,1.079085083007812500e+03,8.989757080078125000e+02,7.739854454994201660e-01,1.030360595703125000e+03,9.801833496093750000e+02,8.166096806526184082e-01,1.091266235351562500e+03,9.964248657226562500e+02,5.362886190414428711e-01,1.010058654785156250e+03,1.053270263671875000e+03,7.743412852287292480e-01,1.099387084960937500e+03,1.057330566406250000e+03,7.590380907058715820e-01,1.099387084960937500e+03,6.553527832031250000e+02,8.816072940826416016e-01,1.087205932617187500e+03,7.203189086914062500e+02,8.740754723548889160e-01,1.062843627929687500e+03,8.908549194335937500e+02,8.352635502815246582e-01,1.014119018554687500e+03,1.057330566406250000e+03,6.813886165618896484e-01,1.103447387695312500e+03,1.057330566406250000e+03,3.463181555271148682e-01,1.005998229980468750e+03,1.057330566406250000e+03,7.076517343521118164e-01,1.139990844726562500e+03,1.065451293945312500e+03,4.807752072811126709e-01,1.010058654785156250e+03,1.061390991210937500e+03,5.149219036102294922e-01,1.095326660156250000e+03,1.065451293945312500e+03,5.653310418128967285e-01,9.863589917268191130e+02,6.532747665050649175e+02,1.871515349396249803e+02,4.172950806731380453e+02,0.000000000000000000e+00
7.131200000000000000e+04,2.570000000000000000e+02,1.092000000000000000e+04,1.560000000000000000e+02,1.144078369140625000e+03,7.085003662109375000e+02,5.943679809570312500e-01,1.075635986328125000e+03,6.818838500976562500e+02,4.409273564815521240e-01,1.140276123046875000e+03,6.970932617187500000e+02,6.221215724945068359e-01,1.090845458984375000e+03,6.970932617187500000e+02,5.938494801521301270e-01,1.125066650390625000e+03,7.008956298828125000e+02,6.230603456497192383e-01,1.094647827148437500e+03,7.427215576171875000e+02,6.600240468978881836e-01,1.098450073242187500e+03,7.541286621093750000e+02,8.597645163536071777e-01,1.098450073242187500e+03,8.225711059570312500e+02,6.943536400794982910e-01,1.098450073242187500e+03,8.415828857421875000e+02,8.408527970314025879e-01,1.136473754882812500e+03,8.415828857421875000e+02,8.929823040962219238e-01,1.132671386718750000e+03,9.100253295898437500e+02,8.411462306976318359e-01,1.060426513671875000e+03,8.796064453125000000e+02,4.458040595054626465e-01,1.087043090820312500e+03,8.910135498046875000e+02,5.088003277778625488e-01,9.957864379882812500e+02,9.632583618164062500e+02,5.206702947616577148e-01,1.117461914062500000e+03,9.860725097656250000e+02,4.934261143207550049e-01,9.653676147460937500e+02,1.035503173828125000e+03,7.488249540328979492e-01,1.125066650390625000e+03,1.050712524414062500e+03,4.377015829086303711e-01,1.121264282226562500e+03,6.628720703125000000e+02,8.018977642059326172e-01,1.102252441406250000e+03,7.199074096679687500e+02,7.069253921508789062e-01,1.071833618164062500e+03,8.758040771484375000e+02,6.754266023635864258e-01,1.003391174316406250e+03,1.050712524414062500e+03,5.592095851898193359e-01,9.957864379882812500e+02,1.046910156250000000e+03,3.210908472537994385e-01,9.995888061523437500e+02,1.043107910156250000e+03,5.959319472312927246e-01,9.919841308593750000e+02,1.050712524414062500e+03,2.038042843341827393e-01,9.539605102539062500e+02,1.046910156250000000e+03,4.720473289489746094e-01,9.501581420898437500e+02,1.050712524414062500e+03,3.326518535614013672e-01,9.766426784427314942e+02,6.629947939004164255e+02,1.831883697976531948e+02,3.994375504119593643e+02,0.000000000000000000e+00
7.131300000000000000e+04,2.570000000000000000e+02,1.092000000000000000e+04,1.570000000000000000e+02,1.162727416992187500e+03,7.130583496093750000e+02,8.606812953948974609e-01,1.166817382812500000e+03,7.007883911132812500e+02,6.616094708442687988e-01,1.158637451171875000e+03,7.007883911132812500e+02,8.526563048362731934e-01,1.113647460937500000e+03,7.048783569335937500e+02,7.057965993881225586e-01,1.138187500000000000e+03,7.089683837890625000e+02,7.723525166511535645e-01,1.105467529296875000e+03,7.498682861328125000e+02,7.479810714721679688e-01,1.121827514648437500e+03,7.621383056640625000e+02,8.641372323036193848e-01,1.117737548828125000e+03,8.275781860351562500e+02,7.720597982406616211e-01,1.121827514648437500e+03,8.480281372070312500e+02,9.165480136871337891e-01,1.158637451171875000e+03,8.439381713867187500e+02,9.161903262138366699e-01,1.154547485351562500e+03,9.175580444335937500e+02,9.106786847114562988e-01,1.109557495117187500e+03,9.011980590820312500e+02,5.939348340034484863e-01,1.085017578125000000e+03,8.971080932617187500e+02,6.623561382293701172e-01,1.142277465820312500e+03,9.952679443359375000e+02,6.318897604942321777e-01,1.023667663574218750e+03,9.625479736328125000e+02,5.004535317420959473e-01,1.138187500000000000e+03,1.060707885742187500e+03,3.083052635192871094e-01,9.745877075195312500e+02,1.036167846679687500e+03,4.605599641799926758e-01,1.142277465820312500e+03,6.680684204101562500e+02,7.975305914878845215e-01,1.121827514648437500e+03,7.294183349609375000e+02,8.882807493209838867e-01,1.097287597656250000e+03,8.930180664062500000e+02,8.124440312385559082e-01,9.991276855468750000e+02,1.052527832031250000e+03,7.564991712570190430e-01,1.003217712402343750e+03,1.044347900390625000e+03,2.004193067550659180e-01,9.909476928710937500e+02,1.048437866210937500e+03,6.865881681442260742e-01,1.162727416992187500e+03,1.077067871093750000e+03,1.490878760814666748e-01,9.582277221679687500e+02,1.048437866210937500e+03,7.965002655982971191e-01,1.130007446289062500e+03,1.077067871093750000e+03,3.484119176864624023e-01,9.855466641166400450e+02,6.567108440015283577e+02,1.916346961137857079e+02,4.122773133257114750e+02,0.000000000000000000e+00
7.131400000000000000e+04,2.570000000000000000e+02,1.092000000000000000e+04,1.580000000000000000e+02,1.182683349609375000e+03,7.123643188476562500e+02,7.795894742012023926e-01,1.182683349609375000e+03,7.045825195312500000e+02,5.048644542694091797e-01,1.178792480468750000e+03,7.045825195312500000e+02,7.167456746101379395e-01,1.132101684570312500e+03,6.968007202148437500e+02,4.952107667922973633e-01,1.163228881835937500e+03,7.084734497070312500e+02,7.071126103401184082e-01,1.124319824218750000e+03,7.473824462890625000e+02,5.824409127235412598e-01,1.143774291992187500e+03,7.590551757812500000e+02,8.313413858413696289e-01,1.139883422851562500e+03,8.213095703125000000e+02,6.333581805229187012e-01,1.139883422851562500e+03,8.446550292968750000e+02,7.327660322189331055e-01,1.182683349609375000e+03,8.368731689453125000e+02,8.672024011611938477e-01,1.174901611328125000e+03,9.146912231445312500e+02,7.417309880256652832e-01,1.093192626953125000e+03,8.874549560546875000e+02,3.660685718059539795e-01,1.089301757812500000e+03,8.874549560546875000e+02,4.653724133968353271e-01,1.042610839843750000e+03,9.613820800781250000e+02,2.968865633010864258e-01,1.042610839843750000e+03,9.613820800781250000e+02,5.882483124732971191e-01,1.023156372070312500e+03,1.046981933593750000e+03,2.411130964756011963e-01,9.764655761718750000e+02,1.031418334960937500e+03,7.478551268577575684e-01,1.159338012695312500e+03,6.695643920898437500e+02,7.823492288589477539e-01,1.143774291992187500e+03,7.279279174804687500e+02,7.748780250549316406e-01,1.093192626953125000e+03,8.757822265625000000e+02,5.711652040481567383e-01,1.003701843261718750e+03,1.050872802734375000e+03,5.583118796348571777e-01,9.998109741210937500e+02,1.050872802734375000e+03,6.993703246116638184e-01,1.003701843261718750e+03,1.046981933593750000e+03,4.925969243049621582e-01,9.959200439453125000e+02,1.050872802734375000e+03,5.835690498352050781e-01,9.686837768554687500e+02,1.043091064453125000e+03,4.158331751823425293e-01,9.647928466796875000e+02,1.039200073242187500e+03,6.849321126937866211e-01,9.887693894881664392e+02,6.609839087917810048e+02,1.949864167249496631e+02,4.035573616976473659e+02,0.000000000000000000e+00
7.131500000000000000e+04,2.570000000000000000e+02,1.091700000000000000e+04,1.600000000000000000e+02,1.227720825195312500e+03,7.186632080078125000e+02,7.247096300125122070e-01,1.161391845703125000e+03,6.874495849609375000e+02,4.286593198776245117e-01,1.219917358398437500e+03,7.147615356445312500e+02,7.287728190422058105e-01,1.180900268554687500e+03,7.186632080078125000e+02,5.420844554901123047e-01,1.200408813476562500e+03,7.225649414062500000e+02,7.106918692588806152e-01,1.153588378906250000e+03,7.498768920898437500e+02,6.937561631202697754e-01,1.192605468750000000e+03,7.693853759765625000e+02,8.894321322441101074e-01,1.157490112304687500e+03,8.357143554687500000e+02,6.540158987045288086e-01,1.188703735351562500e+03,8.552229003906250000e+02,8.373341560363769531e-01,1.219917358398437500e+03,8.396160888671875000e+02,7.352662086486816406e-01,1.219917358398437500e+03,9.215518798828125000e+02,8.962798118591308594e-01,1.145784912109375000e+03,9.020433959960937500e+02,5.734927058219909668e-01,1.169195190429687500e+03,9.176502075195312500e+02,6.474274396896362305e-01,1.098964477539062500e+03,9.839791870117187500e+02,5.880653262138366699e-01,1.192605468750000000e+03,1.030799682617187500e+03,4.858747422695159912e-01,1.017028686523437500e+03,1.015192810058593750e+03,3.872470855712890625e-01,1.184802001953125000e+03,1.038603027343750000e+03,4.328802525997161865e-01,1.200408813476562500e+03,6.796461791992187500e+02,8.338684439659118652e-01,1.184802001953125000e+03,7.342700195312500000e+02,7.437102198600769043e-01,1.153588378906250000e+03,8.981416625976562500e+02,6.931121349334716797e-01,1.017028686523437500e+03,1.046406494140625000e+03,4.787668585777282715e-01,1.017028686523437500e+03,1.046406494140625000e+03,5.540530085563659668e-01,1.013127014160156250e+03,1.042504760742187500e+03,4.305039644241333008e-01,1.013127014160156250e+03,1.046406494140625000e+03,5.511299371719360352e-01,1.001421875000000000e+03,1.019094543457031250e+03,4.232294559478759766e-01,9.975201416015625000e+02,1.015192810058593750e+03,5.825107097625732422e-01,1.020203687064525639e+03,6.675741200991747064e+02,2.025341825760283427e+02,3.951629648228001770e+02,0.000000000000000000e+00
7.131600000000000000e+04,2.570000000000000000e+02,1.092000000000000000e+04,1.610000000000000000e+02,1.251431030273437500e+03,7.135094604492187500e+02,8.305466771125793457e-01,1.247561523437500000e+03,7.057704467773437500e+02,5.718089938163757324e-01,1.243692016601562500e+03,7.057704467773437500e+02,8.261994719505310059e-01,1.193388427734375000e+03,7.019009399414062500e+02,4.681524932384490967e-01,1.220474975585937500e+03,7.135094604492187500e+02,7.095086574554443359e-01,1.166301879882812500e+03,7.483350830078125000e+02,5.018848180770874023e-01,1.208866455078125000e+03,7.638131103515625000e+02,8.050625920295715332e-01,1.162432373046875000e+03,8.295947875976562500e+02,3.866943120956420898e-01,1.212735961914062500e+03,8.489423217773437500e+02,6.181214451789855957e-01,1.185649414062500000e+03,8.915068969726562500e+02,3.208490014076232910e-01,1.235953002929687500e+03,9.224630126953125000e+02,6.694306135177612305e-01,1.131476196289062500e+03,8.915068969726562500e+02,4.582193493843078613e-01,1.158562866210937500e+03,9.031154785156250000e+02,4.441844522953033447e-01,1.127606689453125000e+03,9.766361083984375000e+02,6.184266805648803711e-01,1.181779907226562500e+03,9.766361083984375000e+02,3.677152097225189209e-01,1.046347045898437500e+03,1.007592224121093750e+03,6.063203215599060059e-01,1.077303100585937500e+03,1.038548217773437500e+03,7.521616816520690918e-01,1.224344482421875000e+03,6.748143920898437500e+02,8.004728555679321289e-01,1.204996948242187500e+03,7.289875488281250000e+02,7.768486142158508301e-01,1.143084716796875000e+03,8.915068969726562500e+02,4.637838602066040039e-01,1.034738525390625000e+03,1.046287353515625000e+03,5.361270904541015625e-01,1.046347045898437500e+03,1.057895874023437500e+03,4.341986477375030518e-01,1.030869018554687500e+03,1.042417846679687500e+03,5.344585776329040527e-01,1.042477539062500000e+03,1.057895874023437500e+03,5.056895613670349121e-01,1.030869018554687500e+03,1.007592224121093750e+03,6.843203306198120117e-01,1.057955566406250000e+03,1.034678710937500000e+03,5.604932904243469238e-01,1.039522074655757024e+03,6.607947367082305163e+02,2.063585560011906637e+02,3.956217263557128945e+02,0.000000000000000000e+00
7.131700000000000000e+04,2.570000000000000000e+02,1.088800000000000000e+04,1.630000000000000000e+02,1.294941528320312500e+03,7.111585083007812500e+02,8.899788260459899902e-01,1.294941528320312500e+03,7.036315307617187500e+02,7.085371017456054688e-01,1.287414550781250000e+03,7.036315307617187500e+02,8.808193206787109375e-01,1.238489013671875000e+03,6.923410034179687500e+02,5.104489922523498535e-01,1.268597045898437500e+03,7.036315307617187500e+02,7.512270808219909668e-01,1.223435058593750000e+03,7.450300292968750000e+02,6.240609884262084961e-01,1.249779541015625000e+03,7.600840454101562500e+02,8.951066136360168457e-01,1.238489013671875000e+03,8.278270874023437500e+02,6.879019141197204590e-01,1.253543090820312500e+03,8.504080810546875000e+02,8.328011631965637207e-01,1.272360595703125000e+03,8.805160522460937500e+02,4.915624856948852539e-01,1.268597045898437500e+03,9.181511230468750000e+02,8.817866444587707520e-01,1.219671508789062500e+03,8.955700683593750000e+02,7.142230868339538574e-01,1.230962036132812500e+03,9.030971069335937500e+02,7.820030450820922852e-01,1.208381103515625000e+03,9.821306152343750000e+02,7.403149008750915527e-01,1.219671508789062500e+03,9.934211425781250000e+02,5.945811271667480469e-01,1.121820556640625000e+03,1.031056152343750000e+03,3.110593855381011963e-01,1.133110961914062500e+03,1.034819580078125000e+03,6.222223043441772461e-01,1.268597045898437500e+03,6.659965209960937500e+02,7.926173806190490723e-01,1.249779541015625000e+03,7.262125244140625000e+02,8.000602126121520996e-01,1.227198608398437500e+03,8.880430908203125000e+02,8.062964081764221191e-01,1.166982543945312500e+03,1.076218139648437500e+03,3.155854642391204834e-01,1.136874511718750000e+03,1.072454711914062500e+03,4.182167351245880127e-01,1.166982543945312500e+03,1.068691162109375000e+03,2.692675888538360596e-01,1.125583984375000000e+03,1.068691162109375000e+03,4.726152122020721436e-01,1.106766479492187500e+03,1.031056152343750000e+03,1.789177954196929932e-01,1.103003051757812500e+03,1.027292602539062500e+03,6.255289316177368164e-01,1.093010195919086755e+03,6.687935418276761084e+02,2.023882684461450481e+02,3.874894678747771195e+02,0.000000000000000000e+00
7.131800000000000000e+04,2.570000000000000000e+02,1.088800000000000000e+04,1.640000000000000000e+02,1.308833496093750000e+03,7.048401489257812500e+02,8.663786053657531738e-01,1.308833496093750000e+03,6.932020263671875000e+02,6.433656811714172363e-01,1.304954223632812500e+03,6.932020263671875000e+02,8.697194457054138184e-01,1.262281127929687500e+03,6.970814208984375000e+02,5.422728657722473145e-01,1.281677978515625000e+03,7.009607543945312500e+02,7.053679227828979492e-01,1.242884277343750000e+03,7.436338500976562500e+02,8.994694948196411133e-01,1.270039794921875000e+03,7.513925781250000000e+02,9.163882136344909668e-01,1.258401733398437500e+03,8.289800415039062500e+02,7.858228683471679688e-01,1.273919189453125000e+03,8.367387695312500000e+02,8.655121922492980957e-01,1.277798583984375000e+03,9.026881103515625000e+02,8.893395662307739258e-01,1.285557250976562500e+03,9.104468383789062500e+02,8.477435111999511719e-01,1.242884277343750000e+03,8.988087158203125000e+02,7.445914149284362793e-01,1.254522338867187500e+03,9.026881103515625000e+02,7.369653582572937012e-01,1.246763549804687500e+03,9.802755126953125000e+02,6.007331013679504395e-01,1.250642944335937500e+03,9.802755126953125000e+02,4.943131208419799805e-01,1.184693603515625000e+03,1.019069213867187500e+03,3.018720746040344238e-01,1.192452392578125000e+03,1.030707397460937500e+03,4.054046869277954102e-01,1.285557250976562500e+03,6.582876586914062500e+02,8.312979340553283691e-01,1.266160400390625000e+03,7.203576049804687500e+02,8.352853059768676758e-01,1.246763549804687500e+03,8.949293212890625000e+02,7.708280682563781738e-01,1.142020507812500000e+03,1.030707397460937500e+03,5.501343607902526855e-01,1.165296752929687500e+03,1.050104248046875000e+03,3.228614032268524170e-01,1.145899902343750000e+03,1.030707397460937500e+03,5.033584237098693848e-01,1.165296752929687500e+03,1.038466064453125000e+03,3.986097574234008789e-01,1.149779296875000000e+03,1.011310485839843750e+03,5.476114749908447266e-01,1.188572998046875000e+03,1.034586669921875000e+03,5.058760046958923340e-01,1.125747948825955518e+03,6.627090441758305133e+02,2.022357690222424935e+02,3.938897177650810590e+02,0.000000000000000000e+00
7.131900000000000000e+04,2.570000000000000000e+02,1.088800000000000000e+04,1.650000000000000000e+02,1.325715698242187500e+03,7.069298706054687500e+02,8.712706565856933594e-01,1.325715698242187500e+03,6.954133300781250000e+02,5.822405815124511719e-01,1.321876953125000000e+03,6.954133300781250000e+02,8.503890633583068848e-01,1.275810791015625000e+03,6.954133300781250000e+02,6.348857283592224121e-01,1.298843872070312500e+03,7.030910034179687500e+02,7.552757263183593750e-01,1.252777832031250000e+03,7.376405639648437500e+02,9.106208682060241699e-01,1.291166137695312500e+03,7.491571044921875000e+02,9.186190962791442871e-01,1.245100097656250000e+03,8.182561645507812500e+02,7.994077205657958984e-01,1.291166137695312500e+03,8.374503784179687500e+02,8.799351453781127930e-01,1.268133178710937500e+03,8.758387451171875000e+02,7.743233442306518555e-01,1.306521484375000000e+03,9.065494995117187500e+02,8.353641629219055176e-01,1.252777832031250000e+03,8.835164184570312500e+02,7.027164101600646973e-01,1.271972045898437500e+03,8.873552856445312500e+02,7.093880176544189453e-01,1.264294311523437500e+03,9.602932128906250000e+02,6.112269163131713867e-01,1.275810791015625000e+03,9.679708862304687500e+02,5.711475014686584473e-01,1.237422485351562500e+03,1.029392333984375000e+03,4.840175509452819824e-01,1.233583618164062500e+03,1.029392333984375000e+03,5.385504364967346191e-01,1.302682739257812500e+03,6.608637695312500000e+02,8.975991606712341309e-01,1.283488525390625000e+03,7.146075439453125000e+02,7.983833551406860352e-01,1.260455444335937500e+03,8.796776123046875000e+02,7.779873609542846680e-01,1.275810791015625000e+03,1.040908813476562500e+03,4.370599389076232910e-01,1.241261230468750000e+03,1.040908813476562500e+03,6.630436182022094727e-01,1.264294311523437500e+03,1.040908813476562500e+03,5.018078088760375977e-01,1.229744750976562500e+03,1.044747680664062500e+03,6.887174844741821289e-01,1.222067016601562500e+03,1.044747680664062500e+03,4.835677742958068848e-01,1.176000976562500000e+03,1.048586547851562500e+03,6.336858868598937988e-01,1.148226207155650627e+03,6.648324703134871925e+02,1.978911656997629507e+02,3.933634927124387559e+02,0.000000000000000000e+00
7.132000000000000000e+04,2.570000000000000000e+02,1.088800000000000000e+04,1.660000000000000000e+02,1.345223388671875000e+03,6.986201171875000000e+02,8.254011869430541992e-01,1.345223388671875000e+03,6.905695190429687500e+02,5.112418532371520996e-01,1.341197998046875000e+03,6.905695190429687500e+02,8.479726910591125488e-01,1.292894165039062500e+03,6.784935302734375000e+02,6.407313942909240723e-01,1.325096801757812500e+03,6.905695190429687500e+02,7.857717275619506836e-01,1.276792846679687500e+03,7.308226928710937500e+02,8.188286423683166504e-01,1.308995483398437500e+03,7.469240112304687500e+02,9.143949151039123535e-01,1.272767578125000000e+03,8.193798217773437500e+02,7.049525976181030273e-01,1.308995483398437500e+03,8.354810791015625000e+02,8.965116739273071289e-01,1.288868896484375000e+03,8.757343139648437500e+02,4.567618668079376221e-01,1.325096801757812500e+03,9.079368896484375000e+02,9.131632447242736816e-01,1.280818237304687500e+03,8.878103027343750000e+02,6.935968995094299316e-01,1.288868896484375000e+03,8.918355712890625000e+02,7.731041908264160156e-01,1.284843505859375000e+03,9.723420410156250000e+02,6.394516825675964355e-01,1.288868896484375000e+03,9.723420410156250000e+02,5.659384131431579590e-01,1.256666259765625000e+03,1.036747192382812500e+03,6.519094705581665039e-01,1.268742187500000000e+03,1.040772460937500000e+03,4.346035122871398926e-01,1.321071411132812500e+03,6.543416137695312500e+02,8.482897877693176270e-01,1.304970092773437500e+03,7.106961059570312500e+02,8.255255818367004395e-01,1.280818237304687500e+03,8.797596435546875000e+02,7.432249188423156738e-01,1.276792846679687500e+03,1.044797851562500000e+03,7.041882276535034180e-01,1.280818237304687500e+03,1.040772460937500000e+03,5.163039565086364746e-01,1.276792846679687500e+03,1.044797851562500000e+03,7.148419022560119629e-01,1.280818237304687500e+03,1.044797851562500000e+03,4.687852263450622559e-01,1.248615600585937500e+03,1.044797851562500000e+03,5.587744116783142090e-01,1.248615600585937500e+03,1.044797851562500000e+03,4.051202833652496338e-01,1.175683189065319993e+03,6.561458863653879234e+02,1.987588338703812951e+02,4.058010640103200330e+02,0.000000000000000000e+00
7.132100000000000000e+04,2.570000000000000000e+02,1.090700000000000000e+04,1.670000000000000000e+02,1.358784301757812500e+03,6.973117675781250000e+02,6.279106736183166504e-01,1.293037597656250000e+03,6.685476074218750000e+02,6.607818007469177246e-01,1.354675048828125000e+03,6.890934448242187500e+02,6.892200708389282227e-01,1.309474243164062500e+03,6.890934448242187500e+02,6.657481193542480469e-01,1.338238403320312500e+03,6.973117675781250000e+02,7.599961757659912109e-01,1.284819213867187500e+03,7.342943115234375000e+02,8.091363310813903809e-01,1.330020141601562500e+03,7.466217651367187500e+02,8.990392684936523438e-01,1.276600952148437500e+03,8.205868530273437500e+02,7.020024657249450684e-01,1.330020141601562500e+03,8.370234985351562500e+02,8.334263563156127930e-01,1.305365112304687500e+03,8.822243652343750000e+02,4.192147850990295410e-01,1.342347656250000000e+03,9.109885253906250000e+02,8.643309473991394043e-01,1.276600952148437500e+03,8.781151733398437500e+02,5.781623125076293945e-01,1.309474243164062500e+03,8.863335571289062500e+02,6.345401406288146973e-01,1.297146728515625000e+03,9.726260986328125000e+02,3.529390394687652588e-01,1.309474243164062500e+03,9.726260986328125000e+02,5.406835079193115234e-01,1.276600952148437500e+03,1.030154418945312500e+03,2.570360302925109863e-01,1.280710083007812500e+03,1.034263671875000000e+03,5.096790790557861328e-01,1.334129272460937500e+03,6.562200927734375000e+02,8.419024944305419922e-01,1.317692626953125000e+03,7.096392822265625000e+02,8.250746726989746094e-01,1.293037597656250000e+03,8.740060424804687500e+02,7.103143334388732910e-01,1.223181640625000000e+03,1.046591186523437500e+03,3.551427721977233887e-01,1.305365112304687500e+03,1.038372802734375000e+03,6.127018332481384277e-01,1.219072509765625000e+03,1.042481933593750000e+03,3.680422604084014893e-01,1.301255859375000000e+03,1.042481933593750000e+03,5.539602637290954590e-01,1.177980834960937500e+03,1.046591186523437500e+03,3.461796343326568604e-01,1.272491699218750000e+03,1.042481933593750000e+03,5.036686658859252930e-01,1.186328781497011505e+03,6.487201383016556520e+02,2.023650584778999928e+02,4.160460314903373273e+02,0.000000000000000000e+00
7.132200000000000000e+04,2.570000000000000000e+02,1.088800000000000000e+04,1.680000000000000000e+02,1.380330444335937500e+03,7.025622558593750000e+02,6.454130411148071289e-01,1.380330444335937500e+03,6.985608520507812500e+02,3.898565471172332764e-01,1.376328979492187500e+03,6.945593872070312500e+02,7.261231541633605957e-01,1.328311889648437500e+03,6.905579833984375000e+02,5.841261148452758789e-01,1.360323242187500000e+03,6.985608520507812500e+02,7.547228932380676270e-01,1.312306274414062500e+03,7.345736083984375000e+02,6.497641801834106445e-01,1.340316162109375000e+03,7.465778808593750000e+02,8.743058443069458008e-01,1.320309082031250000e+03,8.186034545898437500e+02,4.785889983177185059e-01,1.348319091796875000e+03,8.266063232421875000e+02,8.183695077896118164e-01,1.340316162109375000e+03,8.786248168945312500e+02,4.395633041858673096e-01,1.364324707031250000e+03,9.106361694335937500e+02,8.597144484519958496e-01,1.312306274414062500e+03,8.786248168945312500e+02,4.900488555431365967e-01,1.340316162109375000e+03,8.866276245117187500e+02,5.225446224212646484e-01,1.300302001953125000e+03,9.666560668945312500e+02,5.337038636207580566e-01,1.368326171875000000e+03,9.746589355468750000e+02,5.857430100440979004e-01,1.192263549804687500e+03,1.042683105468750000e+03,6.147685050964355469e-01,1.360323242187500000e+03,1.046684570312500000e+03,5.788520574569702148e-01,1.356321899414062500e+03,6.585466308593750000e+02,8.107813596725463867e-01,1.340316162109375000e+03,7.145665283203125000e+02,7.537550926208496094e-01,1.324310546875000000e+03,8.706219482421875000e+02,6.144988536834716797e-01,1.228276367187500000e+03,1.046684570312500000e+03,3.859437406063079834e-01,1.228276367187500000e+03,1.050685913085937500e+03,2.308445721864700317e-01,1.224274902343750000e+03,1.042683105468750000e+03,4.179320931434631348e-01,1.404338989257812500e+03,1.046684570312500000e+03,2.459966689348220825e-01,1.180259277343750000e+03,1.046684570312500000e+03,3.983857631683349609e-01,1.180259277343750000e+03,1.054687377929687500e+03,1.479947865009307861e-01,1.191998329382083739e+03,6.528140357633069470e+02,2.036784217725405597e+02,4.127406607473130862e+02,0.000000000000000000e+00
7.132300000000000000e+04,2.570000000000000000e+02,1.091700000000000000e+04,1.690000000000000000e+02,1.310921997070312500e+03,6.884349365234375000e+02,5.249195098876953125e-01,1.322613159179687500e+03,6.806408691406250000e+02,6.657536625862121582e-01,1.392760253906250000e+03,7.001261596679687500e+02,5.092249512672424316e-01,1.334304321289062500e+03,6.923320312500000000e+02,4.990682601928710938e-01,1.369377929687500000e+03,7.040231933593750000e+02,5.311814546585083008e-01,1.291436767578125000e+03,7.468908691406250000e+02,6.172618865966796875e-01,1.349892578125000000e+03,7.507879028320312500e+02,5.938837528228759766e-01,1.260260253906250000e+03,8.053467407226562500e+02,7.004527449607849121e-01,1.299230834960937500e+03,8.209349975585937500e+02,4.725176095962524414e-01,1.240774902343750000e+03,8.521114501953125000e+02,9.483156204223632812e-01,1.384966186523437500e+03,9.066702880859375000e+02,5.378602147102355957e-01,1.275848510742187500e+03,8.676997070312500000e+02,5.613455176353454590e-01,1.287539672851562500e+03,8.715967407226562500e+02,5.573958754539489746e-01,1.310921997070312500e+03,9.534349975585937500e+02,5.928183197975158691e-01,1.248569091796875000e+03,9.456408691406250000e+02,6.055971384048461914e-01,1.279745605468750000e+03,1.023582031250000000e+03,2.639095485210418701e-01,1.194010253906250000e+03,1.031376220703125000e+03,6.741186380386352539e-01,1.369377929687500000e+03,6.650526123046875000e+02,4.734525978565216064e-01,1.338201416015625000e+03,7.196114501953125000e+02,5.606112480163574219e-01,1.287539672851562500e+03,8.638026123046875000e+02,6.648579239845275879e-01,1.314819091796875000e+03,1.027479125976562500e+03,3.853241503238677979e-01,1.225186767578125000e+03,1.050861450195312500e+03,6.905030012130737305e-01,1.314819091796875000e+03,1.023582031250000000e+03,3.712043166160583496e-01,1.217392578125000000e+03,1.050861450195312500e+03,6.011544466018676758e-01,1.190113159179687500e+03,1.043067382812500000e+03,1.564954966306686401e-01,1.182319091796875000e+03,1.046964355468750000e+03,7.702903151512145996e-01,1.198597886981703141e+03,6.562313215902029242e+02,2.028341703521839463e+02,4.043173770507862628e+02,0.000000000000000000e+00
7.132400000000000000e+04,2.570000000000000000e+02,1.090700000000000000e+04,1.700000000000000000e+02,1.417969116210937500e+03,7.021215209960937500e+02,4.474964141845703125e-01,1.349272460937500000e+03,6.778756103515625000e+02,5.658692121505737305e-01,1.413928100585937500e+03,6.940395507812500000e+02,5.183732509613037109e-01,1.369477294921875000e+03,6.980805053710937500e+02,6.815122365951538086e-01,1.393723266601562500e+03,7.021215209960937500e+02,7.214537262916564941e-01,1.353313354492187500e+03,7.384903564453125000e+02,7.833294272422790527e-01,1.377559326171875000e+03,7.506132812500000000e+02,9.068280458450317383e-01,1.365436401367187500e+03,8.233510131835937500e+02,6.225536465644836426e-01,1.385641235351562500e+03,8.395148925781250000e+02,8.927029967308044434e-01,1.373518310546875000e+03,8.839656982421875000e+02,5.687907934188842773e-01,1.405846191406250000e+03,9.122526245117187500e+02,9.080964922904968262e-01,1.353313354492187500e+03,8.880067138671875000e+02,6.828274130821228027e-01,1.357354370117187500e+03,8.920476684570312500e+02,7.022274136543273926e-01,1.320985473632812500e+03,9.728673706054687500e+02,6.267939805984497070e-01,1.385641235351562500e+03,9.809492797851562500e+02,5.379565954208374023e-01,1.284616699218750000e+03,1.037523071289062500e+03,5.966746211051940918e-01,1.369477294921875000e+03,1.033482055664062500e+03,5.214856863021850586e-01,1.393723266601562500e+03,6.617116699218750000e+02,8.780636787414550781e-01,1.373518310546875000e+03,7.182854614257812500e+02,8.310694098472595215e-01,1.353313354492187500e+03,8.839656982421875000e+02,8.250247836112976074e-01,1.296739624023437500e+03,1.041564086914062500e+03,3.827836513519287109e-01,1.219960937500000000e+03,1.049645996093750000e+03,4.475296139717102051e-01,1.288657714843750000e+03,1.041564086914062500e+03,3.598890602588653564e-01,1.413928100585937500e+03,1.045604980468750000e+03,4.089685082435607910e-01,1.272493774414062500e+03,1.041564086914062500e+03,5.025465488433837891e-01,1.361395385742187500e+03,1.037523071289062500e+03,5.757701396942138672e-01,1.274204930685365071e+03,6.468099521291193241e+02,1.530490478269091454e+02,4.203360062875650556e+02,0.000000000000000000e+00
7.132500000000000000e+04,2.570000000000000000e+02,1.090700000000000000e+04,1.710000000000000000e+02,1.439888061523437500e+03,7.090451049804687500e+02,6.101512312889099121e-01,1.364613159179687500e+03,6.773504028320312500e+02,5.714163780212402344e-01,1.435926147460937500e+03,6.971596069335937500e+02,6.266795396804809570e-01,1.384422363281250000e+03,6.971596069335937500e+02,6.127638220787048340e-01,1.416117065429687500e+03,7.050832519531250000e+02,6.979705691337585449e-01,1.368574951171875000e+03,7.447016601562500000e+02,6.422560811042785645e-01,1.396307861328125000e+03,7.565871582031250000e+02,9.314154386520385742e-01,1.305185546875000000e+03,8.120528564453125000e+02,4.099896252155303955e-01,1.404231445312500000e+03,8.397857666015625000e+02,8.697961568832397461e-01,1.273490844726562500e+03,8.556331176757812500e+02,4.901313483715057373e-01,1.424040649414062500e+03,9.110988159179687500e+02,8.727245926856994629e-01,1.360651245117187500e+03,8.912896118164062500e+02,5.572273731231689453e-01,1.380460449218750000e+03,8.952514648437500000e+02,5.930612087249755859e-01,1.348765747070312500e+03,9.586408691406250000e+02,3.683404624462127686e-01,1.404231445312500000e+03,9.705263671875000000e+02,1.680989116430282593e-01,1.281414550781250000e+03,1.045801269531250000e+03,5.449904799461364746e-01,1.210101440429687500e+03,1.033915771484375000e+03,6.692771911621093750e-01,1.412155151367187500e+03,6.615030517578125000e+02,8.498659729957580566e-01,1.392345947265625000e+03,7.209306030273437500e+02,8.429431915283203125e-01,1.372536743164062500e+03,8.833659667968750000e+02,6.676824092864990234e-01,1.273490844726562500e+03,1.041839477539062500e+03,1.945679783821105957e-01,1.229910644531250000e+03,1.049763183593750000e+03,6.731319427490234375e-01,1.269529052734375000e+03,1.045801269531250000e+03,1.942272186279296875e-01,1.221986938476562500e+03,1.053724975585937500e+03,6.121422052383422852e-01,1.273490844726562500e+03,1.053724975585937500e+03,4.906415343284606934e-01,1.194254150390625000e+03,1.041839477539062500e+03,6.692710518836975098e-01,1.221655806375074235e+03,6.571654511638205349e+02,2.092242656530568183e+02,4.015030935214747387e+02,0.000000000000000000e+00
7.132600000000000000e+04,2.570000000000000000e+02,1.091700000000000000e+04,1.740000000000000000e+02,1.493660766601562500e+03,7.057441406250000000e+02,7.584281563758850098e-01,1.489962768554687500e+03,7.020462036132812500e+02,5.242042541503906250e-01,1.486264892578125000e+03,6.983483276367187500e+02,7.640891671180725098e-01,1.441890014648437500e+03,7.020462036132812500e+02,3.172798454761505127e-01,1.467775390625000000e+03,7.057441406250000000e+02,6.439561247825622559e-01,1.452983764648437500e+03,7.538169555664062500e+02,5.926939249038696289e-01,1.449285766601562500e+03,7.575148925781250000e+02,8.026052117347717285e-01,1.452983764648437500e+03,8.388688354492187500e+02,5.374345183372497559e-01,1.456681640625000000e+03,8.462647094726562500e+02,7.924205660820007324e-01,1.460379516601562500e+03,9.017333374023437500e+02,4.552373290061950684e-01,1.471473266601562500e+03,9.165249633789062500e+02,8.978995084762573242e-01,1.438192138671875000e+03,9.091291503906250000e+02,5.804483294486999512e-01,1.441890014648437500e+03,9.128270263671875000e+02,6.217975616455078125e-01,1.419702514648437500e+03,9.941810302734375000e+02,4.363872110843658447e-01,1.430796264648437500e+03,9.978789672851562500e+02,3.024927377700805664e-01,1.338348510742187500e+03,1.034858032226562500e+03,3.340137302875518799e-01,1.282879882812500000e+03,1.023764343261718750e+03,4.519856274127960205e-01,1.460379516601562500e+03,6.687650756835937500e+02,4.351742267608642578e-01,1.449285766601562500e+03,7.279315795898437500e+02,6.426296830177307129e-01,1.438192138671875000e+03,9.017333374023437500e+02,6.585558056831359863e-01,1.412306762695312500e+03,1.038555908203125000e+03,2.322219461202621460e-01,1.264390380859375000e+03,1.049649658203125000e+03,8.028456568717956543e-01,1.412306762695312500e+03,1.038555908203125000e+03,3.226247429847717285e-01,1.260692504882812500e+03,1.045951782226562500e+03,8.400819301605224609e-01,1.327254760742187500e+03,1.038555908203125000e+03,3.639378845691680908e-01,1.264390380859375000e+03,1.016368469238281250e+03,7.397903203964233398e-01,1.284582465185776528e+03,6.733575838544160206e+02,2.023560732654507319e+02,3.794163835237947069e+02,0.000000000000000000e+00
7.132700000000000000e+04,2.570000000000000000e+02,1.091100000000000000e+04,1.750000000000000000e+02,1.511941894531250000e+03,7.059421386718750000e+02,7.650003433227539062e-01,1.511941894531250000e+03,6.947911987304687500e+02,5.510931611061096191e-01,1.504507934570312500e+03,6.947911987304687500e+02,7.549387216567993164e-01,1.474772216796875000e+03,7.059421386718750000e+02,6.568256020545959473e-01,1.482206176757812500e+03,7.059421386718750000e+02,6.482486128807067871e-01,1.459904296875000000e+03,7.468287963867187500e+02,7.976835370063781738e-01,1.467338256835937500e+03,7.542626953125000000e+02,9.295663833618164062e-01,1.463621337890625000e+03,8.286021118164062500e+02,8.068882822990417480e-01,1.471055297851562500e+03,8.360360717773437500e+02,8.767429590225219727e-01,1.478489135742187500e+03,9.029415283203125000e+02,8.627449274063110352e-01,1.482206176757812500e+03,9.103754272460937500e+02,8.860116004943847656e-01,1.448753417968750000e+03,9.029415283203125000e+02,7.864345312118530273e-01,1.452470458984375000e+03,9.029415283203125000e+02,7.998288869857788086e-01,1.448753417968750000e+03,9.921488037109375000e+02,5.603044629096984863e-01,1.459904296875000000e+03,9.958657836914062500e+02,5.300094485282897949e-01,1.366980102539062500e+03,1.036752441406250000e+03,3.250217437744140625e-01,1.437602539062500000e+03,1.044186401367187500e+03,2.019163072109222412e-01,1.485923095703125000e+03,6.687723999023437500e+02,6.663569808006286621e-01,1.467338256835937500e+03,7.245269775390625000e+02,7.847284078598022461e-01,1.448753417968750000e+03,8.955075683593750000e+02,8.268308639526367188e-01,1.300074584960937500e+03,1.040469360351562500e+03,7.067427039146423340e-01,1.322376464843750000e+03,1.047903320312500000e+03,1.126298680901527405e-01,1.303791625976562500e+03,1.040469360351562500e+03,7.322605848312377930e-01,1.314942504882812500e+03,1.047903320312500000e+03,1.091648861765861511e-01,1.311225585937500000e+03,1.018167602539062500e+03,4.018825888633728027e-01,1.370697021484375000e+03,1.036752441406250000e+03,2.956631779670715332e-01,1.375605425015371338e+03,6.686504569218175220e+02,1.420478221509799823e+02,3.872299513280522660e+02,0.000000000000000000e+00
7.132800000000000000e+04,2.570000000000000000e+02,1.091700000000000000e+04,1.780000000000000000e+02,1.562310546875000000e+03,6.941182250976562500e+02,8.977489471435546875e-01,1.562310546875000000e+03,6.867943725585937500e+02,7.887660264968872070e-01,1.551324707031250000e+03,6.831325073242187500e+02,8.531967997550964355e-01,1.522029418945312500e+03,6.867943725585937500e+02,3.689576983451843262e-01,1.525691284179687500e+03,6.867943725585937500e+02,7.882969975471496582e-01,1.529353271484375000e+03,7.417232055664062500e+02,7.915832400321960449e-01,1.511043579101562500e+03,7.453850708007812500e+02,8.910677433013916016e-01,1.533015136718750000e+03,8.259473266601562500e+02,8.000019192695617676e-01,1.511043579101562500e+03,8.332711181640625000e+02,8.309984207153320312e-01,1.544000854492187500e+03,8.955237426757812500e+02,8.559009432792663574e-01,1.522029418945312500e+03,9.065095214843750000e+02,9.038278460502624512e-01,1.507381713867187500e+03,8.991856689453125000e+02,7.266464829444885254e-01,1.500057861328125000e+03,9.028475952148437500e+02,8.338458538055419922e-01,1.511043579101562500e+03,9.797478637695312500e+02,5.208557844161987305e-01,1.514705566406250000e+03,9.834097900390625000e+02,5.907421112060546875e-01,1.496395996093750000e+03,1.038338623046875000e+03,2.818619012832641602e-01,1.410340820312500000e+03,1.058479125976562500e+03,4.563793540000915527e-01,1.536677001953125000e+03,6.684848022460937500e+02,4.923985600471496582e-01,1.522029418945312500e+03,7.160897216796875000e+02,8.912370204925537109e-01,1.500057861328125000e+03,8.918618164062500000e+02,7.985965609550476074e-01,1.470762573242187500e+03,1.045662475585937500e+03,2.414909005165100098e-01,1.439636230468750000e+03,1.058479125976562500e+03,2.824795544147491455e-01,1.470762573242187500e+03,1.049324340820312500e+03,3.097346425056457520e-01,1.432312377929687500e+03,1.058479125976562500e+03,2.504320740699768066e-01,1.403017089843750000e+03,1.058479125976562500e+03,3.702441751956939697e-01,1.395693237304687500e+03,1.058479125976562500e+03,5.017440915107727051e-01,1.424450985640064573e+03,6.471580455079626972e+02,1.392939864893617141e+02,3.668714297900568226e+02,0.000000000000000000e+00
7.132900000000000000e+04,2.570000000000000000e+02,1.091700000000000000e+04,1.800000000000000000e+02,1.593601318359375000e+03,6.961537475585937500e+02,9.344410896301269531e-01,1.597257934570312500e+03,6.851837158203125000e+02,8.841999769210815430e-01,1.586287841796875000e+03,6.851837158203125000e+02,9.345293045043945312e-01,1.553377685546875000e+03,6.778703613281250000e+02,4.990701973438262939e-01,1.564347778320312500e+03,6.815270385742187500e+02,8.343679308891296387e-01,1.560691040039062500e+03,7.327206420898437500e+02,8.037569522857666016e-01,1.538750976562500000e+03,7.400339965820312500e+02,9.495661854743957520e-01,1.557034423828125000e+03,8.204811401367187500e+02,8.312350511550903320e-01,1.538750976562500000e+03,8.314512329101562500e+02,8.359589576721191406e-01,1.578974487304687500e+03,8.899581909179687500e+02,8.754214048385620117e-01,1.557034423828125000e+03,9.009282836914062500e+02,9.162339568138122559e-01,1.535094238281250000e+03,8.972716064453125000e+02,6.792885065078735352e-01,1.538750976562500000e+03,9.009282836914062500e+02,7.943150997161865234e-01,1.516810791015625000e+03,9.923454589843750000e+02,5.644509196281433105e-01,1.571661132812500000e+03,9.960021362304687500e+02,4.660325944423675537e-01,1.498527343750000000e+03,1.017942260742187500e+03,4.532911181449890137e-01,1.557034423828125000e+03,1.047195800781250000e+03,2.635474503040313721e-01,1.578974487304687500e+03,6.522734985351562500e+02,8.730956912040710449e-01,1.553377685546875000e+03,7.071238403320312500e+02,8.276375532150268555e-01,1.535094238281250000e+03,8.899581909179687500e+02,7.999492287635803223e-01,1.441848754882812500e+03,1.056337524414062500e+03,1.807753294706344604e-01,1.527780883789062500e+03,1.050852416992187500e+03,1.341512501239776611e-01,1.434535400390625000e+03,1.056337524414062500e+03,2.407411634922027588e-01,1.514982421875000000e+03,1.056337524414062500e+03,1.419836878776550293e-01,1.405281860351562500e+03,1.056337524414062500e+03,4.884105324745178223e-01,1.483900634765625000e+03,1.028912353515625000e+03,3.948390483856201172e-01,1.463709757828375132e+03,6.422919880084554052e+02,1.433589139379059816e+02,3.725435783418826077e+02,0.000000000000000000e+00
7.133000000000000000e+04,2.570000000000000000e+02,1.088800000000000000e+04,1.820000000000000000e+02,1.626507690429687500e+03,7.045218505859375000e+02,8.312118649482727051e-01,1.626507690429687500e+03,6.927971191406250000e+02,8.019758462905883789e-01,1.618691162109375000e+03,6.927971191406250000e+02,8.617008328437805176e-01,1.579608764648437500e+03,7.006135864257812500e+02,4.675277173519134521e-01,1.591333496093750000e+03,7.006135864257812500e+02,7.173541784286499023e-01,1.591333496093750000e+03,7.436043090820312500e+02,7.808899879455566406e-01,1.575700439453125000e+03,7.475125732421875000e+02,8.875544071197509766e-01,1.583516967773437500e+03,8.217692260742187500e+02,8.079411983489990234e-01,1.575700439453125000e+03,8.334939575195312500e+02,8.396459817886352539e-01,1.606966430664062500e+03,8.764846801757812500e+02,6.229200363159179688e-01,1.603058227539062500e+03,8.999341430664062500e+02,8.291313648223876953e-01,1.571792236328125000e+03,8.764846801757812500e+02,6.234231591224670410e-01,1.560067504882812500e+03,8.764846801757812500e+02,7.047789096832275391e-01,1.583516967773437500e+03,9.624661254882812500e+02,3.315478265285491943e-01,1.532709716796875000e+03,9.546495971679687500e+02,3.310916423797607422e-01,1.587425170898437500e+03,1.036722778320312500e+03,4.750292897224426270e-01,1.423278930664062500e+03,1.032814575195312500e+03,4.444809556007385254e-01,1.599149902343750000e+03,6.654393920898437500e+02,6.408072710037231445e-01,1.587425170898437500e+03,7.240631103515625000e+02,8.298009037971496582e-01,1.563975708007812500e+03,8.686682128906250000e+02,7.376792430877685547e-01,1.544434570312500000e+03,1.040630981445312500e+03,1.268341541290283203e-01,1.442820068359375000e+03,1.048447509765625000e+03,2.656432390213012695e-01,1.591333496093750000e+03,1.032814575195312500e+03,9.578717499971389771e-02,1.438911865234375000e+03,1.052355834960937500e+03,2.147940397262573242e-01,1.563975708007812500e+03,1.044539306640625000e+03,2.699255049228668213e-01,1.407645874023437500e+03,1.048447509765625000e+03,5.942540168762207031e-01,1.434868456031999813e+03,6.602328319298136421e+02,1.983482302251441070e+02,3.973684850201710788e+02,0.000000000000000000e+00
7.133100000000000000e+04,2.570000000000000000e+02,1.088800000000000000e+04,1.830000000000000000e+02,1.586353149414062500e+03,7.153663330078125000e+02,6.294816136360168457e-01,1.586353149414062500e+03,7.076101684570312500e+02,5.724834799766540527e-01,1.582475097656250000e+03,7.076101684570312500e+02,6.195284128189086914e-01,1.559206665039062500e+03,7.076101684570312500e+02,4.753148257732391357e-01,1.566962890625000000e+03,7.114882812500000000e+02,6.902036070823669434e-01,1.555328613281250000e+03,7.386347656250000000e+02,5.245938897132873535e-01,1.566962890625000000e+03,7.502689819335937500e+02,6.924532651901245117e-01,1.586353149414062500e+03,8.045619506835937500e+02,4.614814817905426025e-01,1.566962890625000000e+03,8.239522705078125000e+02,6.576391458511352539e-01,1.632890014648437500e+03,8.317084350585937500e+02,7.468371987342834473e-01,1.621255859375000000e+03,9.053917236328125000e+02,7.167153954505920410e-01,1.547572509765625000e+03,8.588549194335937500e+02,5.725318789482116699e-01,1.524304077148437500e+03,8.588549194335937500e+02,8.040333986282348633e-01,1.566962890625000000e+03,9.402943725585937500e+02,6.503906846046447754e-01,1.493279541015625000e+03,9.441724243164062500e+02,6.684903502464294434e-01,1.582475097656250000e+03,1.017855773925781250e+03,6.035321950912475586e-01,1.431230346679687500e+03,1.025611938476562500e+03,7.426490783691406250e-01,1.566962890625000000e+03,6.882198486328125000e+02,7.680453658103942871e-01,1.563084716796875000e+03,7.270005493164062500e+02,7.535768747329711914e-01,1.532060180664062500e+03,8.510987548828125000e+02,7.717050313949584961e-01,1.601865478515625000e+03,1.041124145507812500e+03,3.032324910163879395e-01,1.438986572265625000e+03,1.048880371093750000e+03,3.645178973674774170e-01,1.601865478515625000e+03,1.037246093750000000e+03,3.775579929351806641e-01,1.431230346679687500e+03,1.045002197265625000e+03,3.363515734672546387e-01,1.578597045898437500e+03,1.029489990234375000e+03,4.777562022209167480e-01,1.415718139648437500e+03,1.037246093750000000e+03,6.716648340225219727e-01,1.441890361894819989e+03,6.611800518002911531e+02,2.021184299879625996e+02,3.978952258617888447e+02,0.000000000000000000e+00
7.133200000000000000e+04,2.570000000000000000e+02,1.088800000000000000e+04,1.860000000000000000e+02,1.695408447265625000e+03,7.131300048828125000e+02,8.530893325805664062e-01,1.695408447265625000e+03,7.014187011718750000e+02,6.262636184692382812e-01,1.691504760742187500e+03,7.014187011718750000e+02,8.312669992446899414e-01,1.652467041015625000e+03,7.092262573242187500e+02,4.421029686927795410e-01,1.671985961914062500e+03,7.053225097656250000e+02,7.640933394432067871e-01,1.656370849609375000e+03,7.560714111328125000e+02,6.951966285705566406e-01,1.648563354492187500e+03,7.599751586914062500e+02,8.901757001876831055e-01,1.644659545898437500e+03,8.419541625976562500e+02,7.245379090309143066e-01,1.648563354492187500e+03,8.497617187500000000e+02,8.726907372474670410e-01,1.675889648437500000e+03,8.966068725585937500e+02,7.617418169975280762e-01,1.679793457031250000e+03,9.083181762695312500e+02,8.269318938255310059e-01,1.621236938476562500e+03,8.966068725585937500e+02,5.453680157661437988e-01,1.605621948242187500e+03,8.927031250000000000e+02,5.916557312011718750e-01,1.625140747070312500e+03,9.590670776367187500e+02,3.901315927505493164e-01,1.562680541992187500e+03,9.785858764648437500e+02,5.971430540084838867e-01,1.543161743164062500e+03,1.021527282714843750e+03,6.262758970260620117e-01,1.476797729492187500e+03,1.013719726562500000e+03,8.236088752746582031e-01,1.675889648437500000e+03,6.779961547851562500e+02,6.682174801826477051e-01,1.656370849609375000e+03,7.287450561523437500e+02,8.394242525100708008e-01,1.601718139648437500e+03,8.848955688476562500e+02,6.137527823448181152e-01,1.629044555664062500e+03,1.025431030273437500e+03,2.916171252727508545e-01,1.465086425781250000e+03,1.044949829101562500e+03,7.401574850082397461e-01,1.609525756835937500e+03,1.033238525390625000e+03,3.921617865562438965e-01,1.461182739257812500e+03,1.041046142578125000e+03,7.761312127113342285e-01,1.527546630859375000e+03,1.033238525390625000e+03,7.879875302314758301e-01,1.465086425781250000e+03,1.009815979003906250e+03,8.805085420608520508e-01,1.473835751991822690e+03,6.630049569555346807e+02,2.136703412200827188e+02,3.933476115306896190e+02,0.000000000000000000e+00
7.133300000000000000e+04,2.570000000000000000e+02,1.091700000000000000e+04,1.870000000000000000e+02,1.685528686523437500e+03,7.213010864257812500e+02,3.747824430465698242e-01,1.658969848632812500e+03,6.985363159179687500e+02,3.639920055866241455e-01,1.658969848632812500e+03,7.061245727539062500e+02,4.221901595592498779e-01,1.628616821289062500e+03,7.099187011718750000e+02,4.316999316215515137e-01,1.647587402343750000e+03,7.175069580078125000e+02,4.941007792949676514e-01,1.613440307617187500e+03,7.478599853515625000e+02,6.576862335205078125e-01,1.639999267578125000e+03,7.592423706054687500e+02,6.507863402366638184e-01,1.613440307617187500e+03,8.161542358398437500e+02,5.690910816192626953e-01,1.636205078125000000e+03,8.351248779296875000e+02,6.441742181777954102e-01,1.651381591796875000e+03,8.654778442382812500e+02,2.081793397665023804e-01,1.700705200195312500e+03,9.110073852539062500e+02,5.778061747550964355e-01,1.594469726562500000e+03,8.806543579101562500e+02,5.980485081672668457e-01,1.602057983398437500e+03,8.844484863281250000e+02,7.315982580184936523e-01,1.590675537109375000e+03,9.755075073242187500e+02,6.707998514175415039e-01,1.590675537109375000e+03,9.793016357421875000e+02,7.541636228561401367e-01,1.560322509765625000e+03,1.024831176757812500e+03,3.729806840419769287e-01,1.503410644531250000e+03,1.009654663085937500e+03,8.665153384208679199e-01,1.639999267578125000e+03,6.871539306640625000e+02,4.770528674125671387e-01,1.639999267578125000e+03,7.326834716796875000e+02,6.866815686225891113e-01,1.598263793945312500e+03,8.730661010742187500e+02,7.090882062911987305e-01,1.590675537109375000e+03,1.055184204101562500e+03,1.313803493976593018e-01,1.499616577148437500e+03,1.047595947265625000e+03,8.711265921592712402e-01,1.586881469726562500e+03,1.047595947265625000e+03,1.197874993085861206e-01,1.492028320312500000e+03,1.043801757812500000e+03,8.936147093772888184e-01,1.548940185546875000e+03,1.036213500976562500e+03,3.218321502208709717e-01,1.488234130859375000e+03,1.005860534667968750e+03,9.397984147071838379e-01,1.493201410584410041e+03,6.669521901943770672e+02,2.117299337108586315e+02,3.905711964669793588e+02,0.000000000000000000e+00
7.133400000000000000e+04,2.570000000000000000e+02,1.091100000000000000e+04,1.880000000000000000e+02,1.730214965820312500e+03,7.065827026367187500e+02,7.885357737541198730e-01,1.733810546875000000e+03,7.029871826171875000e+02,6.954332590103149414e-01,1.726619506835937500e+03,7.029871826171875000e+02,7.656491398811340332e-01,1.683473510742187500e+03,6.957962036132812500e+02,4.051006436347961426e-01,1.705046508789062500e+03,7.029871826171875000e+02,6.161878705024719238e-01,1.697855468750000000e+03,7.569196777343750000e+02,4.794353842735290527e-01,1.679877929687500000e+03,7.605151977539062500e+02,6.779742836952209473e-01,1.694260009765625000e+03,8.360206909179687500e+02,4.584401547908782959e-01,1.690664550781250000e+03,8.432116699218750000e+02,7.634225487709045410e-01,1.712237548828125000e+03,9.007396850585937500e+02,6.288620233535766602e-01,1.719428466796875000e+03,9.115261840820312500e+02,8.480841517448425293e-01,1.665495971679687500e+03,8.935487060546875000e+02,4.620634317398071289e-01,1.669091552734375000e+03,9.007396850585937500e+02,5.473670363426208496e-01,1.661900512695312500e+03,9.654586791992187500e+02,3.745591342449188232e-01,1.669091552734375000e+03,9.726496582031250000e+02,3.789629638195037842e-01,1.607968017578125000e+03,1.030177734375000000e+03,2.806413471698760986e-01,1.536057983398437500e+03,1.012200195312500000e+03,5.972571372985839844e-01,1.708641967773437500e+03,6.634367065429687500e+02,5.775829553604125977e-01,1.690664550781250000e+03,7.245601806640625000e+02,6.062145233154296875e-01,1.665495971679687500e+03,8.899531860351562500e+02,5.058901906013488770e-01,1.600776977539062500e+03,1.055346191406250000e+03,1.964774727821350098e-01,1.532462524414062500e+03,1.037368652343750000e+03,5.114607810974121094e-01,1.640327514648437500e+03,1.037368652343750000e+03,1.772183477878570557e-01,1.528866943359375000e+03,1.033773193359375000e+03,5.429492592811584473e-01,1.589990478515625000e+03,1.040964111328125000e+03,3.992056548595428467e-01,1.528866943359375000e+03,1.005009155273437500e+03,7.106034159660339355e-01,1.532130612054114181e+03,6.748301961116435450e+02,2.020115299512895035e+02,3.760045682553725328e+02,0.000000000000000000e+00
7.133500000000000000e+04,2.570000000000000000e+02,1.088800000000000000e+04,1.890000000000000000e+02,1.752497070312500000e+03,7.050028076171875000e+02,9.767122268676757812e-01,1.752497070312500000e+03,6.938712768554687500e+02,7.236136198043823242e-01,1.748786621093750000e+03,6.938712768554687500e+02,9.129503965377807617e-01,1.704260498046875000e+03,6.975817871093750000e+02,5.467944145202636719e-01,1.726523559570312500e+03,6.975817871093750000e+02,8.213717341423034668e-01,1.700550048828125000e+03,7.458183593750000000e+02,7.717999219894409180e-01,1.707971069335937500e+03,7.606604003906250000e+02,9.068705439567565918e-01,1.700550048828125000e+03,8.385809936523437500e+02,6.207741498947143555e-01,1.722812988281250000e+03,8.497125244140625000e+02,8.819786906242370605e-01,1.719102539062500000e+03,8.979490356445312500e+02,7.205146551132202148e-01,1.737655029296875000e+03,9.127910766601562500e+02,8.834706544876098633e-01,1.689418457031250000e+03,9.016595458984375000e+02,7.619365453720092773e-01,1.704260498046875000e+03,9.053700561523437500e+02,7.251688241958618164e-01,1.681997436523437500e+03,9.832907104492187500e+02,5.316843390464782715e-01,1.704260498046875000e+03,9.944221801757812500e+02,7.159457206726074219e-01,1.678286987304687500e+03,1.016685241699218750e+03,3.846905231475830078e-01,1.693129028320312500e+03,1.024106201171875000e+03,4.871475696563720703e-01,1.730234008789062500e+03,6.678977661132812500e+02,8.107426166534423828e-01,1.711681518554687500e+03,7.235552978515625000e+02,8.500333428382873535e-01,1.693129028320312500e+03,8.979490356445312500e+02,7.929192781448364258e-01,1.681997436523437500e+03,1.016685241699218750e+03,3.157587647438049316e-01,1.715391967773437500e+03,1.016685241699218750e+03,1.582601666450500488e-01,1.678286987304687500e+03,1.016685241699218750e+03,3.816024661064147949e-01,1.759918090820312500e+03,9.944221801757812500e+02,1.657344102859497070e-01,1.685708007812500000e+03,1.016685241699218750e+03,2.841883599758148193e-01,1.685708007812500000e+03,1.024106201171875000e+03,3.710490167140960693e-01,1.576148093125718333e+03,6.662208651634936132e+02,1.991509643944762047e+02,3.783284153362177449e+02,0.000000000000000000e+00
7.133600000000000000e+04,2.570000000000000000e+02,1.088800000000000000e+04,1.920000000000000000e+02,1.807827148437500000e+03,6.953014526367187500e+02,5.352066159248352051e-01,1.733673583984375000e+03,6.796901855468750000e+02,5.950732231140136719e-01,1.800021484375000000e+03,6.874958496093750000e+02,5.884686112403869629e-01,1.749284790039062500e+03,6.953014526367187500e+02,7.168239355087280273e-01,1.776604614257812500e+03,6.992042846679687500e+02,5.131589174270629883e-01,1.745382080078125000e+03,7.460380859375000000e+02,6.241669058799743652e-01,1.757090454101562500e+03,7.499409179687500000e+02,7.412825822830200195e-01,1.772701782226562500e+03,8.358028564453125000e+02,5.552296638488769531e-01,1.772701782226562500e+03,8.397056884765625000e+02,7.651638388633728027e-01,1.757090454101562500e+03,8.787338256835937500e+02,3.077486455440521240e-01,1.788312988281250000e+03,9.177620239257812500e+02,5.123994350433349609e-01,1.729770751953125000e+03,8.904423217773437500e+02,4.237067103385925293e-01,1.745382080078125000e+03,8.943450927734375000e+02,4.960439205169677734e-01,1.718062255859375000e+03,9.919155273437500000e+02,3.699281215667724609e-01,1.725867919921875000e+03,9.919155273437500000e+02,4.437244832515716553e-01,1.706353881835937500e+03,1.042652099609375000e+03,2.805310189723968506e-01,1.632200317382812500e+03,1.019235229492187500e+03,2.336371988058090210e-01,1.772701782226562500e+03,6.679817504882812500e+02,6.602589488029479980e-01,1.757090454101562500e+03,7.187183837890625000e+02,7.562708854675292969e-01,1.733673583984375000e+03,8.826366577148437500e+02,6.072052717208862305e-01,1.745382080078125000e+03,1.046554931640625000e+03,1.212102100253105164e-01,1.636103149414062500e+03,1.038749389648437500e+03,1.947000324726104736e-01,1.741479248046875000e+03,1.038749389648437500e+03,9.084653854370117188e-02,1.624394653320312500e+03,1.034846557617187500e+03,1.523339897394180298e-01,1.686839721679687500e+03,1.034846557617187500e+03,2.455838918685913086e-01,1.628297485351562500e+03,1.034846557617187500e+03,3.963955938816070557e-01,1.631904571041051440e+03,6.552689679212558076e+02,2.019880008845109387e+02,3.962953488169996490e+02,0.000000000000000000e+00
7.133700000000000000e+04,2.570000000000000000e+02,1.092000000000000000e+04,1.930000000000000000e+02,1.739027465820312500e+03,6.884071655273437500e+02,7.607800960540771484e-01,1.750812866210937500e+03,6.805502319335937500e+02,8.047636747360229492e-01,1.742955932617187500e+03,6.805502319335937500e+02,6.716555356979370117e-01,1.774383789062500000e+03,7.080496215820312500e+02,6.201344132423400879e-01,1.794026245117187500e+03,7.159065551757812500e+02,7.533038854598999023e-01,1.719385009765625000e+03,7.316204833984375000e+02,5.588065385818481445e-01,1.797954711914062500e+03,7.551914062500000000e+02,5.980786085128784180e-01,1.695814208984375000e+03,7.944761962890625000e+02,4.656801521778106689e-01,1.794026245117187500e+03,8.298325195312500000e+02,4.463682770729064941e-01,1.672243286132812500e+03,8.534034423828125000e+02,2.846275269985198975e-01,1.801883178710937500e+03,9.044736938476562500e+02,6.125156283378601074e-01,1.699742675781250000e+03,8.887597656250000000e+02,2.538358569145202637e-01,1.762598388671875000e+03,9.123306884765625000e+02,2.552799880504608154e-01,1.731170532226562500e+03,1.010542724609375000e+03,3.389683067798614502e-01,1.660457885742187500e+03,9.712578735351562500e+02,3.255127370357513428e-01,1.727242065429687500e+03,1.026256591796875000e+03,1.136560142040252686e-01,1.636886962890625000e+03,1.014471191406250000e+03,2.394849658012390137e-01,1.790097778320312500e+03,6.648363037109375000e+02,6.927644610404968262e-01,1.766526855468750000e+03,7.198350219726562500e+02,7.130056619644165039e-01,1.723313598632812500e+03,8.848312988281250000e+02,2.493756115436553955e-01,1.727242065429687500e+03,1.057684448242187500e+03,4.595790430903434753e-02,1.629030029296875000e+03,1.041970581054687500e+03,1.839545071125030518e-01,1.636886962890625000e+03,1.022328186035156250e+03,5.315025150775909424e-02,1.629030029296875000e+03,1.026256591796875000e+03,2.008035928010940552e-01,1.731170532226562500e+03,1.022328186035156250e+03,5.922510847449302673e-02,1.636886962890625000e+03,1.014471191406250000e+03,2.749969959259033203e-01,1.641359689064216354e+03,6.540622475361611805e+02,2.021882705149282629e+02,4.009392484241103602e+02,0.000000000000000000e+00
7.133800000000000000e+04,2.570000000000000000e+02,1.088800000000000000e+04,1.950000000000000000e+02,1.847665893554687500e+03,7.097766113281250000e+02,8.759934902191162109e-01,1.847665893554687500e+03,6.993618164062500000e+02,6.656743288040161133e-01,1.844194335937500000e+03,6.993618164062500000e+02,8.723534345626831055e-01,1.799063476562500000e+03,6.889469604492187500e+02,6.114428639411926270e-01,1.826836303710937500e+03,6.993618164062500000e+02,7.750762104988098145e-01,1.788648681640625000e+03,7.444926757812500000e+02,8.579730391502380371e-01,1.816421508789062500e+03,7.549074707031250000e+02,8.503775596618652344e-01,1.781705444335937500e+03,8.243395996093750000e+02,7.503209710121154785e-01,1.823364624023437500e+03,8.416976318359375000e+02,9.437873363494873047e-01,1.809478271484375000e+03,8.903001098632812500e+02,6.961879730224609375e-01,1.840722656250000000e+03,9.111297607421875000e+02,8.826269507408142090e-01,1.785177001953125000e+03,9.076581420898437500e+02,7.774141430854797363e-01,1.806006591796875000e+03,9.111297607421875000e+02,8.357616066932678223e-01,1.771290649414062500e+03,9.875050659179687500e+02,5.566030740737915039e-01,1.819893066406250000e+03,9.909766845703125000e+02,6.020396351814270020e-01,1.760875732421875000e+03,1.025692749023437500e+03,2.441867589950561523e-01,1.816421508789062500e+03,1.029164306640625000e+03,2.607323825359344482e-01,1.823364624023437500e+03,6.681173706054687500e+02,8.553038835525512695e-01,1.812949829101562500e+03,7.201914062500000000e+02,8.023491501808166504e-01,1.792120239257812500e+03,9.007149658203125000e+02,7.935580611228942871e-01,1.769554809570312500e+03,1.034371826171875000e+03,1.633942723274230957e-01,1.746989379882812500e+03,1.029164306640625000e+03,1.309857144951820374e-02,1.762611572265625000e+03,1.034371826171875000e+03,2.342672199010848999e-01,1.746989379882812500e+03,1.025692749023437500e+03,7.959432899951934814e-03,1.734838745117187500e+03,1.034371826171875000e+03,1.193991526961326599e-01,1.811214111328125000e+03,1.034371826171875000e+03,1.084860414266586304e-01,1.704232899463972217e+03,6.438027240842814081e+02,1.789846274008923501e+02,3.662045075761620865e+02,0.000000000000000000e+00
7.133900000000000000e+04,2.570000000000000000e+02,1.091000000000000000e+04,1.960000000000000000e+02,1.792318115234375000e+03,7.020672607421875000e+02,4.259387254714965820e-01,1.802008422851562500e+03,6.891467895507812500e+02,5.044840574264526367e-01,1.860150634765625000e+03,7.085274658203125000e+02,3.087629675865173340e-01,1.814928955078125000e+03,6.859166259765625000e+02,6.383523344993591309e-01,1.850460327148437500e+03,7.020672607421875000e+02,6.309585571289062500e-01,1.805238647460937500e+03,7.537491455078125000e+02,8.376996517181396484e-01,1.840769897460937500e+03,7.602094116210937500e+02,7.757455110549926758e-01,1.805238647460937500e+03,8.345021972656250000e+02,6.451123952865600586e-01,1.844000000000000000e+03,8.441925659179687500e+02,8.556666970252990723e-01,1.831079589843750000e+03,8.991046142578125000e+02,6.186503171920776367e-01,1.860150634765625000e+03,9.152551879882812500e+02,8.792405128479003906e-01,1.795548217773437500e+03,9.120250854492187500e+02,7.622826695442199707e-01,1.824619262695312500e+03,9.120250854492187500e+02,7.589003443717956543e-01,1.782627807617187500e+03,1.005698547363281250e+03,6.855924725532531738e-01,1.827849487304687500e+03,9.992383422851562500e+02,6.602350473403930664e-01,1.776167480468750000e+03,1.021849182128906250e+03,2.232628911733627319e-01,1.829464477539062500e+03,1.026694335937500000e+03,1.481512635946273804e-01,1.834309692382812500e+03,6.665359497070312500e+02,6.245248913764953613e-01,1.824619262695312500e+03,7.246781005859375000e+02,6.724333763122558594e-01,1.811698852539062500e+03,9.055648193359375000e+02,7.393290996551513672e-01,1.756786743164062500e+03,1.021849182128906250e+03,1.236282810568809509e-01,1.648577758789062500e+03,9.943931274414062500e+02,5.043290555477142334e-02,1.764862060546875000e+03,1.026694335937500000e+03,1.249680817127227783e-01,1.648577758789062500e+03,9.943931274414062500e+02,4.318697005510330200e-02,1.784242797851562500e+03,1.026694335937500000e+03,8.538698405027389526e-02,1.823004272460937500e+03,1.026694335937500000e+03,3.904331102967262268e-02,1.724217403615322382e+03,6.555024154998702670e+02,1.652648577853856295e+02,3.402925644351259962e+02,0.000000000000000000e+00
7.134000000000000000e+04,2.570000000000000000e+02,1.091000000000000000e+04,1.970000000000000000e+02,1.886977416992187500e+03,7.038486328125000000e+02,2.325012385845184326e-01,1.886977416992187500e+03,7.038486328125000000e+02,6.463395059108734131e-02,1.886977416992187500e+03,6.948976440429687500e+02,2.465066760778427124e-01,1.830287963867187500e+03,6.799793701171875000e+02,6.469857096672058105e-01,1.875042846679687500e+03,6.948976440429687500e+02,5.101103782653808594e-01,1.824320556640625000e+03,7.486035156250000000e+02,5.770739912986755371e-01,1.851173583984375000e+03,7.635217895507812500e+02,7.275031208992004395e-01,1.821336914062500000e+03,8.291622924804687500e+02,6.387792825698852539e-01,1.860124511718750000e+03,8.500478515625000000e+02,8.180979490280151367e-01,1.851173583984375000e+03,8.977863769531250000e+02,5.247350335121154785e-01,1.875042846679687500e+03,9.156883544921875000e+02,8.891548514366149902e-01,1.809402343750000000e+03,9.127047119140625000e+02,7.585389018058776855e-01,1.842222534179687500e+03,9.186719970703125000e+02,7.098180055618286133e-01,1.797467651367187500e+03,9.992307739257812500e+02,4.647839069366455078e-01,1.842222534179687500e+03,9.992307739257812500e+02,5.460401177406311035e-01,1.790008544921875000e+03,1.006689941406250000e+03,1.775982081890106201e-01,1.849681640625000000e+03,1.006689941406250000e+03,4.278893396258354187e-02,1.869075439453125000e+03,6.531264648437500000e+02,5.544717311859130859e-01,1.848189819335937500e+03,7.127996215820312500e+02,5.861090421676635742e-01,1.827304321289062500e+03,9.067373657226562500e+02,8.103820681571960449e-01,1.749729125976562500e+03,1.002214416503906250e+03,2.177264988422393799e-01,1.742270019531250000e+03,1.006689941406250000e+03,5.606263130903244019e-02,1.754204589843750000e+03,1.006689941406250000e+03,2.633738815784454346e-01,1.748237304687500000e+03,1.006689941406250000e+03,8.761698007583618164e-02,1.784041259765625000e+03,1.006689941406250000e+03,9.034346789121627808e-02,1.790008544921875000e+03,1.006689941406250000e+03,3.396781533956527710e-02,1.758318649905593929e+03,6.648509087558533110e+02,1.520076948523919782e+02,3.143691693301749410e+02,0.000000000000000000e+00
