5.276300000000000000e+04,1.930000000000000000e+02,7.853000000000000000e+03,0.000000000000000000e+00,1.164077392578125000e+03,6.204658813476562500e+02,8.878458142280578613e-01,1.166406494140625000e+03,6.181367797851562500e+02,8.914632201194763184e-01,1.161748291015625000e+03,6.181367797851562500e+02,9.090589284896850586e-01,1.167570922851562500e+03,6.193013305664062500e+02,8.843577504158020020e-01,1.157090087890625000e+03,6.181367797851562500e+02,8.720100522041320801e-01,1.168735473632812500e+03,6.332758789062500000e+02,9.248082637786865234e-01,1.150102783203125000e+03,6.332758789062500000e+02,8.768147230148315430e-01,1.171064575195312500e+03,6.495794677734375000e+02,9.114328622817993164e-01,1.145444702148437500e+03,6.507440185546875000e+02,8.940359354019165039e-01,1.174558227539062500e+03,6.658830566406250000e+02,8.828755617141723633e-01,1.143115600585937500e+03,6.658830566406250000e+02,8.483873605728149414e-01,1.164077392578125000e+03,6.658830566406250000e+02,8.737614154815673828e-01,1.152431884765625000e+03,6.658830566406250000e+02,8.809735774993896484e-01,1.160583740234375000e+03,6.915030517578125000e+02,8.816044926643371582e-01,1.155925537109375000e+03,6.915030517578125000e+02,8.752584457397460938e-01,1.155925537109375000e+03,7.159584350585937500e+02,8.523288965225219727e-01,1.152431884765625000e+03,7.171229858398437500e+02,8.452438116073608398e-01,1.162912841796875000e+03,6.088204345703125000e+02,9.148424267768859863e-01,1.160583740234375000e+03,6.274531250000000000e+02,9.432432055473327637e-01,1.158254638671875000e+03,6.647185058593750000e+02,9.217673540115356445e-01,1.162912841796875000e+03,7.217811279296875000e+02,8.739324212074279785e-01,1.159419189453125000e+03,7.217811279296875000e+02,7.339184284210205078e-01,1.164077392578125000e+03,7.206165771484375000e+02,8.720156550407409668e-01,1.155925537109375000e+03,7.229456787109375000e+02,7.700014114379882812e-01,1.154760986328125000e+03,7.194520874023437500e+02,7.089377045631408691e-01,1.150102783203125000e+03,7.206165771484375000e+02,8.445350527763366699e-01,1.140197509765625000e+03,6.091697998046875000e+02,3.494982910156250000e+01,1.192492675781250000e+02,0.000000000000000000e+00
5.276400000000000000e+04,1.930000000000000000e+02,7.854000000000000000e+03,1.000000000000000000e+00,1.162183349609375000e+03,6.183103027343750000e+02,8.747519254684448242e-01,1.164631713867187500e+03,6.158619384765625000e+02,8.889223933219909668e-01,1.159734985351562500e+03,6.146377563476562500e+02,9.175317287445068359e-01,1.165855957031250000e+03,6.170861206054687500e+02,8.984745740890502930e-01,1.154838134765625000e+03,6.158619384765625000e+02,9.085466265678405762e-01,1.168304321289062500e+03,6.305523071289062500e+02,9.333671331405639648e-01,1.148717163085937500e+03,6.293281250000000000e+02,8.752673864364624023e-01,1.170752807617187500e+03,6.489152832031250000e+02,9.070913791656494141e-01,1.142596191406250000e+03,6.476910400390625000e+02,8.725227117538452148e-01,1.173201171875000000e+03,6.648298339843750000e+02,8.722530007362365723e-01,1.142596191406250000e+03,6.636056518554687500e+02,8.260088562965393066e-01,1.162183349609375000e+03,6.623814086914062500e+02,8.947835564613342285e-01,1.151165649414062500e+03,6.623814086914062500e+02,8.628923892974853516e-01,1.159734985351562500e+03,6.868653564453125000e+02,8.395137190818786621e-01,1.156062377929687500e+03,6.868653564453125000e+02,8.674747943878173828e-01,1.153614013671875000e+03,7.150219116210937500e+02,8.883966803550720215e-01,1.151165649414062500e+03,7.150219116210937500e+02,8.924527764320373535e-01,1.162183349609375000e+03,6.060683593750000000e+02,8.986939787864685059e-01,1.159734985351562500e+03,6.244313354492187500e+02,9.223201274871826172e-01,1.156062377929687500e+03,6.611572265625000000e+02,8.834587335586547852e-01,1.159734985351562500e+03,7.199187011718750000e+02,8.738730549812316895e-01,1.158510742187500000e+03,7.199187011718750000e+02,7.887259125709533691e-01,1.160959228515625000e+03,7.186945190429687500e+02,9.056785702705383301e-01,1.156062377929687500e+03,7.211428833007812500e+02,7.477094531059265137e-01,1.149941406250000000e+03,7.186945190429687500e+02,8.029074668884277344e-01,1.148717163085937500e+03,7.199187011718750000e+02,8.705341219902038574e-01,1.139656786714327382e+03,6.020856201171875455e+02,3.639338457915732761e+01,1.241361328125000227e+02,0.000000000000000000e+00
5.276500000000000000e+04,1.930000000000000000e+02,7.855000000000000000e+03,2.000000000000000000e+00,1.161835815429687500e+03,6.157571411132812500e+02,8.973911404609680176e-01,1.163136718750000000e+03,6.131553955078125000e+02,8.929377794265747070e-01,1.159234130859375000e+03,6.131553955078125000e+02,8.985970616340637207e-01,1.165738525390625000e+03,6.144562377929687500e+02,8.749543428421020508e-01,1.154030639648437500e+03,6.144562377929687500e+02,9.059189558029174805e-01,1.167039428710937500e+03,6.300667724609375000e+02,8.498614430427551270e-01,1.148827148437500000e+03,6.287658691406250000e+02,8.384022712707519531e-01,1.169641113281250000e+03,6.469781494140625000e+02,8.209326863288879395e-01,1.142322753906250000e+03,6.469781494140625000e+02,7.204061746597290039e-01,1.172242919921875000e+03,6.612877807617187500e+02,7.755417227745056152e-01,1.142322753906250000e+03,6.599868774414062500e+02,6.983684897422790527e-01,1.161835815429687500e+03,6.612877807617187500e+02,7.861887812614440918e-01,1.150128051757812500e+03,6.612877807617187500e+02,7.782218456268310547e-01,1.157933227539062500e+03,6.860043945312500000e+02,7.252848744392395020e-01,1.154030639648437500e+03,6.860043945312500000e+02,8.116081953048706055e-01,1.152729736328125000e+03,7.120219116210937500e+02,8.029041290283203125e-01,1.148827148437500000e+03,7.120219116210937500e+02,7.631353139877319336e-01,1.160535034179687500e+03,6.040492553710937500e+02,8.552721142768859863e-01,1.159234130859375000e+03,6.222615356445312500e+02,8.880782127380371094e-01,1.155331542968750000e+03,6.599868774414062500e+02,8.223021030426025391e-01,1.159234130859375000e+03,7.172254028320312500e+02,7.776536345481872559e-01,1.159234130859375000e+03,7.172254028320312500e+02,8.371856808662414551e-01,1.160535034179687500e+03,7.172254028320312500e+02,7.902444005012512207e-01,1.156632324218750000e+03,7.185263061523437500e+02,7.798004150390625000e-01,1.147526245117187500e+03,7.172254028320312500e+02,7.396159768104553223e-01,1.147526245117187500e+03,7.172254028320312500e+02,8.339663743972778320e-01,1.137228869568098844e+03,5.959589912764869268e+02,3.840157169732469811e+01,1.310390355812440930e+02,0.000000000000000000e+00
5.276600000000000000e+04,1.930000000000000000e+02,7.856000000000000000e+03,3.000000000000000000e+00,1.161406372070312500e+03,6.145126342773437500e+02,9.103747606277465820e-01,1.162676025390625000e+03,6.119733886718750000e+02,8.993141055107116699e-01,1.157597534179687500e+03,6.119733886718750000e+02,9.069496393203735352e-01,1.165215332031250000e+03,6.132429809570312500e+02,8.479254245758056641e-01,1.152519042968750000e+03,6.132429809570312500e+02,8.994968533515930176e-01,1.167754516601562500e+03,6.284785156250000000e+02,8.257374167442321777e-01,1.147440551757812500e+03,6.272088623046875000e+02,8.009342551231384277e-01,1.169024169921875000e+03,6.475228881835937500e+02,7.720896005630493164e-01,1.142362060546875000e+03,6.475228881835937500e+02,6.123148202896118164e-01,1.171563476562500000e+03,6.602191162109375000e+02,7.395951151847839355e-01,1.141092407226562500e+03,6.602191162109375000e+02,6.653611063957214355e-01,1.161406372070312500e+03,6.589495239257812500e+02,7.630206346511840820e-01,1.148710205078125000e+03,6.589495239257812500e+02,7.554282546043395996e-01,1.157597534179687500e+03,6.830723876953125000e+02,6.414715647697448730e-01,1.152519042968750000e+03,6.843420410156250000e+02,7.603616714477539062e-01,1.152519042968750000e+03,7.059256591796875000e+02,6.775156855583190918e-01,1.147440551757812500e+03,7.084649047851562500e+02,7.488731741905212402e-01,1.160136840820312500e+03,6.030859985351562500e+02,8.331671357154846191e-01,1.157597534179687500e+03,6.208607177734375000e+02,8.731498718261718750e-01,1.155058349609375000e+03,6.576798706054687500e+02,7.764220833778381348e-01,1.157597534179687500e+03,7.160826416015625000e+02,6.984028816223144531e-01,1.156327880859375000e+03,7.160826416015625000e+02,8.512837290763854980e-01,1.160136840820312500e+03,7.135433959960937500e+02,7.442302703857421875e-01,1.153788696289062500e+03,7.160826416015625000e+02,8.501307368278503418e-01,1.147440551757812500e+03,7.122737426757812500e+02,6.095612049102783203e-01,1.144901245117187500e+03,7.135433959960937500e+02,8.402818441390991211e-01,1.136477061037569683e+03,5.951850538235630665e+02,3.847748555627686073e+01,1.310448818614992206e+02,0.000000000000000000e+00
5.276700000000000000e+04,1.930000000000000000e+02,7.852000000000000000e+03,4.000000000000000000e+00,1.161306396484375000e+03,6.136696166992187500e+02,8.780206441879272461e-01,1.162563842773437500e+03,6.111547851562500000e+02,9.032614231109619141e-01,1.158791625976562500e+03,6.111547851562500000e+02,9.031774997711181641e-01,1.163821289062500000e+03,6.136696166992187500e+02,9.187256097793579102e-01,1.152504516601562500e+03,6.124121704101562500e+02,8.746660351753234863e-01,1.165078735351562500e+03,6.275012207031250000e+02,8.923833966255187988e-01,1.144959960937500000e+03,6.262438354492187500e+02,8.845344781875610352e-01,1.167593505859375000e+03,6.463625488281250000e+02,9.481789469718933105e-01,1.138672851562500000e+03,6.451051635742187500e+02,9.096540212631225586e-01,1.171365844726562500e+03,6.601942138671875000e+02,8.895585536956787109e-01,1.136158081054687500e+03,6.614515991210937500e+02,8.760808110237121582e-01,1.160049072265625000e+03,6.601942138671875000e+02,8.954225182533264160e-01,1.147474853515625000e+03,6.601942138671875000e+02,9.098341464996337891e-01,1.156276733398437500e+03,6.840852050781250000e+02,8.495151400566101074e-01,1.151247070312500000e+03,6.840852050781250000e+02,8.901502490043640137e-01,1.146217407226562500e+03,7.079761962890625000e+02,5.664726495742797852e-01,1.144959960937500000e+03,7.092335815429687500e+02,7.807311415672302246e-01,1.158791625976562500e+03,6.023528442382812500e+02,9.294676780700683594e-01,1.156276733398437500e+03,6.212141113281250000e+02,9.235495328903198242e-01,1.153761962890625000e+03,6.589367675781250000e+02,9.382703304290771484e-01,1.152504516601562500e+03,7.155206909179687500e+02,7.576491832733154297e-01,1.161306396484375000e+03,7.117484130859375000e+02,5.618351697921752930e-01,1.153761962890625000e+03,7.155206909179687500e+02,7.304118275642395020e-01,1.160049072265625000e+03,7.117484130859375000e+02,6.634835004806518555e-01,1.141187744140625000e+03,7.130058593750000000e+02,8.222655653953552246e-01,1.156276733398437500e+03,7.092335815429687500e+02,4.305848479270935059e-01,1.135431401754392937e+03,5.918657573084153682e+02,3.825970403018982324e+01,1.298700537798526966e+02,0.000000000000000000e+00
5.276800000000000000e+04,1.930000000000000000e+02,7.858000000000000000e+03,5.000000000000000000e+00,1.160071411132812500e+03,6.138353271484375000e+02,8.835908174514770508e-01,1.161271240234375000e+03,6.114356689453125000e+02,9.159809350967407227e-01,1.157671752929687500e+03,6.102358398437500000e+02,9.329394102096557617e-01,1.162471069335937500e+03,6.138353271484375000e+02,8.481250405311584473e-01,1.150472656250000000e+03,6.126354980468750000e+02,8.764770627021789551e-01,1.163670898437500000e+03,6.270335083007812500e+02,9.428361058235168457e-01,1.144473510742187500e+03,6.270335083007812500e+02,8.899693489074707031e-01,1.166070556640625000e+03,6.450310058593750000e+02,8.790333867073059082e-01,1.138474365234375000e+03,6.450310058593750000e+02,8.781256079673767090e-01,1.170869873046875000e+03,6.606288452148437500e+02,8.908312916755676270e-01,1.134874877929687500e+03,6.606288452148437500e+02,8.832400441169738770e-01,1.158871582031250000e+03,6.594290161132812500e+02,9.028266668319702148e-01,1.146873168945312500e+03,6.594290161132812500e+02,8.949879407882690430e-01,1.156471923828125000e+03,6.846255493164062500e+02,7.248009443283081055e-01,1.151672485351562500e+03,6.834257202148437500e+02,8.797619342803955078e-01,1.142073852539062500e+03,7.074223632812500000e+02,7.262768149375915527e-01,1.158871582031250000e+03,7.050227050781250000e+02,5.569363236427307129e-01,1.158871582031250000e+03,6.018369750976562500e+02,8.803149461746215820e-01,1.155272094726562500e+03,6.210343017578125000e+02,9.468835592269897461e-01,1.152872314453125000e+03,6.582291870117187500e+02,9.319465160369873047e-01,1.150472656250000000e+03,7.158212280273437500e+02,6.502296328544616699e-01,1.150472656250000000e+03,7.158212280273437500e+02,6.357534527778625488e-01,1.150472656250000000e+03,7.134215698242187500e+02,5.887411832809448242e-01,1.146873168945312500e+03,7.158212280273437500e+02,6.616665720939636230e-01,1.138474365234375000e+03,7.122217407226562500e+02,6.481418013572692871e-01,1.138474365234375000e+03,7.134215698242187500e+02,6.403673887252807617e-01,1.135815975583423551e+03,5.951772151043716121e+02,3.719690328886008501e+01,1.251208123618506534e+02,0.000000000000000000e+00
5.276900000000000000e+04,1.930000000000000000e+02,7.859000000000000000e+03,6.000000000000000000e+00,1.158055786132812500e+03,6.129773559570312500e+02,8.963628411293029785e-01,1.160520507812500000e+03,6.105126342773437500e+02,9.098528623580932617e-01,1.155591064453125000e+03,6.092802734375000000e+02,8.934934139251708984e-01,1.162985229492187500e+03,6.129773559570312500e+02,8.862777352333068848e-01,1.150661621093750000e+03,6.117449951171875000e+02,9.074348807334899902e-01,1.164217651367187500e+03,6.265333862304687500e+02,8.897184729576110840e-01,1.144499755859375000e+03,6.265333862304687500e+02,8.826499581336975098e-01,1.166682373046875000e+03,6.450189208984375000e+02,8.540231585502624512e-01,1.137105590820312500e+03,6.437865600585937500e+02,8.539882302284240723e-01,1.171611816406250000e+03,6.585749511718750000e+02,8.595959544181823730e-01,1.133408447265625000e+03,6.610396728515625000e+02,9.001126885414123535e-01,1.158055786132812500e+03,6.585749511718750000e+02,8.684389591217041016e-01,1.146964477539062500e+03,6.585749511718750000e+02,8.671666979789733887e-01,1.156823364257812500e+03,6.844545898437500000e+02,7.428454756736755371e-01,1.150661621093750000e+03,6.844545898437500000e+02,8.682735562324523926e-01,1.159288085937500000e+03,7.054048461914062500e+02,5.057055950164794922e-01,1.139570312500000000e+03,7.066372070312500000e+02,8.448403477668762207e-01,1.156823364257812500e+03,6.018861083984375000e+02,9.098311066627502441e-01,1.154358642578125000e+03,6.203715820312500000e+02,9.478950500488281250e-01,1.153126342773437500e+03,6.585749511718750000e+02,9.180788993835449219e-01,1.161752807617187500e+03,7.164960937500000000e+02,7.387338280677795410e-01,1.149429199218750000e+03,7.152637329101562500e+02,9.231950044631958008e-01,1.164217651367187500e+03,7.127990112304687500e+02,7.042107582092285156e-01,1.145732055664062500e+03,7.152637329101562500e+02,9.001051187515258789e-01,1.158055786132812500e+03,7.066372070312500000e+02,4.875283837318420410e-01,1.137105590820312500e+03,7.103342895507812500e+02,8.746963739395141602e-01,1.135703329411884852e+03,5.946502786699678609e+02,3.784967963769304333e+01,1.257996734922994619e+02,0.000000000000000000e+00
5.277000000000000000e+04,1.930000000000000000e+02,7.857000000000000000e+03,7.000000000000000000e+00,1.157756958007812500e+03,6.137945556640625000e+02,8.882138729095458984e-01,1.160270385742187500e+03,6.112811889648437500e+02,8.929243683815002441e-01,1.155243530273437500e+03,6.100244750976562500e+02,9.071245789527893066e-01,1.161527099609375000e+03,6.125378417968750000e+02,9.158672690391540527e-01,1.150216796875000000e+03,6.112811889648437500e+02,9.183533787727355957e-01,1.164040527343750000e+03,6.263615722656250000e+02,9.073755741119384766e-01,1.142676513671875000e+03,6.251048583984375000e+02,9.097216725349426270e-01,1.166553955078125000e+03,6.439553833007812500e+02,8.917349576950073242e-01,1.137649780273437500e+03,6.439553833007812500e+02,8.834897875785827637e-01,1.171580688476562500e+03,6.590358276367187500e+02,8.470272421836853027e-01,1.135136352539062500e+03,6.602924804687500000e+02,8.933343887329101562e-01,1.159013671875000000e+03,6.590358276367187500e+02,9.201070666313171387e-01,1.146446655273437500e+03,6.590358276367187500e+02,8.949839472770690918e-01,1.156500244140625000e+03,6.854265136718750000e+02,6.488905549049377441e-01,1.152730224609375000e+03,6.841698608398437500e+02,8.661141395568847656e-01,1.138906494140625000e+03,7.042770385742187500e+02,8.138878941535949707e-01,1.160270385742187500e+03,7.093038330078125000e+02,8.353361487388610840e-01,1.156500244140625000e+03,6.012275390625000000e+02,9.378761649131774902e-01,1.153986938476562500e+03,6.200780639648437500e+02,9.354549050331115723e-01,1.152730224609375000e+03,6.577791137695312500e+02,9.127811789512634277e-01,1.143933227539062500e+03,7.155873413085937500e+02,7.345430254936218262e-01,1.165297241210937500e+03,7.155873413085937500e+02,7.401441931724548340e-01,1.143933227539062500e+03,7.143306884765625000e+02,7.187138795852661133e-01,1.162783813476562500e+03,7.155873413085937500e+02,7.094975709915161133e-01,1.135136352539062500e+03,7.067904663085937500e+02,7.288364768028259277e-01,1.159013671875000000e+03,7.143306884765625000e+02,6.846500635147094727e-01,1.135016864285666998e+03,5.930823286578614670e+02,3.891382575060424642e+01,1.277695900133841178e+02,0.000000000000000000e+00
5.277100000000000000e+04,1.930000000000000000e+02,7.852000000000000000e+03,8.000000000000000000e+00,1.157084838867187500e+03,6.130206298828125000e+02,9.140002727508544922e-01,1.158377197265625000e+03,6.104357299804687500e+02,9.279010295867919922e-01,1.154500000000000000e+03,6.104357299804687500e+02,9.113139510154724121e-01,1.160962036132812500e+03,6.130206298828125000e+02,8.836019039154052734e-01,1.148037841796875000e+03,6.117282104492187500e+02,8.951412439346313477e-01,1.162254516601562500e+03,6.272373046875000000e+02,8.982387185096740723e-01,1.141575683593750000e+03,6.259448242187500000e+02,8.975654244422912598e-01,1.166131835937500000e+03,6.440388183593750000e+02,8.719332218170166016e-01,1.136406005859375000e+03,6.453312377929687500e+02,9.100137948989868164e-01,1.170009033203125000e+03,6.582554931640625000e+02,8.283385634422302246e-01,1.133821166992187500e+03,6.621327514648437500e+02,8.911467194557189941e-01,1.158377197265625000e+03,6.595479125976562500e+02,8.827140927314758301e-01,1.146745483398437500e+03,6.608403320312500000e+02,9.011504650115966797e-01,1.157084838867187500e+03,6.853963623046875000e+02,5.588259100914001465e-01,1.153207519531250000e+03,6.841039428710937500e+02,8.409199118614196777e-01,1.138990844726562500e+03,7.021978759765625000e+02,8.647667765617370605e-01,1.158377197265625000e+03,7.112448730468750000e+02,8.390240669250488281e-01,1.155792358398437500e+03,6.013887939453125000e+02,8.880006074905395508e-01,1.153207519531250000e+03,6.207751464843750000e+02,9.326829910278320312e-01,1.151915161132812500e+03,6.595479125976562500e+02,8.678728342056274414e-01,1.138990844726562500e+03,7.151221313476562500e+02,8.398732542991638184e-01,1.162254516601562500e+03,7.164145507812500000e+02,8.442242145538330078e-01,1.141575683593750000e+03,7.138297119140625000e+02,9.208781123161315918e-01,1.158377197265625000e+03,7.164145507812500000e+02,8.908495903015136719e-01,1.133821166992187500e+03,7.034902954101562500e+02,8.508611321449279785e-01,1.157084838867187500e+03,7.138297119140625000e+02,7.997763752937316895e-01,1.133868697516398470e+03,5.916243784188092150e+02,4.010042540744530015e+01,1.309689510901832818e+02,0.000000000000000000e+00
5.277200000000000000e+04,1.930000000000000000e+02,7.852000000000000000e+03,9.000000000000000000e+00,1.156283935546875000e+03,6.138183593750000000e+02,9.269101023674011230e-01,1.157595825195312500e+03,6.111945800781250000e+02,9.472002983093261719e-01,1.153660156250000000e+03,6.098826904296875000e+02,9.078099131584167480e-01,1.158907714843750000e+03,6.125064697265625000e+02,8.339265584945678711e-01,1.147100585937500000e+03,6.111945800781250000e+02,8.909069299697875977e-01,1.160219604492187500e+03,6.282492065429687500e+02,9.080802202224731445e-01,1.140541137695312500e+03,6.269373168945312500e+02,9.034292101860046387e-01,1.165467163085937500e+03,6.453038330078125000e+02,9.022772908210754395e-01,1.135293579101562500e+03,6.453038330078125000e+02,9.386942982673645020e-01,1.169402832031250000e+03,6.597346801757812500e+02,8.570111393928527832e-01,1.135293579101562500e+03,6.623584594726562500e+02,9.323725104331970215e-01,1.157595825195312500e+03,6.623584594726562500e+02,9.355022907257080078e-01,1.145788696289062500e+03,6.623584594726562500e+02,8.931311368942260742e-01,1.160219604492187500e+03,6.872844848632812500e+02,5.803747177124023438e-01,1.152348144531250000e+03,6.859725952148437500e+02,9.279911518096923828e-01,1.139229248046875000e+03,7.017153320312500000e+02,8.115518093109130859e-01,1.154972045898437500e+03,7.135223999023437500e+02,8.732599020004272461e-01,1.154972045898437500e+03,6.033232421875000000e+02,8.791024088859558105e-01,1.151036254882812500e+03,6.216897583007812500e+02,9.066595435142517090e-01,1.151036254882812500e+03,6.610465698242187500e+02,9.409804344177246094e-01,1.140541137695312500e+03,7.148342895507812500e+02,7.303491830825805664e-01,1.161531494140625000e+03,7.174580688476562500e+02,8.245778083801269531e-01,1.141853027343750000e+03,7.148342895507812500e+02,7.082088589668273926e-01,1.157595825195312500e+03,7.187699584960937500e+02,7.736060619354248047e-01,1.136605468750000000e+03,7.004034423828125000e+02,8.654258251190185547e-01,1.153660156250000000e+03,7.161461791992187500e+02,6.747679710388183594e-01,1.132624371725752781e+03,5.896873385582409810e+02,4.107414274697725887e+01,1.334706550919216852e+02,0.000000000000000000e+00
5.277300000000000000e+04,1.930000000000000000e+02,7.857000000000000000e+03,1.000000000000000000e+01,1.154650390625000000e+03,6.122102661132812500e+02,9.111389517784118652e-01,1.157167846679687500e+03,6.096927490234375000e+02,9.121732115745544434e-01,1.152132812500000000e+03,6.096927490234375000e+02,9.284218549728393555e-01,1.158426635742187500e+03,6.122102661132812500e+02,8.458918929100036621e-01,1.147097778320312500e+03,6.096927490234375000e+02,8.898388743400573730e-01,1.160944213867187500e+03,6.260567016601562500e+02,8.941221237182617188e-01,1.140803955078125000e+03,6.260567016601562500e+02,8.959343433380126953e-01,1.163461669921875000e+03,6.436794433593750000e+02,9.057166576385498047e-01,1.135768920898437500e+03,6.461969604492187500e+02,9.059851765632629395e-01,1.168496826171875000e+03,6.587846069335937500e+02,8.658551573753356934e-01,1.135768920898437500e+03,6.625609130859375000e+02,8.766421079635620117e-01,1.157167846679687500e+03,6.600433959960937500e+02,9.234511256217956543e-01,1.145838989257812500e+03,6.613021850585937500e+02,9.160838127136230469e-01,1.157167846679687500e+03,6.877362670898437500e+02,7.405369281768798828e-01,1.150874023437500000e+03,6.864774780273437500e+02,8.766408562660217285e-01,1.139545166015625000e+03,7.003239135742187500e+02,8.321151733398437500e-01,1.150874023437500000e+03,7.129115600585937500e+02,8.691633939743041992e-01,1.153391601562500000e+03,6.008814086914062500e+02,9.069472551345825195e-01,1.152132812500000000e+03,6.197628784179687500e+02,9.113175272941589355e-01,1.152132812500000000e+03,6.600433959960937500e+02,9.520936608314514160e-01,1.139545166015625000e+03,7.154291381835937500e+02,9.586185216903686523e-01,1.155909179687500000e+03,7.192053833007812500e+02,9.238690137863159180e-01,1.140803955078125000e+03,7.141703491210937500e+02,9.257599115371704102e-01,1.153391601562500000e+03,7.192053833007812500e+02,8.492375016212463379e-01,1.135768920898437500e+03,7.003239135742187500e+02,8.998971581459045410e-01,1.149615234375000000e+03,7.154291381835937500e+02,6.822955012321472168e-01,1.132583229455678520e+03,5.911054445807720867e+02,4.030087545999822396e+01,1.307661532305206720e+02,0.000000000000000000e+00
5.277400000000000000e+04,1.930000000000000000e+02,7.852000000000000000e+03,1.100000000000000000e+01,1.153595703125000000e+03,6.135775146484375000e+02,9.120179414749145508e-01,1.155981689453125000e+03,6.111914672851562500e+02,9.051708579063415527e-01,1.151209594726562500e+03,6.111914672851562500e+02,8.873197436332702637e-01,1.158367797851562500e+03,6.123844604492187500e+02,8.380917906761169434e-01,1.145244506835937500e+03,6.111914672851562500e+02,8.779069781303405762e-01,1.159560791015625000e+03,6.267006835937500000e+02,8.811092376708984375e-01,1.139279418945312500e+03,6.278937377929687500e+02,8.640725612640380859e-01,1.163139770507812500e+03,6.445960083007812500e+02,8.945676088333129883e-01,1.134507324218750000e+03,6.457890014648437500e+02,9.165228605270385742e-01,1.167911865234375000e+03,6.601052246093750000e+02,8.542584180831909180e-01,1.134507324218750000e+03,6.624912719726562500e+02,8.594802021980285645e-01,1.155981689453125000e+03,6.612982177734375000e+02,8.871785998344421387e-01,1.144051513671875000e+03,6.612982177734375000e+02,9.023483991622924805e-01,1.155981689453125000e+03,6.887376708984375000e+02,8.673348426818847656e-01,1.148823608398437500e+03,6.875446777343750000e+02,8.250555396080017090e-01,1.140472534179687500e+03,7.018609008789062500e+02,8.259227871894836426e-01,1.148823608398437500e+03,7.149840698242187500e+02,8.932007551193237305e-01,1.152402709960937500e+03,6.016473388671875000e+02,8.772242665290832520e-01,1.150016601562500000e+03,6.207355957031250000e+02,9.116348028182983398e-01,1.150016601562500000e+03,6.612982177734375000e+02,8.843514323234558105e-01,1.141665527343750000e+03,7.149840698242187500e+02,8.380255103111267090e-01,1.153595703125000000e+03,7.209491577148437500e+02,9.558556079864501953e-01,1.142858520507812500e+03,7.137910766601562500e+02,9.329009056091308594e-01,1.150016601562500000e+03,7.209491577148437500e+02,8.787947297096252441e-01,1.136893432617187500e+03,7.018609008789062500e+02,7.864567637443542480e-01,1.146437622070312500e+03,7.173701171875000000e+02,7.317928671836853027e-01,1.132777135097802784e+03,5.941252020099942683e+02,3.835432558102547773e+01,1.251599454248913617e+02,0.000000000000000000e+00
5.277500000000000000e+04,1.930000000000000000e+02,7.852000000000000000e+03,1.200000000000000000e+01,1.153974731445312500e+03,6.126774902343750000e+02,9.110006690025329590e-01,1.155264038085937500e+03,6.100988769531250000e+02,9.169799089431762695e-01,1.151396118164062500e+03,6.088095703125000000e+02,9.262123107910156250e-01,1.156553344726562500e+03,6.113881835937500000e+02,8.629610538482666016e-01,1.144949584960937500e+03,6.100988769531250000e+02,9.021082520484924316e-01,1.159132080078125000e+03,6.255706787109375000e+02,8.983820080757141113e-01,1.138502929687500000e+03,6.255706787109375000e+02,8.992412090301513672e-01,1.163000000000000000e+03,6.449104003906250000e+02,8.829346895217895508e-01,1.133345703125000000e+03,6.449104003906250000e+02,8.575136661529541016e-01,1.166867919921875000e+03,6.590928955078125000e+02,8.901989459991455078e-01,1.134635009765625000e+03,6.616715087890625000e+02,8.898859620094299316e-01,1.155264038085937500e+03,6.616715087890625000e+02,8.796763420104980469e-01,1.141081542968750000e+03,6.616715087890625000e+02,8.903157114982604980e-01,1.155264038085937500e+03,6.874578857421875000e+02,8.839837908744812012e-01,1.146238891601562500e+03,6.874578857421875000e+02,8.870348930358886719e-01,1.143660278320312500e+03,7.029296875000000000e+02,8.953711986541748047e-01,1.144949584960937500e+03,7.119548950195312500e+02,7.413191199302673340e-01,1.151396118164062500e+03,5.997843017578125000e+02,8.723321557044982910e-01,1.148817504882812500e+03,6.191240844726562500e+02,9.007590413093566895e-01,1.147528198242187500e+03,6.603822021484375000e+02,9.181876182556152344e-01,1.144949584960937500e+03,7.132442016601562500e+02,7.697426080703735352e-01,1.150106811523437500e+03,7.209801025390625000e+02,9.041337370872497559e-01,1.147528198242187500e+03,7.119548950195312500e+02,7.221648097038269043e-01,1.144949584960937500e+03,7.196907958984375000e+02,8.651521801948547363e-01,1.138502929687500000e+03,7.029296875000000000e+02,7.878891825675964355e-01,1.142370849609375000e+03,7.158228149414062500e+02,6.564589738845825195e-01,1.131202415428013182e+03,5.928522145789243041e+02,3.953933967214993572e+01,1.297342667871625963e+02,0.000000000000000000e+00
5.277600000000000000e+04,1.930000000000000000e+02,7.852000000000000000e+03,1.300000000000000000e+01,1.153139160156250000e+03,6.126663818359375000e+02,8.943585753440856934e-01,1.154445922851562500e+03,6.087457885742187500e+02,9.078708291053771973e-01,1.150525390625000000e+03,6.087457885742187500e+02,9.170190691947937012e-01,1.157059692382812500e+03,6.100526733398437500e+02,8.377618193626403809e-01,1.143991088867187500e+03,6.100526733398437500e+02,8.988527655601501465e-01,1.157059692382812500e+03,6.244281616210937500e+02,8.761057853698730469e-01,1.137456787109375000e+03,6.244281616210937500e+02,9.138212800025939941e-01,1.160980346679687500e+03,6.427242431640625000e+02,8.175496459007263184e-01,1.133536132812500000e+03,6.427242431640625000e+02,8.978655338287353516e-01,1.164900878906250000e+03,6.584066162109375000e+02,8.910114169120788574e-01,1.133536132812500000e+03,6.597135009765625000e+02,9.057775139808654785e-01,1.155752807617187500e+03,6.597135009765625000e+02,8.781995773315429688e-01,1.142684204101562500e+03,6.597135009765625000e+02,8.401515483856201172e-01,1.155752807617187500e+03,6.871576538085937500e+02,8.308388590812683105e-01,1.145297973632812500e+03,6.858508300781250000e+02,8.580594658851623535e-01,1.145297973632812500e+03,7.067606201171875000e+02,8.595650792121887207e-01,1.142684204101562500e+03,7.132949218750000000e+02,8.398976922035217285e-01,1.150525390625000000e+03,5.982908935546875000e+02,8.544948697090148926e-01,1.147911621093750000e+03,6.178938598632812500e+02,8.897941112518310547e-01,1.149218505859375000e+03,6.584066162109375000e+02,9.309284687042236328e-01,1.146604736328125000e+03,7.159086914062500000e+02,7.796245217323303223e-01,1.146604736328125000e+03,7.211361083984375000e+02,8.955395221710205078e-01,1.149218505859375000e+03,7.146018066406250000e+02,7.630363106727600098e-01,1.141377319335937500e+03,7.211361083984375000e+02,1.014913916587829590e+00,1.143991088867187500e+03,7.080675048828125000e+02,6.885788440704345703e-01,1.141377319335937500e+03,7.159086914062500000e+02,7.846594452857971191e-01,1.129970868549090028e+03,5.930783290414946123e+02,4.015876867872543698e+01,1.325531243830848780e+02,0.000000000000000000e+00
5.277700000000000000e+04,1.930000000000000000e+02,7.852000000000000000e+03,1.400000000000000000e+01,1.151479492187500000e+03,6.114095458984375000e+02,8.837820291519165039e-01,1.154053588867187500e+03,6.088354492187500000e+02,9.177591800689697266e-01,1.148905395507812500e+03,6.088354492187500000e+02,9.109810590744018555e-01,1.155340576171875000e+03,6.114095458984375000e+02,9.286547303199768066e-01,1.143757202148437500e+03,6.101225585937500000e+02,8.843561410903930664e-01,1.157914672851562500e+03,6.268541259765625000e+02,8.494762778282165527e-01,1.137321899414062500e+03,6.268541259765625000e+02,8.656327128410339355e-01,1.161775878906250000e+03,6.448728027343750000e+02,9.035670757293701172e-01,1.133460815429687500e+03,6.448728027343750000e+02,9.025953412055969238e-01,1.164349975585937500e+03,6.564562988281250000e+02,8.475575447082519531e-01,1.133460815429687500e+03,6.616044921875000000e+02,8.784003853797912598e-01,1.154053588867187500e+03,6.616044921875000000e+02,8.631610870361328125e-01,1.142470092773437500e+03,6.616044921875000000e+02,9.058065414428710938e-01,1.154053588867187500e+03,6.899195556640625000e+02,8.567612171173095703e-01,1.141183105468750000e+03,6.886324462890625000e+02,8.751761317253112793e-01,1.145044189453125000e+03,7.130864257812500000e+02,9.074280858039855957e-01,1.139895996093750000e+03,7.143734130859375000e+02,8.685640692710876465e-01,1.150192382812500000e+03,5.998261718750000000e+02,8.911107182502746582e-01,1.148905395507812500e+03,6.191318359375000000e+02,9.167385101318359375e-01,1.148905395507812500e+03,6.603173828125000000e+02,9.307165741920471191e-01,1.147618286132812500e+03,7.208087158203125000e+02,8.809671401977539062e-01,1.142470092773437500e+03,7.220957031250000000e+02,9.173857569694519043e-01,1.150192382812500000e+03,7.195216064453125000e+02,9.226934909820556641e-01,1.138609008789062500e+03,7.220957031250000000e+02,9.902294278144836426e-01,1.143757202148437500e+03,7.156605224609375000e+02,8.009925484657287598e-01,1.138609008789062500e+03,7.195216064453125000e+02,8.370550274848937988e-01,1.130391338482177161e+03,5.917028054616450845e+02,3.992766358579865482e+01,1.322792434191800339e+02,0.000000000000000000e+00
5.277800000000000000e+04,1.930000000000000000e+02,7.857000000000000000e+03,1.500000000000000000e+01,1.149940551757812500e+03,6.110489501953125000e+02,8.923090696334838867e-01,1.152493774414062500e+03,6.084957275390625000e+02,9.078912734985351562e-01,1.147387329101562500e+03,6.084957275390625000e+02,9.228403568267822266e-01,1.153770385742187500e+03,6.110489501953125000e+02,9.189160466194152832e-01,1.142280761718750000e+03,6.084957275390625000e+02,9.033601880073547363e-01,1.156323730468750000e+03,6.263685302734375000e+02,8.399885296821594238e-01,1.134620971679687500e+03,6.250919189453125000e+02,8.802794814109802246e-01,1.161430175781250000e+03,6.455180053710937500e+02,8.836377859115600586e-01,1.130791015625000000e+03,6.429647216796875000e+02,8.464681506156921387e-01,1.163983520507812500e+03,6.595609741210937500e+02,8.788398504257202148e-01,1.132067749023437500e+03,6.582843017578125000e+02,8.312376141548156738e-01,1.152493774414062500e+03,6.608375854492187500e+02,8.705626726150512695e-01,1.139727539062500000e+03,6.608375854492187500e+02,8.545053005218505859e-01,1.153770385742187500e+03,6.889234619140625000e+02,8.614873886108398438e-01,1.137174194335937500e+03,6.876468505859375000e+02,8.736968040466308594e-01,1.147387329101562500e+03,7.144561157226562500e+02,9.231487512588500977e-01,1.135897583007812500e+03,7.170093994140625000e+02,8.346098065376281738e-01,1.148663940429687500e+03,5.995592651367187500e+02,8.942129015922546387e-01,1.146110595703125000e+03,6.187087402343750000e+02,9.124068021774291992e-01,1.146110595703125000e+03,6.595609741210937500e+02,9.228761792182922363e-01,1.153770385742187500e+03,7.221159057617187500e+02,8.878389596939086914e-01,1.139727539062500000e+03,7.233925781250000000e+02,8.701103329658508301e-01,1.155047119140625000e+03,7.208392944335937500e+02,9.163829684257507324e-01,1.134620971679687500e+03,7.233925781250000000e+02,9.532713294029235840e-01,1.144833984375000000e+03,7.182860107421875000e+02,8.776266574859619141e-01,1.135897583007812500e+03,7.195626220703125000e+02,8.215659856796264648e-01,1.130418843740617149e+03,5.910632781585488829e+02,3.982255046047612268e+01,1.314389613805793715e+02,0.000000000000000000e+00
5.277900000000000000e+04,1.930000000000000000e+02,7.852000000000000000e+03,1.600000000000000000e+01,1.149212768554687500e+03,6.118941040039062500e+02,9.082695245742797852e-01,1.151777832031250000e+03,6.093290405273437500e+02,9.143054485321044922e-01,1.146647705078125000e+03,6.080465698242187500e+02,9.125380516052246094e-01,1.153060302734375000e+03,6.106115722656250000e+02,8.753781318664550781e-01,1.140235107421875000e+03,6.067640380859375000e+02,8.894801735877990723e-01,1.154342773437500000e+03,6.247191772460937500e+02,8.531140685081481934e-01,1.132540039062500000e+03,6.234367065429687500e+02,8.771442174911499023e-01,1.158190307617187500e+03,6.426743774414062500e+02,8.503422737121582031e-01,1.127410034179687500e+03,6.426743774414062500e+02,8.276448249816894531e-01,1.162037841796875000e+03,6.593469848632812500e+02,8.569095134735107422e-01,1.128692626953125000e+03,6.580645141601562500e+02,8.501438498497009277e-01,1.150495239257812500e+03,6.606295166015625000e+02,8.328482508659362793e-01,1.136387695312500000e+03,6.606295166015625000e+02,8.010697960853576660e-01,1.153060302734375000e+03,6.901272583007812500e+02,8.889234066009521484e-01,1.135105102539062500e+03,6.888447875976562500e+02,8.963070511817932129e-01,1.149212768554687500e+03,7.157775268554687500e+02,9.386476874351501465e-01,1.132540039062500000e+03,7.170599975585937500e+02,8.721243143081665039e-01,1.149212768554687500e+03,5.965039672851562500e+02,8.685341477394104004e-01,1.144082763671875000e+03,6.170241088867187500e+02,9.274334907531738281e-01,1.144082763671875000e+03,6.593469848632812500e+02,8.715589046478271484e-01,1.158190307617187500e+03,7.221900634765625000e+02,9.368869662284851074e-01,1.136387695312500000e+03,7.234725952148437500e+02,8.727189302444458008e-01,1.158190307617187500e+03,7.209075317382812500e+02,9.117258191108703613e-01,1.132540039062500000e+03,7.234725952148437500e+02,9.164795279502868652e-01,1.146647705078125000e+03,7.196250610351562500e+02,9.248822331428527832e-01,1.132540039062500000e+03,7.209075317382812500e+02,8.392369747161865234e-01,1.129867102537223673e+03,5.921918967252572656e+02,3.998769677821633195e+01,1.314982535626938898e+02,0.000000000000000000e+00
5.278000000000000000e+04,1.930000000000000000e+02,7.857000000000000000e+03,1.700000000000000000e+01,1.147602905273437500e+03,6.111209716796875000e+02,8.786491155624389648e-01,1.150500854492187500e+03,6.082230224609375000e+02,9.355350732803344727e-01,1.144704956054687500e+03,6.082230224609375000e+02,8.967686891555786133e-01,1.151949829101562500e+03,6.096719970703125000e+02,8.542695641517639160e-01,1.138909057617187500e+03,6.082230224609375000e+02,8.945204019546508789e-01,1.153398803710937500e+03,6.256107177734375000e+02,8.873950242996215820e-01,1.130215209960937500e+03,6.256107177734375000e+02,8.883001208305358887e-01,1.157745727539062500e+03,6.444474487304687500e+02,8.996123671531677246e-01,1.125868286132812500e+03,6.444474487304687500e+02,8.854684829711914062e-01,1.160643676757812500e+03,6.589371948242187500e+02,8.602731227874755859e-01,1.128766235351562500e+03,6.574882202148437500e+02,9.069999456405639648e-01,1.149051879882812500e+03,6.618351440429687500e+02,8.883776664733886719e-01,1.134562133789062500e+03,6.618351440429687500e+02,8.794376850128173828e-01,1.151949829101562500e+03,6.908146972656250000e+02,9.061552286148071289e-01,1.131664184570312500e+03,6.908146972656250000e+02,9.072884917259216309e-01,1.151949829101562500e+03,7.168963012695312500e+02,9.261357188224792480e-01,1.130215209960937500e+03,7.168963012695312500e+02,9.191403985023498535e-01,1.146153930664062500e+03,5.980801391601562500e+02,8.847008943557739258e-01,1.143255981445312500e+03,6.183658447265625000e+02,9.041323065757751465e-01,1.141807006835937500e+03,6.618351440429687500e+02,9.125655889511108398e-01,1.160643676757812500e+03,7.212432250976562500e+02,8.804399967193603516e-01,1.131664184570312500e+03,7.226921997070312500e+02,8.625940084457397461e-01,1.162092651367187500e+03,7.212432250976562500e+02,9.357414245605468750e-01,1.127317260742187500e+03,7.226921997070312500e+02,9.457834362983703613e-01,1.149051879882812500e+03,7.226921997070312500e+02,9.447929859161376953e-01,1.131664184570312500e+03,7.212432250976562500e+02,8.433236479759216309e-01,1.124164731945992116e+03,5.837973147950318662e+02,4.330493693088396867e+01,1.427794478506332325e+02,0.000000000000000000e+00
5.278100000000000000e+04,1.930000000000000000e+02,7.862000000000000000e+03,1.800000000000000000e+01,1.147789672851562500e+03,6.107093505859375000e+02,9.035381078720092773e-01,1.149137084960937500e+03,6.080146484375000000e+02,9.343337416648864746e-01,1.145094970703125000e+03,6.080146484375000000e+02,9.038996696472167969e-01,1.150484375000000000e+03,6.107093505859375000e+02,8.576189875602722168e-01,1.139705566406250000e+03,6.080146484375000000e+02,9.156103730201721191e-01,1.151831787109375000e+03,6.255302124023437500e+02,8.867808580398559570e-01,1.128926879882812500e+03,6.241828613281250000e+02,8.824882507324218750e-01,1.155873779296875000e+03,6.430457153320312500e+02,8.449915647506713867e-01,1.124884765625000000e+03,6.416983642578125000e+02,8.559628129005432129e-01,1.158568481445312500e+03,6.578665771484375000e+02,8.741258382797241211e-01,1.128926879882812500e+03,6.551718750000000000e+02,8.888208270072937012e-01,1.147789672851562500e+03,6.605612182617187500e+02,8.306568264961242676e-01,1.132968872070312500e+03,6.605612182617187500e+02,8.515040874481201172e-01,1.150484375000000000e+03,6.888555908203125000e+02,8.506247997283935547e-01,1.128926879882812500e+03,6.888555908203125000e+02,9.311051964759826660e-01,1.154526489257812500e+03,7.131078491210937500e+02,8.866147398948669434e-01,1.127579467773437500e+03,7.171499023437500000e+02,8.959841132164001465e-01,1.146442382812500000e+03,5.985831909179687500e+02,8.892066478729248047e-01,1.142400268554687500e+03,6.174461059570312500e+02,8.982331156730651855e-01,1.139705566406250000e+03,6.592139282226562500e+02,9.410936236381530762e-01,1.163957885742187500e+03,7.171499023437500000e+02,8.645356893539428711e-01,1.134316162109375000e+03,7.225393066406250000e+02,9.090394973754882812e-01,1.165305175781250000e+03,7.171499023437500000e+02,8.981521129608154297e-01,1.130274169921875000e+03,7.238866577148437500e+02,8.493443727493286133e-01,1.153179077148437500e+03,7.211919555664062500e+02,9.194830656051635742e-01,1.124884765625000000e+03,7.211919555664062500e+02,8.917460441589355469e-01,1.123906727956334407e+03,5.878886694735217588e+02,4.313762875543534392e+01,1.402743341450004664e+02,0.000000000000000000e+00
5.278200000000000000e+04,1.930000000000000000e+02,7.862000000000000000e+03,1.900000000000000000e+01,1.147648437500000000e+03,6.107887573242187500e+02,9.164059758186340332e-01,1.148943359375000000e+03,6.081989135742187500e+02,9.315195679664611816e-01,1.145058593750000000e+03,6.081989135742187500e+02,8.886232376098632812e-01,1.151533203125000000e+03,6.094938354492187500e+02,8.427463173866271973e-01,1.138583984375000000e+03,6.069039916992187500e+02,8.644770383834838867e-01,1.151533203125000000e+03,6.237379150390625000e+02,8.762003779411315918e-01,1.129519531250000000e+03,6.224429931640625000e+02,8.962393999099731445e-01,1.155417968750000000e+03,6.418668212890625000e+02,8.898228406906127930e-01,1.119160156250000000e+03,6.379820556640625000e+02,7.029737830162048340e-01,1.159302734375000000e+03,6.574058227539062500e+02,8.385295867919921875e-01,1.128224609375000000e+03,6.574058227539062500e+02,7.098056674003601074e-01,1.147648437500000000e+03,6.587007446289062500e+02,8.551669120788574219e-01,1.132109375000000000e+03,6.574058227539062500e+02,8.023379445075988770e-01,1.150238281250000000e+03,6.858940429687500000e+02,8.734512329101562500e-01,1.128224609375000000e+03,6.871889648437500000e+02,8.530352711677551270e-01,1.155417968750000000e+03,7.117924194335937500e+02,8.482849001884460449e-01,1.124339843750000000e+03,7.143822631835937500e+02,8.950576782226562500e-01,1.146353515625000000e+03,5.978395385742187500e+02,9.009389877319335938e-01,1.141173828125000000e+03,6.159683837890625000e+02,9.530205726623535156e-01,1.139878906250000000e+03,6.574058227539062500e+02,8.726538419723510742e-01,1.164482421875000000e+03,7.156771850585937500e+02,7.572559118270874023e-01,1.132109375000000000e+03,7.221517944335937500e+02,8.207445740699768066e-01,1.164482421875000000e+03,7.143822631835937500e+02,8.398002982139587402e-01,1.129519531250000000e+03,7.221517944335937500e+02,8.657956123352050781e-01,1.154123046875000000e+03,7.208568725585937500e+02,8.438261747360229492e-01,1.121750000000000000e+03,7.195619506835937500e+02,8.957158327102661133e-01,1.125215589880549260e+03,5.901851415380017443e+02,4.197001715871851957e+01,1.356316401121453055e+02,0.000000000000000000e+00
5.278300000000000000e+04,1.930000000000000000e+02,7.863000000000000000e+03,2.000000000000000000e+01,1.146765502929687500e+03,6.100715942382812500e+02,9.139833450317382812e-01,1.149331298828125000e+03,6.075057983398437500e+02,8.970756530761718750e-01,1.144199707031250000e+03,6.075057983398437500e+02,8.781337141990661621e-01,1.150614135742187500e+03,6.087886962890625000e+02,8.246740698814392090e-01,1.137785278320312500e+03,6.075057983398437500e+02,8.451523780822753906e-01,1.149331298828125000e+03,6.229005126953125000e+02,8.909562230110168457e-01,1.127522216796875000e+03,6.216176147460937500e+02,8.650020360946655273e-01,1.154462890625000000e+03,6.408609619140625000e+02,8.451669216156005859e-01,1.113410400390625000e+03,6.318807373046875000e+02,7.121814489364624023e-01,1.157028686523437500e+03,6.549727783203125000e+02,8.316936492919921875e-01,1.109561645507812500e+03,6.216176147460937500e+02,5.812497735023498535e-01,1.145482666015625000e+03,6.575385131835937500e+02,8.002551794052124023e-01,1.130087890625000000e+03,6.575385131835937500e+02,7.909235358238220215e-01,1.150614135742187500e+03,6.857621459960937500e+02,8.702854514122009277e-01,1.126239257812500000e+03,6.857621459960937500e+02,8.934754729270935059e-01,1.154462890625000000e+03,7.114199218750000000e+02,9.035291075706481934e-01,1.121107666015625000e+03,7.127028198242187500e+02,8.596321940422058105e-01,1.145482666015625000e+03,5.959597778320312500e+02,8.798768520355224609e-01,1.140351074218750000e+03,6.164860229492187500e+02,8.963083028793334961e-01,1.137785278320312500e+03,6.562556762695312500e+02,8.059991598129272461e-01,1.163443115234375000e+03,7.152686157226562500e+02,8.367307186126708984e-01,1.128805053710937500e+03,7.216830444335937500e+02,8.206502199172973633e-01,1.163443115234375000e+03,7.152686157226562500e+02,8.910618424415588379e-01,1.124956420898437500e+03,7.216830444335937500e+02,7.941178083419799805e-01,1.153179931640625000e+03,7.204001464843750000e+02,8.855505585670471191e-01,1.119824829101562500e+03,7.178344116210937500e+02,8.840814232826232910e-01,1.124568486717484120e+03,5.907355494316695967e+02,4.102009460582712563e+01,1.329853156803254706e+02,0.000000000000000000e+00
5.278400000000000000e+04,1.930000000000000000e+02,7.863000000000000000e+03,2.100000000000000000e+01,1.147650268554687500e+03,6.090938110351562500e+02,9.282581210136413574e-01,1.150253540039062500e+03,6.064906005859375000e+02,9.277625679969787598e-01,1.145047119140625000e+03,6.051889648437500000e+02,9.006210565567016602e-01,1.151555175781250000e+03,6.064906005859375000e+02,8.759894967079162598e-01,1.137237426757812500e+03,6.051889648437500000e+02,8.368962407112121582e-01,1.151555175781250000e+03,6.234115600585937500e+02,8.678287267684936523e-01,1.128126220703125000e+03,6.221099243164062500e+02,8.340331912040710449e-01,1.154158325195312500e+03,6.416340942382812500e+02,9.233088493347167969e-01,1.121618164062500000e+03,6.390308837890625000e+02,7.484799623489379883e-01,1.158063232421875000e+03,6.572534179687500000e+02,8.546524047851562500e-01,1.125522949218750000e+03,6.559517822265625000e+02,8.355457186698913574e-01,1.146348754882812500e+03,6.585549926757812500e+02,8.392188549041748047e-01,1.129427734375000000e+03,6.585549926757812500e+02,8.112767338752746582e-01,1.150253540039062500e+03,6.858888549804687500e+02,8.878107666969299316e-01,1.125522949218750000e+03,6.845872192382812500e+02,8.453630805015563965e-01,1.152856811523437500e+03,7.132226562500000000e+02,9.127570986747741699e-01,1.119014892578125000e+03,7.119210205078125000e+02,8.143647313117980957e-01,1.146348754882812500e+03,5.960776977539062500e+02,8.354395031929016113e-01,1.141142211914062500e+03,6.156018676757812500e+02,9.186705946922302246e-01,1.138539062500000000e+03,6.572534179687500000e+02,8.716936111450195312e-01,1.161968017578125000e+03,7.197307128906250000e+02,8.890475034713745117e-01,1.124221313476562500e+03,7.197307128906250000e+02,9.223654270172119141e-01,1.161968017578125000e+03,7.184290771484375000e+02,9.109415411949157715e-01,1.120316528320312500e+03,7.197307128906250000e+02,8.874495029449462891e-01,1.150253540039062500e+03,7.197307128906250000e+02,9.088144898414611816e-01,1.116411621093750000e+03,7.171275024414062500e+02,8.521863222122192383e-01,1.125564631124871084e+03,5.901204188123482481e+02,4.111565766551211709e+01,1.332586808470633741e+02,0.000000000000000000e+00
5.278500000000000000e+04,1.930000000000000000e+02,7.863000000000000000e+03,2.200000000000000000e+01,1.147764892578125000e+03,6.083602905273437500e+02,9.396069049835205078e-01,1.150444946289062500e+03,6.056801757812500000e+02,8.929997086524963379e-01,1.145084716796875000e+03,6.043401489257812500e+02,9.263748526573181152e-01,1.150444946289062500e+03,6.070202636718750000e+02,6.419396996498107910e-01,1.137044555664062500e+03,6.043401489257812500e+02,9.119944572448730469e-01,1.149104858398437500e+03,6.204206542968750000e+02,8.581126928329467773e-01,1.127664184570312500e+03,6.204206542968750000e+02,8.149781227111816406e-01,1.153125000000000000e+03,6.391812744140625000e+02,8.596838712692260742e-01,1.119624023437500000e+03,6.378411865234375000e+02,4.766544103622436523e-01,1.157145141601562500e+03,6.539216918945312500e+02,8.721784353256225586e-01,1.124984130859375000e+03,6.566018066406250000e+02,6.172903776168823242e-01,1.145084716796875000e+03,6.579418334960937500e+02,8.262403011322021484e-01,1.130344360351562500e+03,6.579418334960937500e+02,8.389850258827209473e-01,1.150444946289062500e+03,6.860827026367187500e+02,8.731318116188049316e-01,1.127664184570312500e+03,6.820626220703125000e+02,8.869735002517700195e-01,1.150444946289062500e+03,7.128835449218750000e+02,9.145371913909912109e-01,1.116943847656250000e+03,7.075233764648437500e+02,7.955266833305358887e-01,1.145084716796875000e+03,5.936198120117187500e+02,9.073371887207031250e-01,1.139724609375000000e+03,6.150604858398437500e+02,8.877440690994262695e-01,1.138384521484375000e+03,6.566018066406250000e+02,9.168565869331359863e-01,1.159825195312500000e+03,7.209238281250000000e+02,9.208593368530273438e-01,1.119624023437500000e+03,7.182437133789062500e+02,9.484742283821105957e-01,1.161165283203125000e+03,7.195838012695312500e+02,9.269254803657531738e-01,1.114263793945312500e+03,7.182437133789062500e+02,9.252778887748718262e-01,1.147764892578125000e+03,7.182437133789062500e+02,9.370534420013427734e-01,1.114263793945312500e+03,7.102034912109375000e+02,7.819673418998718262e-01,1.112066800997990185e+03,5.852352919548069394e+02,4.032535368107687646e+01,1.379229330746707092e+02,0.000000000000000000e+00
5.278600000000000000e+04,1.930000000000000000e+02,7.852000000000000000e+03,2.300000000000000000e+01,1.147491577148437500e+03,6.080841674804687500e+02,9.419232606887817383e-01,1.148817871093750000e+03,6.041054077148437500e+02,9.467961788177490234e-01,1.144839111328125000e+03,6.041054077148437500e+02,9.306541681289672852e-01,1.148817871093750000e+03,6.054316406250000000e+02,6.256370544433593750e-01,1.136881713867187500e+03,6.014529418945312500e+02,9.336816668510437012e-01,1.147491577148437500e+03,6.200203247070312500e+02,8.773992061614990234e-01,1.128924194335937500e+03,6.186940917968750000e+02,8.203060626983642578e-01,1.152796630859375000e+03,6.385877075195312500e+02,8.504942655563354492e-01,1.123619262695312500e+03,6.332827758789062500e+02,2.935523986816406250e-01,1.155449096679687500e+03,6.558289184570312500e+02,8.908277153968811035e-01,1.136881713867187500e+03,6.054316406250000000e+02,3.882415890693664551e-01,1.143512939453125000e+03,6.584813842773437500e+02,8.602479100227355957e-01,1.128924194335937500e+03,6.584813842773437500e+02,8.717355728149414062e-01,1.150144042968750000e+03,6.863324584960937500e+02,9.062780737876892090e-01,1.127598022460937500e+03,6.836799926757812500e+02,9.372519850730895996e-01,1.147491577148437500e+03,7.128573608398437500e+02,9.284868240356445312e-01,1.114335571289062500e+03,7.062261352539062500e+02,8.230311274528503418e-01,1.144839111328125000e+03,5.934954833984375000e+02,9.229740500450134277e-01,1.138207885742187500e+03,6.133890991210937500e+02,9.263250827789306641e-01,1.136881713867187500e+03,6.571551513671875000e+02,9.432865381240844727e-01,1.156775268554687500e+03,7.208148193359375000e+02,8.869348764419555664e-01,1.116988037109375000e+03,7.181622924804687500e+02,9.425175189971923828e-01,1.156775268554687500e+03,7.194885864257812500e+02,9.332624673843383789e-01,1.113009277343750000e+03,7.181622924804687500e+02,9.319304823875427246e-01,1.143512939453125000e+03,7.181622924804687500e+02,9.277464747428894043e-01,1.111683105468750000e+03,7.088786010742187500e+02,8.358768820762634277e-01,1.111193053696499874e+03,5.870886367238406365e+02,4.008676929600619587e+01,1.360146718653165863e+02,0.000000000000000000e+00
5.278700000000000000e+04,1.930000000000000000e+02,7.864000000000000000e+03,2.400000000000000000e+01,1.146363403320312500e+03,6.064118041992187500e+02,8.970513939857482910e-01,1.147689575195312500e+03,6.037596435546875000e+02,9.116966128349304199e-01,1.143711303710937500e+03,6.024335327148437500e+02,9.407452940940856934e-01,1.149015625000000000e+03,6.050857543945312500e+02,7.701322436332702637e-01,1.135754638671875000e+03,6.037596435546875000e+02,8.944019079208374023e-01,1.146363403320312500e+03,6.196727905273437500e+02,8.926670551300048828e-01,1.126472045898437500e+03,6.183466796875000000e+02,8.465591073036193848e-01,1.149015625000000000e+03,6.382381591796875000e+02,8.447771668434143066e-01,1.118515380859375000e+03,6.382381591796875000e+02,8.340376019477844238e-01,1.154320068359375000e+03,6.554774780273437500e+02,8.398262262344360352e-01,1.118515380859375000e+03,6.581296386718750000e+02,8.467112779617309570e-01,1.142385131835937500e+03,6.594557495117187500e+02,8.678782582283020020e-01,1.127798095703125000e+03,6.581296386718750000e+02,8.691961169242858887e-01,1.147689575195312500e+03,6.859777221679687500e+02,8.662044405937194824e-01,1.127798095703125000e+03,6.833255004882812500e+02,9.135954380035400391e-01,1.143711303710937500e+03,7.138257446289062500e+02,8.878495097160339355e-01,1.114537109375000000e+03,7.032169799804687500e+02,8.475321531295776367e-01,1.143711303710937500e+03,5.931508178710937500e+02,9.130240082740783691e-01,1.138406860351562500e+03,6.130422973632812500e+02,9.101815223693847656e-01,1.134428588867187500e+03,6.581296386718750000e+02,9.452053308486938477e-01,1.151667846679687500e+03,7.217823486328125000e+02,8.895536065101623535e-01,1.115863159179687500e+03,7.164779663085937500e+02,9.078372716903686523e-01,1.152993896484375000e+03,7.204562377929687500e+02,9.209640026092529297e-01,1.111884887695312500e+03,7.164779663085937500e+02,8.764083385467529297e-01,1.139732910156250000e+03,7.191301879882812500e+02,8.978757262229919434e-01,1.111884887695312500e+03,7.045430908203125000e+02,8.312674164772033691e-01,1.109823714861043754e+03,5.883196016809466755e+02,4.049072617115393768e+01,1.354975259520775808e+02,0.000000000000000000e+00
5.278800000000000000e+04,1.930000000000000000e+02,7.864000000000000000e+03,2.500000000000000000e+01,1.142794067382812500e+03,6.052422485351562500e+02,9.158429503440856934e-01,1.145420288085937500e+03,6.026160888671875000e+02,9.249664545059204102e-01,1.141481079101562500e+03,6.013030395507812500e+02,9.181324839591979980e-01,1.146733276367187500e+03,6.039291992187500000e+02,8.537401556968688965e-01,1.133602661132812500e+03,6.026160888671875000e+02,8.478034734725952148e-01,1.145420288085937500e+03,6.183729248046875000e+02,8.875936269760131836e-01,1.124411132812500000e+03,6.170598754882812500e+02,8.400719165802001953e-01,1.148046386718750000e+03,6.393820190429687500e+02,9.116307497024536133e-01,1.117845825195312500e+03,6.380689086914062500e+02,7.915682196617126465e-01,1.153298706054687500e+03,6.577649536132812500e+02,8.714584112167358398e-01,1.115219726562500000e+03,6.577649536132812500e+02,9.027891755104064941e-01,1.141481079101562500e+03,6.577649536132812500e+02,9.190947413444519043e-01,1.127037353515625000e+03,6.577649536132812500e+02,8.768014311790466309e-01,1.144107177734375000e+03,6.866524047851562500e+02,9.150717854499816895e-01,1.128350341796875000e+03,6.827131958007812500e+02,9.230948686599731445e-01,1.138854858398437500e+03,7.142268066406250000e+02,9.296585917472839355e-01,1.113906616210937500e+03,7.024092407226562500e+02,8.890444636344909668e-01,1.142794067382812500e+03,5.934246215820312500e+02,9.019560217857360840e-01,1.136228759765625000e+03,6.118075561523437500e+02,8.654262423515319824e-01,1.133602661132812500e+03,6.564518432617187500e+02,9.418682456016540527e-01,1.148046386718750000e+03,7.221052246093750000e+02,8.984795808792114258e-01,1.115219726562500000e+03,7.168529663085937500e+02,8.799666166305541992e-01,1.148046386718750000e+03,7.207921752929687500e+02,9.238489866256713867e-01,1.111280517578125000e+03,7.155398559570312500e+02,8.834881186485290527e-01,1.134915771484375000e+03,7.194790649414062500e+02,9.144029617309570312e-01,1.111280517578125000e+03,7.037222900390625000e+02,8.037817478179931641e-01,1.107999895402045695e+03,5.898345218144318096e+02,4.036763571997585132e+01,1.344271518666284919e+02,0.000000000000000000e+00
5.278900000000000000e+04,1.930000000000000000e+02,7.864000000000000000e+03,2.600000000000000000e+01,1.141363647460937500e+03,6.057422485351562500e+02,8.848531246185302734e-01,1.142726074218750000e+03,6.016549682617187500e+02,8.832300901412963867e-01,1.138638793945312500e+03,6.016549682617187500e+02,8.961693644523620605e-01,1.144088500976562500e+03,6.043798217773437500e+02,8.173891305923461914e-01,1.131826660156250000e+03,6.016549682617187500e+02,8.771851062774658203e-01,1.142726074218750000e+03,6.193665771484375000e+02,8.800119161605834961e-01,1.119564697265625000e+03,6.166417236328125000e+02,8.852982521057128906e-01,1.145450927734375000e+03,6.398029785156250000e+02,9.289102554321289062e-01,1.112752563476562500e+03,6.384405517578125000e+02,8.538068532943725586e-01,1.149538208007812500e+03,6.575145874023437500e+02,9.030489325523376465e-01,1.110027709960937500e+03,6.575145874023437500e+02,8.899949193000793457e-01,1.137276367187500000e+03,6.575145874023437500e+02,8.756052851676940918e-01,1.123651977539062500e+03,6.575145874023437500e+02,8.753201365470886230e-01,1.138638793945312500e+03,6.874880371093750000e+02,9.075357913970947266e-01,1.125014404296875000e+03,6.847631835937500000e+02,8.624869585037231445e-01,1.134551513671875000e+03,7.160990600585937500e+02,9.374089837074279785e-01,1.114114990234375000e+03,7.024747314453125000e+02,8.600969910621643066e-01,1.140001220703125000e+03,5.934804077148437500e+02,9.278981685638427734e-01,1.133189086914062500e+03,6.111920166015625000e+02,9.473436474800109863e-01,1.130464233398437500e+03,6.561521606445312500e+02,9.203721880912780762e-01,1.142726074218750000e+03,7.229111938476562500e+02,8.471713066101074219e-01,1.116839843750000000e+03,7.174614868164062500e+02,9.190779328346252441e-01,1.144088500976562500e+03,7.215487670898437500e+02,8.357178568840026855e-01,1.112752563476562500e+03,7.174614868164062500e+02,9.064509868621826172e-01,1.130464233398437500e+03,7.215487670898437500e+02,9.163628816604614258e-01,1.111390136718750000e+03,7.024747314453125000e+02,8.638429045677185059e-01,1.107183329895349743e+03,5.892500846700970669e+02,4.182317922117954367e+01,1.377249060383850292e+02,0.000000000000000000e+00
5.279000000000000000e+04,1.930000000000000000e+02,7.864000000000000000e+03,2.700000000000000000e+01,1.135607055664062500e+03,6.046387939453125000e+02,8.413607478141784668e-01,1.136963012695312500e+03,6.019267578125000000e+02,8.397333621978759766e-01,1.132895019531250000e+03,6.019267578125000000e+02,8.438894152641296387e-01,1.139675048828125000e+03,6.032827148437500000e+02,8.046455383300781250e-01,1.127470947265625000e+03,6.019267578125000000e+02,8.778795599937438965e-01,1.139675048828125000e+03,6.195549316406250000e+02,8.759281635284423828e-01,1.117978759765625000e+03,6.181989746093750000e+02,8.099824786186218262e-01,1.143743164062500000e+03,6.398952636718750000e+02,9.313498139381408691e-01,1.111198730468750000e+03,6.385391845703125000e+02,8.417711853981018066e-01,1.147811157226562500e+03,6.575234375000000000e+02,8.988800048828125000e-01,1.109842651367187500e+03,6.575234375000000000e+02,8.813515305519104004e-01,1.135607055664062500e+03,6.575234375000000000e+02,8.942823410034179688e-01,1.122046875000000000e+03,6.575234375000000000e+02,8.826369047164916992e-01,1.134250976562500000e+03,6.873558349609375000e+02,9.260366559028625488e-01,1.123402832031250000e+03,6.859998779296875000e+02,9.110416173934936523e-01,1.128826904296875000e+03,7.158322753906250000e+02,8.896093368530273438e-01,1.113910766601562500e+03,7.090521240234375000e+02,8.017848730087280273e-01,1.135607055664062500e+03,5.937906494140625000e+02,8.818144798278808594e-01,1.130182983398437500e+03,6.114188232421875000e+02,9.373824596405029297e-01,1.128826904296875000e+03,6.561674804687500000e+02,9.463952183723449707e-01,1.136963012695312500e+03,7.239683837890625000e+02,8.913246989250183105e-01,1.116622802734375000e+03,7.212563476562500000e+02,9.386318325996398926e-01,1.138319091796875000e+03,7.226123046875000000e+02,9.043199419975280762e-01,1.112554687500000000e+03,7.199002685546875000e+02,8.759214878082275391e-01,1.124758911132812500e+03,7.212563476562500000e+02,8.823078870773315430e-01,1.112554687500000000e+03,7.104082031250000000e+02,7.194337844848632812e-01,1.106638993108803334e+03,5.882957578447393416e+02,4.253701364887911041e+01,1.384474230387255602e+02,0.000000000000000000e+00
5.279100000000000000e+04,1.930000000000000000e+02,7.864000000000000000e+03,2.800000000000000000e+01,1.131309814453125000e+03,6.056228637695312500e+02,8.551277518272399902e-01,1.134076904296875000e+03,6.028557739257812500e+02,8.982332944869995117e-01,1.129926391601562500e+03,6.014722900390625000e+02,8.707773089408874512e-01,1.136843994140625000e+03,6.042393188476562500e+02,9.021629691123962402e-01,1.123008789062500000e+03,6.028557739257812500e+02,9.155609011650085449e-01,1.138227416992187500e+03,6.208415527343750000e+02,9.134098887443542480e-01,1.113324096679687500e+03,6.166909790039062500e+02,8.954285979270935059e-01,1.142378051757812500e+03,6.415943603515625000e+02,9.320024847984313965e-01,1.107790039062500000e+03,6.374437866210937500e+02,7.470693588256835938e-01,1.145145019531250000e+03,6.581965942382812500e+02,9.006849527359008789e-01,1.106406494140625000e+03,6.568130493164062500e+02,8.954983353614807129e-01,1.131309814453125000e+03,6.581965942382812500e+02,8.830530643463134766e-01,1.117474731445312500e+03,6.581965942382812500e+02,8.785234093666076660e-01,1.129926391601562500e+03,6.872504882812500000e+02,8.673458695411682129e-01,1.124392333984375000e+03,6.858669433593750000e+02,8.564613461494445801e-01,1.123008789062500000e+03,7.163043823242187500e+02,8.552050590515136719e-01,1.118858154296875000e+03,7.163043823242187500e+02,8.529642224311828613e-01,1.132693359375000000e+03,5.931711425781250000e+02,8.915032744407653809e-01,1.128542846679687500e+03,6.125404663085937500e+02,8.970324397087097168e-01,1.124392333984375000e+03,6.568130493164062500e+02,9.367867708206176758e-01,1.131309814453125000e+03,7.246055297851562500e+02,8.859046697616577148e-01,1.127159301757812500e+03,7.232219848632812500e+02,6.903765201568603516e-01,1.132693359375000000e+03,7.232219848632812500e+02,8.770105242729187012e-01,1.123008789062500000e+03,7.246055297851562500e+02,6.972314119338989258e-01,1.120241699218750000e+03,7.204549560546875000e+02,7.053924202919006348e-01,1.114707641601562500e+03,7.218385009765625000e+02,8.387400507926940918e-01,1.106024921460320911e+03,5.873882961163852769e+02,4.329094504221484385e+01,1.406425318025762863e+02,0.000000000000000000e+00
5.279200000000000000e+04,1.930000000000000000e+02,7.864000000000000000e+03,2.900000000000000000e+01,1.130574340820312500e+03,6.066257934570312500e+02,8.154330253601074219e-01,1.130574340820312500e+03,6.036550292968750000e+02,8.448765873908996582e-01,1.127603515625000000e+03,6.021696166992187500e+02,7.949592471122741699e-01,1.133545043945312500e+03,6.051403808593750000e+02,8.849880099296569824e-01,1.120176635742187500e+03,6.036550292968750000e+02,8.493708968162536621e-01,1.135030395507812500e+03,6.199942626953125000e+02,8.462483286857604980e-01,1.114235107421875000e+03,6.185088500976562500e+02,8.482398986816406250e-01,1.139486572265625000e+03,6.407896118164062500e+02,8.730390071868896484e-01,1.120176635742187500e+03,6.155380859375000000e+02,4.950720071792602539e-01,1.142457397460937500e+03,6.586142578125000000e+02,8.749403953552246094e-01,1.123147338867187500e+03,6.036550292968750000e+02,7.138048410415649414e-01,1.129088867187500000e+03,6.556434936523437500e+02,8.630384802818298340e-01,1.114235107421875000e+03,6.571288452148437500e+02,8.657499551773071289e-01,1.127603515625000000e+03,6.883219604492187500e+02,8.476741909980773926e-01,1.123147338867187500e+03,6.868365478515625000e+02,8.702166676521301270e-01,1.120176635742187500e+03,7.195150146484375000e+02,8.639371991157531738e-01,1.117205810546875000e+03,7.210003662109375000e+02,8.304135799407958984e-01,1.127603515625000000e+03,5.947426757812500000e+02,8.982055783271789551e-01,1.126118164062500000e+03,6.125673217773437500e+02,8.693769574165344238e-01,1.121661987304687500e+03,6.556434936523437500e+02,9.096917510032653809e-01,1.129088867187500000e+03,7.254565429687500000e+02,8.487941026687622070e-01,1.127603515625000000e+03,7.269419555664062500e+02,8.580468297004699707e-01,1.129088867187500000e+03,7.254565429687500000e+02,8.318566679954528809e-01,1.124632812500000000e+03,7.269419555664062500e+02,9.030520915985107422e-01,1.115720458984375000e+03,7.239711914062500000e+02,8.574631214141845703e-01,1.114235107421875000e+03,7.269419555664062500e+02,8.485227823257446289e-01,1.104240119369631429e+03,5.847684377085863616e+02,4.540261210123867386e+01,1.484654830048411895e+02,0.000000000000000000e+00
5.279300000000000000e+04,1.930000000000000000e+02,7.864000000000000000e+03,3.000000000000000000e+01,1.129197143554687500e+03,6.086665649414062500e+02,8.092628717422485352e-01,1.130538940429687500e+03,6.059831542968750000e+02,8.626491427421569824e-01,1.126513793945312500e+03,6.046414184570312500e+02,8.162305951118469238e-01,1.131880615234375000e+03,6.073248901367187500e+02,7.596486210823059082e-01,1.121146850585937500e+03,6.046414184570312500e+02,8.317945003509521484e-01,1.130538940429687500e+03,6.220838012695312500e+02,7.123939394950866699e-01,1.111754760742187500e+03,6.180586547851562500e+02,7.645482420921325684e-01,1.134564086914062500e+03,6.422096557617187500e+02,6.744221448898315430e-01,1.110413085937500000e+03,6.408679199218750000e+02,4.160901606082916260e-01,1.139931030273437500e+03,6.609937744140625000e+02,6.805220842361450195e-01,1.114438232421875000e+03,6.569686279296875000e+02,3.199056386947631836e-01,1.125171997070312500e+03,6.569686279296875000e+02,6.887906789779663086e-01,1.113096557617187500e+03,6.583103637695312500e+02,7.219051122665405273e-01,1.122488647460937500e+03,6.864865112304687500e+02,7.538878321647644043e-01,1.121146850585937500e+03,6.864865112304687500e+02,8.298184871673583984e-01,1.117121704101562500e+03,7.173461303710937500e+02,8.149146437644958496e-01,1.115780029296875000e+03,7.186878662109375000e+02,8.313316106796264648e-01,1.127855468750000000e+03,5.965910644531250000e+02,8.425803184509277344e-01,1.122488647460937500e+03,6.126917724609375000e+02,7.968267798423767090e-01,1.118463378906250000e+03,6.556268920898437500e+02,7.701917886734008789e-01,1.125171997070312500e+03,7.267382202148437500e+02,8.248568177223205566e-01,1.126513793945312500e+03,7.267382202148437500e+02,8.705224990844726562e-01,1.125171997070312500e+03,7.253964843750000000e+02,8.118071556091308594e-01,1.123830322265625000e+03,7.280799560546875000e+02,8.552132248878479004e-01,1.110413085937500000e+03,7.240547485351562500e+02,7.434264421463012695e-01,1.111754760742187500e+03,7.240547485351562500e+02,8.287839293479919434e-01,1.104133192591497391e+03,5.883719614321777271e+02,4.377111369172348532e+01,1.416901201761985476e+02,0.000000000000000000e+00
5.279400000000000000e+04,1.930000000000000000e+02,7.864000000000000000e+03,3.100000000000000000e+01,1.129097412109375000e+03,6.088192749023437500e+02,8.297400474548339844e-01,1.130545898437500000e+03,6.059224243164062500e+02,8.714817762374877930e-01,1.126200683593750000e+03,6.044740600585937500e+02,8.520811796188354492e-01,1.131994262695312500e+03,6.073708496093750000e+02,8.999283313751220703e-01,1.120406982421875000e+03,6.044740600585937500e+02,9.047793149948120117e-01,1.131994262695312500e+03,6.218549194335937500e+02,8.556167483329772949e-01,1.110268188476562500e+03,6.204064941406250000e+02,8.678545951843261719e-01,1.136339477539062500e+03,6.435809936523437500e+02,9.024945497512817383e-01,1.101577758789062500e+03,6.406841430664062500e+02,7.993523478507995605e-01,1.142133056640625000e+03,6.624102172851562500e+02,8.655862212181091309e-01,1.100129394531250000e+03,6.595134277343750000e+02,8.534039855003356934e-01,1.126200683593750000e+03,6.609618530273437500e+02,8.036637902259826660e-01,1.111716552734375000e+03,6.609618530273437500e+02,8.489227294921875000e-01,1.121855468750000000e+03,6.913783569335937500e+02,8.381242752075195312e-01,1.118958618164062500e+03,6.899299316406250000e+02,8.797946572303771973e-01,1.121855468750000000e+03,7.174496459960937500e+02,7.586940526962280273e-01,1.111716552734375000e+03,7.217948608398437500e+02,7.492528557777404785e-01,1.129097412109375000e+03,5.957836303710937500e+02,9.726274609565734863e-01,1.123303833007812500e+03,6.146128540039062500e+02,9.106683135032653809e-01,1.118958618164062500e+03,6.595134277343750000e+02,8.697391152381896973e-01,1.129097412109375000e+03,7.275884399414062500e+02,9.131086468696594238e-01,1.121855468750000000e+03,7.290368652343750000e+02,8.156021237373352051e-01,1.130545898437500000e+03,7.261400756835937500e+02,8.824769854545593262e-01,1.118958618164062500e+03,7.290368652343750000e+02,7.762684226036071777e-01,1.120406982421875000e+03,7.217948608398437500e+02,7.550961375236511230e-01,1.107371337890625000e+03,7.275884399414062500e+02,8.438478708267211914e-01,1.102874312816494694e+03,5.879386030614459742e+02,4.514720303201715979e+01,1.462876284366629989e+02,0.000000000000000000e+00
5.279500000000000000e+04,1.930000000000000000e+02,7.864000000000000000e+03,3.200000000000000000e+01,1.128697021484375000e+03,6.108848876953125000e+02,8.861598372459411621e-01,1.131480468750000000e+03,6.081014404296875000e+02,8.865144848823547363e-01,1.125913574218750000e+03,6.067097167968750000e+02,9.142898917198181152e-01,1.131480468750000000e+03,6.094931640625000000e+02,8.014028668403625488e-01,1.118954833984375000e+03,6.067097167968750000e+02,9.105151891708374023e-01,1.128697021484375000e+03,6.248021850585937500e+02,8.760527968406677246e-01,1.109212768554687500e+03,6.234104614257812500e+02,8.916600346565246582e-01,1.135655639648437500e+03,6.442863769531250000e+02,9.067289233207702637e-01,1.102254150390625000e+03,6.428946533203125000e+02,7.972360849380493164e-01,1.141222534179687500e+03,6.637705688476562500e+02,8.761928081512451172e-01,1.100862426757812500e+03,6.609871215820312500e+02,8.071795701980590820e-01,1.123130004882812500e+03,6.623788452148437500e+02,8.023709654808044434e-01,1.109212768554687500e+03,6.623788452148437500e+02,8.728041648864746094e-01,1.118954833984375000e+03,6.916051635742187500e+02,8.172383904457092285e-01,1.116171386718750000e+03,6.902134399414062500e+02,8.450965285301208496e-01,1.118954833984375000e+03,7.180479736328125000e+02,5.195930600166320801e-01,1.109212768554687500e+03,7.208314819335937500e+02,4.598743021488189697e-01,1.127305297851562500e+03,5.955758666992187500e+02,9.094319343566894531e-01,1.120346557617187500e+03,6.164517822265625000e+02,9.268196821212768555e-01,1.116171386718750000e+03,6.609871215820312500e+02,8.829213380813598633e-01,1.128697021484375000e+03,7.277901000976562500e+02,6.522150635719299316e-01,1.118954833984375000e+03,7.291818237304687500e+02,7.749931812286376953e-01,1.132872192382812500e+03,7.263983764648437500e+02,6.722699403762817383e-01,1.114779663085937500e+03,7.291818237304687500e+02,7.684301137924194336e-01,1.121738281250000000e+03,7.277901000976562500e+02,5.657361149787902832e-01,1.103645874023437500e+03,7.250066528320312500e+02,8.044979572296142578e-01,1.101634924755868269e+03,5.896842634619615637e+02,4.506442409133546789e+01,1.441114876208899886e+02,0.000000000000000000e+00
5.279600000000000000e+04,1.930000000000000000e+02,7.864000000000000000e+03,3.300000000000000000e+01,1.125986938476562500e+03,6.117980346679687500e+02,8.152937293052673340e-01,1.128707641601562500e+03,6.077171020507812500e+02,8.638404607772827148e-01,1.123266357421875000e+03,6.063568115234375000e+02,8.472540974617004395e-01,1.131428222656250000e+03,6.104377441406250000e+02,9.214936494827270508e-01,1.116464843750000000e+03,6.063568115234375000e+02,8.857041597366333008e-01,1.130067871093750000e+03,6.267614135742187500e+02,8.439882397651672363e-01,1.106942749023437500e+03,6.240407714843750000e+02,8.175980448722839355e-01,1.135509155273437500e+03,6.485263061523437500e+02,8.653390407562255859e-01,1.100141235351562500e+03,6.444453735351562500e+02,7.149960398674011230e-01,1.139590087890625000e+03,6.675705566406250000e+02,8.527876734733581543e-01,1.098780883789062500e+03,6.621293334960937500e+02,7.088861465454101562e-01,1.124626708984375000e+03,6.662102661132812500e+02,8.084736466407775879e-01,1.109663330078125000e+03,6.662102661132812500e+02,8.609389066696166992e-01,1.113744262695312500e+03,6.947766723632812500e+02,7.831976413726806641e-01,1.117825195312500000e+03,6.906957397460937500e+02,7.227394580841064453e-01,1.104222045898437500e+03,7.206224975585937500e+02,8.357753753662109375e-01,1.127347290039062500e+03,7.179018554687500000e+02,7.525932788848876953e-01,1.125986938476562500e+03,5.981949462890625000e+02,8.868840336799621582e-01,1.120545776367187500e+03,6.185995483398437500e+02,8.951483368873596191e-01,1.117825195312500000e+03,6.662102661132812500e+02,8.915163874626159668e-01,1.113744262695312500e+03,7.315049438476562500e+02,7.919736504554748535e-01,1.135509155273437500e+03,7.206224975585937500e+02,8.875280618667602539e-01,1.113744262695312500e+03,7.287843017578125000e+02,8.274380564689636230e-01,1.131428222656250000e+03,7.219827880859375000e+02,7.564402818679809570e-01,1.100141235351562500e+03,7.247034301757812500e+02,7.832447290420532227e-01,1.128707641601562500e+03,7.315049438476562500e+02,6.571136713027954102e-01,1.101438777869482237e+03,5.894449047710318155e+02,4.469384939870542439e+01,1.410835188082971854e+02,0.000000000000000000e+00
5.279700000000000000e+04,1.930000000000000000e+02,7.864000000000000000e+03,3.500000000000000000e+01,1.124283325195312500e+03,6.120684814453125000e+02,8.945450782775878906e-01,1.125642089843750000e+03,6.093507690429687500e+02,8.970177769660949707e-01,1.121565551757812500e+03,6.079919433593750000e+02,9.099695682525634766e-01,1.127000976562500000e+03,6.107095947265625000e+02,8.615337610244750977e-01,1.114771362304687500e+03,6.079919433593750000e+02,9.106482267379760742e-01,1.127000976562500000e+03,6.270156250000000000e+02,8.865683078765869141e-01,1.106618408203125000e+03,6.270156250000000000e+02,8.291186094284057617e-01,1.133795166015625000e+03,6.501158447265625000e+02,8.987836837768554688e-01,1.099824218750000000e+03,6.473981933593750000e+02,7.637701630592346191e-01,1.139230468750000000e+03,6.677807006835937500e+02,9.241998195648193359e-01,1.095747680664062500e+03,6.664218750000000000e+02,7.493283152580261230e-01,1.122924438476562500e+03,6.664218750000000000e+02,8.168703913688659668e-01,1.109336059570312500e+03,6.664218750000000000e+02,8.372070789337158203e-01,1.114771362304687500e+03,6.935986328125000000e+02,7.760890722274780273e-01,1.117489135742187500e+03,6.935986328125000000e+02,8.216850161552429199e-01,1.099824218750000000e+03,7.180576782226562500e+02,8.574557900428771973e-01,1.124283325195312500e+03,7.234929809570312500e+02,8.357085585594177246e-01,1.122924438476562500e+03,5.984801025390625000e+02,9.339298009872436523e-01,1.117489135742187500e+03,6.188626098632812500e+02,8.702580332756042480e-01,1.116130249023437500e+03,6.650630493164062500e+02,8.967971801757812500e-01,1.106618408203125000e+03,7.302871704101562500e+02,8.738420009613037109e-01,1.131077392578125000e+03,7.289283447265625000e+02,8.914247751235961914e-01,1.105259521484375000e+03,7.289283447265625000e+02,8.690248131752014160e-01,1.129718627929687500e+03,7.302871704101562500e+02,7.893538475036621094e-01,1.094388916015625000e+03,7.207753295898437500e+02,8.391619324684143066e-01,1.124283325195312500e+03,7.316459960937500000e+02,8.173467516899108887e-01,1.097802943771349192e+03,5.912526079022911745e+02,4.509123565535833222e+01,1.370324344317823488e+02,0.000000000000000000e+00
5.279800000000000000e+04,1.930000000000000000e+02,7.864000000000000000e+03,3.600000000000000000e+01,1.123907104492187500e+03,6.115056152343750000e+02,8.987842798233032227e-01,1.125382446289062500e+03,6.085548095703125000e+02,9.135307669639587402e-01,1.120956298828125000e+03,6.085548095703125000e+02,8.775677680969238281e-01,1.125382446289062500e+03,6.100302124023437500e+02,8.109502196311950684e-01,1.113579223632812500e+03,6.085548095703125000e+02,8.988843560218811035e-01,1.125382446289062500e+03,6.262595825195312500e+02,8.599464297294616699e-01,1.103251464843750000e+03,6.233087768554687500e+02,8.863697648048400879e-01,1.131284057617187500e+03,6.469151000976562500e+02,8.713889122009277344e-01,1.098825317382812500e+03,6.439642944335937500e+02,6.156335473060607910e-01,1.137185546875000000e+03,6.675706176757812500e+02,8.358749151229858398e-01,1.095874511718750000e+03,6.660952148437500000e+02,5.137768387794494629e-01,1.120956298828125000e+03,6.631444091796875000e+02,8.563761115074157715e-01,1.107677734375000000e+03,6.646198120117187500e+02,8.433833718299865723e-01,1.116530029296875000e+03,6.956031494140625000e+02,7.248495221138000488e-01,1.116530029296875000e+03,6.941277465820312500e+02,8.205573558807373047e-01,1.097349975585937500e+03,7.162586669921875000e+02,8.049778342247009277e-01,1.122431640625000000e+03,7.280618286132812500e+02,8.068442344665527344e-01,1.120956298828125000e+03,5.982270507812500000e+02,9.314016699790954590e-01,1.115054687500000000e+03,6.174071655273437500e+02,8.755243420600891113e-01,1.113579223632812500e+03,6.631444091796875000e+02,8.723792433738708496e-01,1.126857788085937500e+03,7.354387817382812500e+02,7.100074887275695801e-01,1.101776123046875000e+03,7.310126342773437500e+02,8.366428613662719727e-01,1.126857788085937500e+03,7.354387817382812500e+02,6.929208636283874512e-01,1.097349975585937500e+03,7.310126342773437500e+02,8.887239694595336914e-01,1.120956298828125000e+03,7.339633789062500000e+02,6.918087601661682129e-01,1.091448364257812500e+03,7.177340698242187500e+02,6.426568031311035156e-01,1.094218415257503921e+03,5.885119937141610080e+02,4.951131368491769535e+01,1.462492722802751359e+02,0.000000000000000000e+00
5.279900000000000000e+04,1.930000000000000000e+02,7.864000000000000000e+03,3.700000000000000000e+01,1.120960449218750000e+03,6.108928833007812500e+02,8.950008153915405273e-01,1.122278686523437500e+03,6.069381103515625000e+02,9.193471670150756836e-01,1.118323974609375000e+03,6.069381103515625000e+02,9.130467772483825684e-01,1.123596923828125000e+03,6.082563476562500000e+02,7.719024419784545898e-01,1.110414428710937500e+03,6.056198730468750000e+02,9.002534747123718262e-01,1.123596923828125000e+03,6.267119140625000000e+02,8.574351668357849121e-01,1.099868408203125000e+03,6.240753784179687500e+02,8.581330180168151855e-01,1.130188232421875000e+03,6.478039550781250000e+02,8.542919158935546875e-01,1.093277099609375000e+03,6.464857177734375000e+02,8.527064919471740723e-01,1.135461181640625000e+03,6.675777587890625000e+02,8.451761603355407715e-01,1.091958862304687500e+03,6.675777587890625000e+02,8.571453690528869629e-01,1.119642211914062500e+03,6.649412231445312500e+02,8.647500872611999512e-01,1.105141357421875000e+03,6.649412231445312500e+02,8.306364417076110840e-01,1.119642211914062500e+03,6.952610473632812500e+02,6.798850297927856445e-01,1.115687377929687500e+03,6.939428100585937500e+02,8.932816386222839355e-01,1.097231933593750000e+03,7.137165527343750000e+02,8.351424932479858398e-01,1.117005615234375000e+03,7.268991088867187500e+02,9.044127464294433594e-01,1.118323974609375000e+03,5.963920898437500000e+02,8.739117980003356934e-01,1.113050903320312500e+03,6.174841308593750000e+02,9.045028686523437500e-01,1.113050903320312500e+03,6.636229858398437500e+02,9.313315153121948242e-01,1.097231933593750000e+03,7.295355834960937500e+02,9.367985725402832031e-01,1.123596923828125000e+03,7.334903564453125000e+02,9.036221504211425781e-01,1.098550170898437500e+03,7.282173461914062500e+02,9.034575819969177246e-01,1.119642211914062500e+03,7.348085937500000000e+02,8.221082687377929688e-01,1.093277099609375000e+03,7.137165527343750000e+02,8.467226028442382812e-01,1.115687377929687500e+03,7.321721191406250000e+02,7.230651974678039551e-01,1.093967551190972699e+03,5.904882356233134715e+02,4.762924173115129634e+01,1.392780711207691411e+02,0.000000000000000000e+00
5.280000000000000000e+04,1.930000000000000000e+02,7.852000000000000000e+03,3.800000000000000000e+01,1.118135864257812500e+03,6.091379394531250000e+02,8.891832828521728516e-01,1.119621948242187500e+03,6.046799316406250000e+02,9.243690967559814453e-01,1.115163940429687500e+03,6.046799316406250000e+02,8.910609483718872070e-01,1.119621948242187500e+03,6.076519775390625000e+02,7.486550807952880859e-01,1.107733886718750000e+03,6.046799316406250000e+02,9.008172154426574707e-01,1.121107910156250000e+03,6.239980468750000000e+02,9.276854395866394043e-01,1.095845825195312500e+03,6.225120239257812500e+02,8.671019673347473145e-01,1.127052001953125000e+03,6.448021240234375000e+02,9.004379510879516602e-01,1.091387817382812500e+03,6.448021240234375000e+02,8.526370525360107422e-01,1.131510009765625000e+03,6.626342163085937500e+02,8.208528757095336914e-01,1.089901733398437500e+03,6.670922851562500000e+02,8.990984559059143066e-01,1.118135864257812500e+03,6.641202392578125000e+02,8.424812555313110352e-01,1.103275878906250000e+03,6.641202392578125000e+02,8.927532434463500977e-01,1.113677856445312500e+03,6.953264160156250000e+02,8.105825781822204590e-01,1.112191894531250000e+03,6.938403930664062500e+02,8.534092903137207031e-01,1.097331787109375000e+03,7.131585083007812500e+02,8.690394759178161621e-01,1.112191894531250000e+03,7.280185546875000000e+02,8.532297015190124512e-01,1.115163940429687500e+03,5.957639160156250000e+02,9.090952873229980469e-01,1.110705810546875000e+03,6.150819702148437500e+02,9.273189306259155273e-01,1.110705810546875000e+03,6.641202392578125000e+02,9.372612833976745605e-01,1.097331787109375000e+03,7.295045776367187500e+02,8.895553350448608398e-01,1.119621948242187500e+03,7.339625854492187500e+02,8.727227449417114258e-01,1.100303833007812500e+03,7.280185546875000000e+02,9.313605427742004395e-01,1.116649902343750000e+03,7.354486083984375000e+02,9.038600921630859375e-01,1.092873779296875000e+03,7.116724853515625000e+02,8.337998390197753906e-01,1.109219848632812500e+03,7.339625854492187500e+02,7.940894365310668945e-01,1.083782459422683132e+03,5.858889311923389869e+02,4.714587766198496865e+01,1.517610069802379940e+02,0.000000000000000000e+00
5.280100000000000000e+04,1.930000000000000000e+02,7.852000000000000000e+03,3.900000000000000000e+01,1.115073730468750000e+03,6.067452392578125000e+02,8.772773146629333496e-01,1.116619018554687500e+03,6.036546630859375000e+02,9.097472429275512695e-01,1.113528442382812500e+03,6.021093750000000000e+02,8.655683398246765137e-01,1.116619018554687500e+03,6.051999511718750000e+02,7.253347039222717285e-01,1.104256591796875000e+03,6.036546630859375000e+02,8.687740564346313477e-01,1.119709594726562500e+03,6.221982421875000000e+02,9.179160594940185547e-01,1.093439575195312500e+03,6.221982421875000000e+02,8.673276305198669434e-01,1.125890747070312500e+03,6.422870483398437500e+02,8.890199661254882812e-01,1.088803710937500000e+03,6.453776855468750000e+02,9.095537662506103516e-01,1.128981323242187500e+03,6.592853393554687500e+02,8.851925134658813477e-01,1.090348999023437500e+03,6.654664916992187500e+02,9.001110792160034180e-01,1.116619018554687500e+03,6.623759155273437500e+02,8.738977909088134766e-01,1.101166015625000000e+03,6.639212036132812500e+02,9.074084162712097168e-01,1.116619018554687500e+03,6.963724365234375000e+02,7.876656055450439453e-01,1.107347290039062500e+03,6.932817993164062500e+02,7.984331250190734863e-01,1.096530151367187500e+03,7.118253784179687500e+02,8.694019317626953125e-01,1.107347290039062500e+03,7.288236083984375000e+02,8.844385147094726562e-01,1.111983154296875000e+03,5.928375854492187500e+02,9.087327718734741211e-01,1.107347290039062500e+03,6.144717407226562500e+02,9.312341809272766113e-01,1.108892578125000000e+03,6.623759155273437500e+02,9.152150750160217285e-01,1.098075439453125000e+03,7.272783203125000000e+02,9.226832389831542969e-01,1.115073730468750000e+03,7.350048217773437500e+02,8.982949852943420410e-01,1.099620727539062500e+03,7.257330322265625000e+02,9.556058049201965332e-01,1.110437866210937500e+03,7.350048217773437500e+02,9.088622331619262695e-01,1.091894287109375000e+03,7.102800903320312500e+02,8.292849659919738770e-01,1.105802001953125000e+03,7.334595336914062500e+02,8.287353515625000000e-01,1.081158033820423270e+03,5.844895093758684652e+02,4.781461208354085102e+01,1.565386645755427253e+02,0.000000000000000000e+00
5.280200000000000000e+04,1.930000000000000000e+02,7.852000000000000000e+03,4.000000000000000000e+01,1.114368041992187500e+03,6.044663085937500000e+02,8.697577118873596191e-01,1.114368041992187500e+03,6.011567382812500000e+02,9.108582139015197754e-01,1.109403686523437500e+03,6.011567382812500000e+02,8.723129034042358398e-01,1.116022827148437500e+03,6.028115234375000000e+02,7.814691662788391113e-01,1.101129760742187500e+03,6.028115234375000000e+02,8.729718923568725586e-01,1.116022827148437500e+03,6.193594360351562500e+02,9.051545858383178711e-01,1.092855834960937500e+03,6.210142211914062500e+02,8.678533434867858887e-01,1.122641967773437500e+03,6.392169189453125000e+02,8.664323687553405762e-01,1.087891479492187500e+03,6.408717041015625000e+02,8.915469646453857422e-01,1.125951660156250000e+03,6.557648315429687500e+02,8.582315444946289062e-01,1.087891479492187500e+03,6.590744018554687500e+02,8.720163702964782715e-01,1.112713256835937500e+03,6.607291870117187500e+02,8.635636568069458008e-01,1.099474975585937500e+03,6.607291870117187500e+02,8.843584656715393066e-01,1.114368041992187500e+03,6.938250122070312500e+02,7.534150481224060059e-01,1.104439331054687500e+03,6.921702270507812500e+02,9.370284080505371094e-01,1.099474975585937500e+03,7.153372802734375000e+02,7.604166269302368164e-01,1.102784545898437500e+03,7.252659912109375000e+02,8.840972185134887695e-01,1.107748901367187500e+03,5.912279663085937500e+02,9.164050817489624023e-01,1.106094116210937500e+03,6.127402954101562500e+02,9.284123778343200684e-01,1.106094116210937500e+03,6.590744018554687500e+02,9.202339053153991699e-01,1.106094116210937500e+03,7.269207763671875000e+02,6.320590376853942871e-01,1.111058471679687500e+03,7.335399780273437500e+02,8.834704756736755371e-01,1.106094116210937500e+03,7.252659912109375000e+02,6.450328230857849121e-01,1.106094116210937500e+03,7.335399780273437500e+02,8.823398947715759277e-01,1.092855834960937500e+03,7.153372802734375000e+02,6.925877928733825684e-01,1.099474975585937500e+03,7.302303466796875000e+02,8.854320049285888672e-01,1.079826456140748633e+03,5.793668321840793851e+02,4.912070501092352970e+01,1.655048873216364882e+02,0.000000000000000000e+00
5.280300000000000000e+04,1.930000000000000000e+02,7.863000000000000000e+03,4.100000000000000000e+01,1.112593139648437500e+03,6.017742919921875000e+02,8.988721370697021484e-01,1.114056030273437500e+03,5.988486328125000000e+02,8.786422610282897949e-01,1.109667602539062500e+03,5.988486328125000000e+02,8.938736915588378906e-01,1.114056030273437500e+03,6.003114624023437500e+02,7.808494567871093750e-01,1.100890625000000000e+03,6.003114624023437500e+02,8.587985634803771973e-01,1.115518798828125000e+03,6.164024658203125000e+02,8.768777847290039062e-01,1.093576538085937500e+03,6.164024658203125000e+02,8.602476716041564941e-01,1.121370117187500000e+03,6.383447265625000000e+02,8.690788149833679199e-01,1.089188110351562500e+03,6.398075561523437500e+02,8.379883766174316406e-01,1.124295776367187500e+03,6.558985595703125000e+02,8.144372701644897461e-01,1.089188110351562500e+03,6.602870483398437500e+02,8.445893526077270508e-01,1.114056030273437500e+03,6.588242187500000000e+02,8.205280900001525879e-01,1.100890625000000000e+03,6.588242187500000000e+02,8.230497837066650391e-01,1.116981689453125000e+03,6.910062255859375000e+02,8.442797660827636719e-01,1.100890625000000000e+03,6.910062255859375000e+02,8.090273737907409668e-01,1.100890625000000000e+03,7.114857177734375000e+02,6.282392740249633789e-01,1.099427856445312500e+03,7.246511230468750000e+02,9.333600997924804688e-01,1.106741943359375000e+03,5.900717163085937500e+02,8.349891304969787598e-01,1.105279052734375000e+03,6.090883789062500000e+02,9.061820507049560547e-01,1.106741943359375000e+03,6.573613891601562500e+02,8.768046498298645020e-01,1.106741943359375000e+03,7.246511230468750000e+02,6.130555868148803711e-01,1.106741943359375000e+03,7.305023803710937500e+02,9.332116246223449707e-01,1.106741943359375000e+03,7.217254638671875000e+02,6.153502464294433594e-01,1.102353393554687500e+03,7.319652099609375000e+02,9.106160402297973633e-01,1.099427856445312500e+03,7.100228881835937500e+02,4.806036651134490967e-01,1.096502197265625000e+03,7.290395507812500000e+02,8.609371185302734375e-01,1.082361203002796174e+03,5.818139592241702758e+02,5.002981281678557934e+01,1.472096787507630324e+02,0.000000000000000000e+00
5.280400000000000000e+04,1.930000000000000000e+02,7.852000000000000000e+03,4.200000000000000000e+01,1.110861938476562500e+03,5.994252929687500000e+02,8.998481631278991699e-01,1.112506958007812500e+03,5.961353149414062500e+02,9.302850961685180664e-01,1.109217041015625000e+03,5.961353149414062500e+02,9.031575918197631836e-01,1.112506958007812500e+03,5.977803344726562500e+02,7.655810117721557617e-01,1.100991943359375000e+03,5.961353149414062500e+02,8.836274743080139160e-01,1.114151977539062500e+03,6.125853271484375000e+02,9.179657101631164551e-01,1.091121948242187500e+03,6.125853271484375000e+02,8.973585367202758789e-01,1.117442016601562500e+03,6.356154174804687500e+02,9.161753654479980469e-01,1.086186889648437500e+03,6.356154174804687500e+02,8.647660613059997559e-01,1.122377075195312500e+03,6.537104492187500000e+02,8.955458998680114746e-01,1.087831909179687500e+03,6.553554687500000000e+02,8.250903487205505371e-01,1.112506958007812500e+03,6.570004882812500000e+02,8.710434436798095703e-01,1.097701904296875000e+03,6.586454467773437500e+02,8.942830562591552734e-01,1.117442016601562500e+03,6.882555541992187500e+02,9.196761846542358398e-01,1.097701904296875000e+03,6.882555541992187500e+02,8.761935234069824219e-01,1.104281982421875000e+03,7.178656005859375000e+02,8.893266916275024414e-01,1.096057006835937500e+03,7.244456176757812500e+02,8.665872812271118164e-01,1.107572021484375000e+03,5.862652587890625000e+02,9.009565114974975586e-01,1.104281982421875000e+03,6.060053100585937500e+02,9.307807683944702148e-01,1.104281982421875000e+03,6.570004882812500000e+02,9.040287137031555176e-01,1.110861938476562500e+03,7.293806762695312500e+02,9.044631123542785645e-01,1.105927001953125000e+03,7.310256347656250000e+02,8.239917755126953125e-01,1.110861938476562500e+03,7.260906372070312500e+02,9.101508855819702148e-01,1.102636962890625000e+03,7.326706542968750000e+02,8.215854763984680176e-01,1.100991943359375000e+03,7.211556396484375000e+02,7.523668408393859863e-01,1.092766967773437500e+03,7.293806762695312500e+02,9.228779673576354980e-01,1.078018422122433321e+03,5.723252323711951703e+02,4.929103626524397441e+01,1.683595543222709239e+02,0.000000000000000000e+00
5.280500000000000000e+04,1.930000000000000000e+02,7.852000000000000000e+03,4.300000000000000000e+01,1.109855834960937500e+03,5.974263305664062500e+02,9.037162661552429199e-01,1.111469726562500000e+03,5.941986083984375000e+02,9.291075468063354492e-01,1.106628051757812500e+03,5.925847167968750000e+02,9.031121730804443359e-01,1.111469726562500000e+03,5.941986083984375000e+02,8.026916384696960449e-01,1.098558715820312500e+03,5.925847167968750000e+02,9.276612997055053711e-01,1.113083618164062500e+03,6.119512329101562500e+02,9.152973294258117676e-01,1.088875488281250000e+03,6.135651245117187500e+02,9.035524129867553711e-01,1.117925170898437500e+03,6.329316406250000000e+02,9.006252288818359375e-01,1.085647705078125000e+03,6.361593627929687500e+02,8.682307004928588867e-01,1.121152954101562500e+03,6.506842651367187500e+02,8.940718770027160645e-01,1.088875488281250000e+03,6.539120483398437500e+02,8.581331372261047363e-01,1.111469726562500000e+03,6.555258789062500000e+02,8.667746186256408691e-01,1.095330932617187500e+03,6.555258789062500000e+02,8.219969868659973145e-01,1.116311401367187500e+03,6.878034057617187500e+02,9.272343516349792480e-01,1.093717041015625000e+03,6.861895751953125000e+02,8.656874299049377441e-01,1.106628051757812500e+03,7.184671020507812500e+02,9.307851791381835938e-01,1.088875488281250000e+03,7.216948242187500000e+02,8.514472246170043945e-01,1.106628051757812500e+03,5.829014892578125000e+02,9.091811776161193848e-01,1.103400390625000000e+03,6.038818359375000000e+02,9.032895565032958984e-01,1.103400390625000000e+03,6.539120483398437500e+02,9.274113774299621582e-01,1.114697509765625000e+03,7.281503295898437500e+02,9.030103087425231934e-01,1.100172607421875000e+03,7.297642211914062500e+02,8.792259693145751953e-01,1.117925170898437500e+03,7.265364379882812500e+02,9.271740317344665527e-01,1.093717041015625000e+03,7.297642211914062500e+02,8.496071696281433105e-01,1.101786499023437500e+03,7.233087158203125000e+02,8.603178858757019043e-01,1.087261596679687500e+03,7.265364379882812500e+02,8.701281547546386719e-01,1.078534286126212010e+03,5.699404321178247983e+02,4.903935903417118425e+01,1.663057085054285835e+02,0.000000000000000000e+00
5.280600000000000000e+04,1.930000000000000000e+02,7.852000000000000000e+03,4.400000000000000000e+01,1.107923095703125000e+03,5.945070800781250000e+02,9.319992661476135254e-01,1.109603393554687500e+03,5.911466064453125000e+02,9.338264465332031250e-01,1.104562622070312500e+03,5.911466064453125000e+02,9.262574315071105957e-01,1.109603393554687500e+03,5.928268432617187500e+02,7.744691371917724609e-01,1.096161376953125000e+03,5.928268432617187500e+02,9.314373731613159180e-01,1.112963867187500000e+03,6.113095703125000000e+02,9.437372684478759766e-01,1.084399658203125000e+03,6.113095703125000000e+02,8.921505808830261230e-01,1.116324340820312500e+03,6.348330688476562500e+02,9.580847024917602539e-01,1.082719360351562500e+03,6.365133666992187500e+02,8.863230943679809570e-01,1.121365112304687500e+03,6.533158569335937500e+02,8.930848836898803711e-01,1.087760131835937500e+03,6.533158569335937500e+02,8.254154324531555176e-01,1.107923095703125000e+03,6.566763305664062500e+02,8.887016177177429199e-01,1.091120605468750000e+03,6.566763305664062500e+02,8.391510248184204102e-01,1.114644165039062500e+03,6.886010742187500000e+02,9.320622086524963379e-01,1.089440307617187500e+03,6.902813110351562500e+02,9.193049073219299316e-01,1.111283569335937500e+03,7.188455810546875000e+02,9.168203473091125488e-01,1.086079833984375000e+03,7.238862915039062500e+02,9.100432395935058594e-01,1.104562622070312500e+03,5.810651245117187500e+02,9.366838932037353516e-01,1.101202148437500000e+03,6.029083251953125000e+02,8.797456622123718262e-01,1.099521850585937500e+03,6.549960937500000000e+02,9.395797252655029297e-01,1.123045410156250000e+03,7.272468261718750000e+02,9.001839160919189453e-01,1.096161376953125000e+03,7.289270629882812500e+02,8.526477813720703125e-01,1.123045410156250000e+03,7.255665893554687500e+02,9.310796260833740234e-01,1.092800903320312500e+03,7.306072998046875000e+02,8.904495835304260254e-01,1.106242919921875000e+03,7.255665893554687500e+02,9.137710332870483398e-01,1.084399658203125000e+03,7.272468261718750000e+02,8.726053833961486816e-01,1.076891599145160853e+03,5.674970933621566473e+02,4.982768860146302359e+01,1.700357503181479615e+02,0.000000000000000000e+00
5.280700000000000000e+04,1.930000000000000000e+02,7.852000000000000000e+03,4.500000000000000000e+01,1.107735595703125000e+03,5.944168701171875000e+02,9.386806488037109375e-01,1.109330932617187500e+03,5.912261962890625000e+02,9.331492185592651367e-01,1.104544921875000000e+03,5.896308593750000000e+02,9.102138280868530273e-01,1.112521606445312500e+03,5.928215332031250000e+02,8.350107073783874512e-01,1.094973022460937500e+03,5.896308593750000000e+02,9.118168950080871582e-01,1.110926269531250000e+03,6.119655151367187500e+02,8.969860672950744629e-01,1.085401000976562500e+03,6.119655151367187500e+02,9.070063233375549316e-01,1.114116943359375000e+03,6.358955078125000000e+02,9.069573283195495605e-01,1.082210327148437500e+03,6.358955078125000000e+02,8.971685767173767090e-01,1.118902954101562500e+03,6.550394897460937500e+02,9.042719602584838867e-01,1.088591674804687500e+03,6.534441528320312500e+02,8.868876695632934570e-01,1.106140258789062500e+03,6.550394897460937500e+02,8.437995910644531250e-01,1.086996337890625000e+03,6.550394897460937500e+02,8.083019852638244629e-01,1.112521606445312500e+03,6.869461059570312500e+02,9.074132442474365234e-01,1.085401000976562500e+03,6.869461059570312500e+02,8.677247166633605957e-01,1.115712280273437500e+03,7.204480590820312500e+02,9.100601673126220703e-01,1.082210327148437500e+03,7.220433959960937500e+02,9.076560139656066895e-01,1.106140258789062500e+03,5.800588989257812500e+02,8.829222917556762695e-01,1.099759033203125000e+03,6.039888305664062500e+02,9.343259334564208984e-01,1.096568359375000000e+03,6.550394897460937500e+02,9.499260187149047852e-01,1.128474975585937500e+03,7.252340698242187500e+02,8.950731754302978516e-01,1.093377685546875000e+03,7.300200805664062500e+02,8.745473027229309082e-01,1.128474975585937500e+03,7.236387329101562500e+02,9.118917584419250488e-01,1.090187011718750000e+03,7.316154174804687500e+02,9.173505306243896484e-01,1.112521606445312500e+03,7.268294067382812500e+02,8.835477828979492188e-01,1.079019653320312500e+03,7.284247436523437500e+02,9.205119013786315918e-01,1.078111408724039848e+03,5.685009335805618775e+02,4.875075101470542904e+01,1.657678448457772902e+02,0.000000000000000000e+00
5.280800000000000000e+04,1.930000000000000000e+02,7.865000000000000000e+03,4.600000000000000000e+01,1.107111572265625000e+03,5.945680541992187500e+02,9.243671298027038574e-01,1.108618164062500000e+03,5.915547485351562500e+02,9.231861829757690430e-01,1.102591552734375000e+03,5.915547485351562500e+02,9.290671944618225098e-01,1.108618164062500000e+03,5.930614013671875000e+02,7.537829279899597168e-01,1.093551757812500000e+03,5.930614013671875000e+02,9.075137972831726074e-01,1.111631469726562500e+03,6.111411132812500000e+02,9.030259251594543457e-01,1.084511840820312500e+03,6.111411132812500000e+02,8.818166255950927734e-01,1.113138061523437500e+03,6.352474365234375000e+02,8.898129463195800781e-01,1.081498657226562500e+03,6.352474365234375000e+02,8.660351037979125977e-01,1.117658081054687500e+03,6.548337402343750000e+02,8.421615362167358398e-01,1.090538452148437500e+03,6.533271484375000000e+02,8.841684460639953613e-01,1.105604858398437500e+03,6.533271484375000000e+02,8.190487027168273926e-01,1.086018554687500000e+03,6.533271484375000000e+02,8.459784388542175293e-01,1.110124877929687500e+03,6.849666137695312500e+02,8.427703976631164551e-01,1.083005249023437500e+03,6.864732666015625000e+02,8.649702668190002441e-01,1.117658081054687500e+03,7.196193847656250000e+02,8.513835072517395020e-01,1.076978637695312500e+03,7.226326904296875000e+02,8.571884632110595703e-01,1.102591552734375000e+03,5.810083007812500000e+02,9.036167860031127930e-01,1.099578369140625000e+03,6.036079101562500000e+02,9.133169651031494141e-01,1.095058349609375000e+03,6.518204956054687500e+02,8.958486318588256836e-01,1.131217773437500000e+03,7.211260375976562500e+02,8.501129746437072754e-01,1.089031860351562500e+03,7.286592407226562500e+02,8.604164123535156250e-01,1.129711181640625000e+03,7.196193847656250000e+02,8.981888294219970703e-01,1.084511840820312500e+03,7.301658935546875000e+02,8.945037722587585449e-01,1.116151367187500000e+03,7.271525878906250000e+02,8.709924817085266113e-01,1.073965454101562500e+03,7.286592407226562500e+02,8.525054454803466797e-01,1.074035841193486704e+03,5.739249002413854441e+02,4.909253717127899108e+01,1.580986070077962040e+02,0.000000000000000000e+00
5.280900000000000000e+04,1.930000000000000000e+02,7.852000000000000000e+03,4.700000000000000000e+01,1.105861450195312500e+03,5.958767089843750000e+02,9.632518887519836426e-01,1.107378417968750000e+03,5.928426513671875000e+02,9.488565921783447266e-01,1.101310302734375000e+03,5.928426513671875000e+02,9.564480781555175781e-01,1.108895385742187500e+03,5.943596801757812500e+02,7.619181871414184570e-01,1.093725219726562500e+03,5.928426513671875000e+02,9.219535589218139648e-01,1.108895385742187500e+03,6.125639648437500000e+02,9.297274947166442871e-01,1.083106079101562500e+03,6.110469360351562500e+02,9.064358472824096680e-01,1.111929443359375000e+03,6.353193359375000000e+02,9.062097668647766113e-01,1.080072021484375000e+03,6.368363647460937500e+02,8.859812617301940918e-01,1.114963500976562500e+03,6.550406494140625000e+02,8.500178456306457520e-01,1.087657104492187500e+03,6.520066528320312500e+02,9.085323810577392578e-01,1.102827392578125000e+03,6.550406494140625000e+02,8.191264271736145020e-01,1.086140014648437500e+03,6.550406494140625000e+02,8.331941962242126465e-01,1.108895385742187500e+03,6.868981933593750000e+02,8.647191524505615234e-01,1.078554931640625000e+03,6.868981933593750000e+02,8.525862097740173340e-01,1.117997558593750000e+03,7.187557373046875000e+02,9.002422690391540527e-01,1.072486816406250000e+03,7.217897949218750000e+02,8.848937749862670898e-01,1.102827392578125000e+03,5.822234497070312500e+02,9.240676760673522949e-01,1.098276245117187500e+03,6.049788818359375000e+02,8.864331245422363281e-01,1.095242187500000000e+03,6.535236816406250000e+02,9.481697082519531250e-01,1.131650878906250000e+03,7.202727661132812500e+02,8.301087617874145508e-01,1.083106079101562500e+03,7.293748779296875000e+02,8.531187176704406738e-01,1.131650878906250000e+03,7.202727661132812500e+02,8.628048896789550781e-01,1.080072021484375000e+03,7.308919067382812500e+02,8.785887360572814941e-01,1.116480590820312500e+03,7.293748779296875000e+02,8.496652245521545410e-01,1.069452758789062500e+03,7.278578491210937500e+02,8.984633088111877441e-01,1.070826981738775658e+03,5.757700511829447123e+02,5.093644115269376016e+01,1.559318332729844769e+02,0.000000000000000000e+00
5.281000000000000000e+04,1.930000000000000000e+02,7.852000000000000000e+03,4.800000000000000000e+01,1.104253295898437500e+03,5.969672241210937500e+02,9.062377214431762695e-01,1.105803955078125000e+03,5.938660888671875000e+02,9.257063865661621094e-01,1.099601562500000000e+03,5.938660888671875000e+02,9.186800122261047363e-01,1.105803955078125000e+03,5.954166870117187500e+02,7.319905161857604980e-01,1.091848632812500000e+03,5.954166870117187500e+02,9.299288392066955566e-01,1.108905151367187500e+03,6.140237426757812500e+02,9.359251260757446289e-01,1.080994506835937500e+03,6.140237426757812500e+02,8.838023543357849121e-01,1.110455688476562500e+03,6.372825927734375000e+02,9.079388976097106934e-01,1.077893310546875000e+03,6.372825927734375000e+02,9.204186797142028809e-01,1.115107421875000000e+03,6.589908447265625000e+02,8.934997320175170898e-01,1.087196899414062500e+03,6.527885131835937500e+02,9.053347110748291016e-01,1.102702758789062500e+03,6.605414428710937500e+02,8.624271154403686523e-01,1.085646240234375000e+03,6.589908447265625000e+02,8.533075451850891113e-01,1.110455688476562500e+03,6.915532836914062500e+02,9.151926636695861816e-01,1.076342773437500000e+03,6.915532836914062500e+02,8.485940098762512207e-01,1.115107421875000000e+03,7.225650634765625000e+02,9.195929169654846191e-01,1.068589721679687500e+03,7.241156616210937500e+02,9.141297340393066406e-01,1.099601562500000000e+03,5.845625000000000000e+02,9.179641008377075195e-01,1.096500366210937500e+03,6.062708129882812500e+02,9.455036520957946777e-01,1.094949829101562500e+03,6.589908447265625000e+02,9.471626281738281250e-01,1.129062744140625000e+03,7.241156616210937500e+02,8.571945428848266602e-01,1.074792114257812500e+03,7.303180541992187500e+02,8.854142427444458008e-01,1.127512207031250000e+03,7.241156616210937500e+02,8.914525508880615234e-01,1.071690917968750000e+03,7.303180541992187500e+02,9.104114174842834473e-01,1.113556884765625000e+03,7.303180541992187500e+02,8.581237792968750000e-01,1.065488525390625000e+03,7.272168579101562500e+02,8.742058873176574707e-01,1.068630588542062469e+03,5.779141739932828159e+02,5.340339025989510446e+01,1.574684866148587616e+02,0.000000000000000000e+00
5.281100000000000000e+04,1.930000000000000000e+02,7.852000000000000000e+03,4.900000000000000000e+01,1.104423950195312500e+03,5.981245117187500000e+02,9.223750829696655273e-01,1.105988525390625000e+03,5.949952392578125000e+02,9.345021843910217285e-01,1.101294677734375000e+03,5.949952392578125000e+02,9.343094229698181152e-01,1.105988525390625000e+03,5.965598144531250000e+02,6.969890594482421875e-01,1.091906860351562500e+03,5.949952392578125000e+02,9.049161076545715332e-01,1.105988525390625000e+03,6.153354492187500000e+02,9.204612970352172852e-01,1.079389770507812500e+03,6.153354492187500000e+02,8.775320053100585938e-01,1.109117797851562500e+03,6.388050537109375000e+02,9.145784378051757812e-01,1.074695800781250000e+03,6.372403564453125000e+02,8.781954646110534668e-01,1.115376342773437500e+03,6.591452636718750000e+02,8.602635264396667480e-01,1.084083618164062500e+03,6.544514160156250000e+02,9.242371320724487305e-01,1.102859252929687500e+03,6.607099609375000000e+02,8.678578734397888184e-01,1.084083618164062500e+03,6.607099609375000000e+02,8.533260226249694824e-01,1.109117797851562500e+03,6.920026855468750000e+02,8.800521492958068848e-01,1.076260498046875000e+03,6.904379882812500000e+02,8.519983291625976562e-01,1.110682495117187500e+03,7.264246826171875000e+02,8.962393403053283691e-01,1.063743408203125000e+03,7.232954101562500000e+02,8.995577692985534668e-01,1.101294677734375000e+03,5.840427246093750000e+02,9.365606904029846191e-01,1.095036132812500000e+03,6.059476318359375000e+02,9.362004399299621582e-01,1.093471435546875000e+03,6.591452636718750000e+02,9.562248587608337402e-01,1.124764160156250000e+03,7.311185302734375000e+02,8.822948932647705078e-01,1.071566528320312500e+03,7.326832275390625000e+02,9.114923477172851562e-01,1.124764160156250000e+03,7.295539550781250000e+02,8.729647397994995117e-01,1.066872680664062500e+03,7.326832275390625000e+02,9.294062852859497070e-01,1.109117797851562500e+03,7.326832275390625000e+02,8.875612020492553711e-01,1.060614135742187500e+03,7.279892578125000000e+02,8.814439773559570312e-01,1.064085078696947448e+03,5.793507398627159546e+02,5.580111032383047132e+01,1.590180621611006018e+02,0.000000000000000000e+00
5.281200000000000000e+04,1.930000000000000000e+02,7.866000000000000000e+03,5.000000000000000000e+01,1.104136352539062500e+03,5.997049560546875000e+02,9.244183301925659180e-01,1.105749267578125000e+03,5.948664550781250000e+02,9.304084777832031250e-01,1.100910644531250000e+03,5.948664550781250000e+02,9.283502101898193359e-01,1.092846557617187500e+03,5.964793090820312500e+02,5.231263041496276855e-01,1.089620849609375000e+03,5.964793090820312500e+02,8.979095816612243652e-01,1.104136352539062500e+03,6.158333129882812500e+02,9.310425519943237305e-01,1.078331054687500000e+03,6.158333129882812500e+02,9.088392853736877441e-01,1.107362060546875000e+03,6.400258178710937500e+02,9.012162685394287109e-01,1.073492553710937500e+03,6.384129638671875000e+02,9.052595496177673340e-01,1.112200561523437500e+03,6.593798217773437500e+02,8.633738756179809570e-01,1.081556640625000000e+03,6.561541748046875000e+02,9.083141684532165527e-01,1.100910644531250000e+03,6.626054687500000000e+02,8.739116191864013672e-01,1.083169555664062500e+03,6.626054687500000000e+02,8.550111055374145508e-01,1.110587646484375000e+03,6.948621826171875000e+02,8.622069358825683594e-01,1.076718261718750000e+03,6.916364746093750000e+02,8.447371721267700195e-01,1.108974853515625000e+03,7.287316894531250000e+02,9.370538592338562012e-01,1.060589843750000000e+03,7.238931884765625000e+02,8.689681887626647949e-01,1.097685058593750000e+03,5.835766601562500000e+02,9.019559621810913086e-01,1.092846557617187500e+03,6.077691650390625000e+02,9.416252374649047852e-01,1.091233642578125000e+03,6.626054687500000000e+02,9.600961208343505859e-01,1.120264648437500000e+03,7.351829833984375000e+02,9.073274731636047363e-01,1.063815551757812500e+03,7.335701904296875000e+02,8.568691611289978027e-01,1.120264648437500000e+03,7.319573364257812500e+02,9.200635552406311035e-01,1.058977050781250000e+03,7.335701904296875000e+02,9.352586865425109863e-01,1.104136352539062500e+03,7.335701904296875000e+02,9.130546450614929199e-01,1.058977050781250000e+03,7.255059814453125000e+02,8.333779573440551758e-01,1.059915797167395567e+03,5.794782501071323395e+02,5.869412945260569359e+01,1.628868006775005597e+02,0.000000000000000000e+00
5.281300000000000000e+04,1.930000000000000000e+02,7.852000000000000000e+03,5.100000000000000000e+01,1.102715454101562500e+03,5.986734619140625000e+02,9.453088641166687012e-01,1.104291625976562500e+03,5.955211181640625000e+02,9.450562596321105957e-01,1.099563110351562500e+03,5.955211181640625000e+02,9.335090517997741699e-01,1.102715454101562500e+03,5.986734619140625000e+02,5.054855942726135254e-01,1.088529785156250000e+03,5.970972900390625000e+02,8.900577425956726074e-01,1.104291625976562500e+03,6.175875854492187500e+02,8.776600360870361328e-01,1.077496582031250000e+03,6.160114135742187500e+02,8.719753623008728027e-01,1.107443969726562500e+03,6.412302856445312500e+02,8.438282012939453125e-01,1.071191772460937500e+03,6.396541137695312500e+02,8.774583339691162109e-01,1.110596313476562500e+03,6.617206420898437500e+02,9.021170735359191895e-01,1.079072753906250000e+03,6.569921264648437500e+02,8.915594816207885742e-01,1.101139282226562500e+03,6.632968139648437500e+02,8.330654501914978027e-01,1.082225097656250000e+03,6.617206420898437500e+02,8.421999812126159668e-01,1.107443969726562500e+03,6.948204345703125000e+02,7.730638980865478516e-01,1.080648925781250000e+03,6.932442016601562500e+02,9.381916522979736328e-01,1.104291625976562500e+03,7.294963378906250000e+02,9.132013320922851562e-01,1.061734741210937500e+03,7.153107299804687500e+02,8.314831852912902832e-01,1.097986816406250000e+03,5.829116821289062500e+02,9.043942093849182129e-01,1.091682128906250000e+03,6.081305541992187500e+02,9.462993144989013672e-01,1.091682128906250000e+03,6.617206420898437500e+02,8.867565393447875977e-01,1.115324829101562500e+03,7.373772583007812500e+02,8.694856762886047363e-01,1.060158569335937500e+03,7.310725097656250000e+02,9.175053238868713379e-01,1.115324829101562500e+03,7.358010864257812500e+02,8.664954304695129395e-01,1.055430053710937500e+03,7.294963378906250000e+02,8.876727223396301270e-01,1.101139282226562500e+03,7.342249145507812500e+02,9.011378884315490723e-01,1.058582397460937500e+03,7.137345581054687500e+02,8.473240137100219727e-01,1.056797871479061541e+03,5.812013694674654971e+02,5.952748386503299116e+01,1.618975669763653968e+02,0.000000000000000000e+00
5.281400000000000000e+04,1.930000000000000000e+02,7.868000000000000000e+03,5.200000000000000000e+01,1.101133789062500000e+03,6.002405395507812500e+02,9.333518147468566895e-01,1.104320922851562500e+03,5.954597778320312500e+02,9.619454145431518555e-01,1.097946533203125000e+03,5.954597778320312500e+02,9.471409320831298828e-01,1.104320922851562500e+03,5.970533447265625000e+02,5.993741750717163086e-01,1.086791503906250000e+03,5.938662109375000000e+02,8.705335855484008789e-01,1.104320922851562500e+03,6.177698974609375000e+02,8.930019736289978027e-01,1.077229980468750000e+03,6.161763305664062500e+02,8.695417046546936035e-01,1.105914428710937500e+03,6.432672119140625000e+02,8.433687686920166016e-01,1.070855712890625000e+03,6.416736450195312500e+02,8.738651871681213379e-01,1.110695190429687500e+03,6.639838256835937500e+02,8.633359670639038086e-01,1.077229980468750000e+03,6.607966308593750000e+02,8.680729866027832031e-01,1.099540161132812500e+03,6.639838256835937500e+02,8.421352505683898926e-01,1.082010742187500000e+03,6.639838256835937500e+02,8.056157827377319336e-01,1.104320922851562500e+03,6.990426025390625000e+02,8.321945667266845703e-01,1.080417114257812500e+03,6.942618408203125000e+02,9.315398931503295898e-01,1.099540161132812500e+03,7.309142456054687500e+02,8.786827325820922852e-01,1.061294189453125000e+03,7.165720214843750000e+02,8.455541729927062988e-01,1.097946533203125000e+03,5.811175537109375000e+02,9.331761598587036133e-01,1.089978637695312500e+03,6.082084350585937500e+02,9.401115179061889648e-01,1.089978637695312500e+03,6.639838256835937500e+02,9.243054389953613281e-01,1.110695190429687500e+03,7.388821411132812500e+02,8.599288463592529297e-01,1.061294189453125000e+03,7.309142456054687500e+02,9.133877754211425781e-01,1.110695190429687500e+03,7.372885742187500000e+02,8.977528810501098633e-01,1.058107055664062500e+03,7.293206787109375000e+02,9.487686157226562500e-01,1.094759399414062500e+03,7.356950073242187500e+02,9.108893871307373047e-01,1.058107055664062500e+03,7.133848266601562500e+02,8.906612992286682129e-01,1.054030858717521824e+03,5.816973470266763115e+02,6.082914590677773958e+01,1.626968326313988200e+02,0.000000000000000000e+00
5.281500000000000000e+04,1.930000000000000000e+02,7.852000000000000000e+03,5.300000000000000000e+01,1.101648315429687500e+03,5.987321777343750000e+02,9.432423710823059082e-01,1.103303344726562500e+03,5.954219970703125000e+02,9.463768601417541504e-01,1.098338256835937500e+03,5.937669677734375000e+02,9.481237530708312988e-01,1.101648315429687500e+03,5.970770874023437500e+02,4.146645665168762207e-01,1.085097656250000000e+03,5.921118774414062500e+02,8.838881254196166992e-01,1.103303344726562500e+03,6.169378662109375000e+02,9.090982079505920410e-01,1.075167236328125000e+03,6.152828369140625000e+02,8.768367171287536621e-01,1.104958496093750000e+03,6.434189453125000000e+02,8.764429688453674316e-01,1.068546997070312500e+03,6.417638549804687500e+02,8.814805150032043457e-01,1.109923706054687500e+03,6.649348144531250000e+02,9.030168652534484863e-01,1.073512207031250000e+03,6.599696044921875000e+02,8.535831570625305176e-01,1.098338256835937500e+03,6.632797241210937500e+02,8.806604743003845215e-01,1.080132446289062500e+03,6.632797241210937500e+02,9.123063087463378906e-01,1.099993286132812500e+03,6.996911621093750000e+02,8.902801275253295898e-01,1.081787597656250000e+03,6.963810424804687500e+02,9.155422449111938477e-01,1.095028076171875000e+03,7.327924804687500000e+02,9.225767254829406738e-01,1.063581787109375000e+03,7.162418212890625000e+02,8.730171918869018555e-01,1.096683105468750000e+03,5.805264282226562500e+02,8.954111337661743164e-01,1.088407836914062500e+03,6.086625366210937500e+02,9.034425020217895508e-01,1.088407836914062500e+03,6.632797241210937500e+02,9.189524650573730469e-01,1.106613525390625000e+03,7.394127807617187500e+02,9.147391319274902344e-01,1.065236938476562500e+03,7.327924804687500000e+02,9.287254810333251953e-01,1.106613525390625000e+03,7.377576904296875000e+02,9.252267479896545410e-01,1.060271728515625000e+03,7.327924804687500000e+02,8.590312004089355469e-01,1.090062866210937500e+03,7.377576904296875000e+02,9.172680377960205078e-01,1.060271728515625000e+03,7.145867919921875000e+02,8.788704872131347656e-01,1.052350426277917904e+03,5.760292715092994058e+02,6.256817100391913300e+01,1.671504936947111446e+02,0.000000000000000000e+00
5.281600000000000000e+04,1.930000000000000000e+02,7.852000000000000000e+03,5.400000000000000000e+01,1.100157836914062500e+03,5.980011596679687500e+02,9.079424738883972168e-01,1.101803955078125000e+03,5.947089233398437500e+02,9.487670660018920898e-01,1.096865600585937500e+03,5.930627441406250000e+02,9.049575328826904297e-01,1.086988769531250000e+03,5.914166259765625000e+02,4.492655694484710693e-01,1.085342651367187500e+03,5.914166259765625000e+02,9.335671663284301758e-01,1.100157836914062500e+03,6.161087036132812500e+02,9.430064558982849121e-01,1.072173461914062500e+03,6.128164672851562500e+02,8.613816499710083008e-01,1.103450195312500000e+03,6.408008422851562500e+02,8.724279999732971191e-01,1.067235107421875000e+03,6.375085449218750000e+02,8.541842103004455566e-01,1.106742431640625000e+03,6.622006835937500000e+02,8.966673016548156738e-01,1.070527343750000000e+03,6.605545654296875000e+02,8.381854891777038574e-01,1.095219482421875000e+03,6.605545654296875000e+02,8.491975665092468262e-01,1.077111938476562500e+03,6.605545654296875000e+02,8.564763069152832031e-01,1.096865600585937500e+03,6.967696533203125000e+02,8.561571836471557617e-01,1.082050292968750000e+03,6.951234741210937500e+02,9.322426319122314453e-01,1.090281005859375000e+03,7.329847412109375000e+02,8.997188210487365723e-01,1.065588867187500000e+03,7.181694946289062500e+02,8.570112586021423340e-01,1.095219482421875000e+03,5.798936157226562500e+02,8.926998972892761230e-01,1.086988769531250000e+03,6.045857543945312500e+02,9.061741828918457031e-01,1.086988769531250000e+03,6.605545654296875000e+02,9.106332063674926758e-01,1.101803955078125000e+03,7.412154541015625000e+02,8.989453315734863281e-01,1.067235107421875000e+03,7.346308593750000000e+02,9.188773632049560547e-01,1.101803955078125000e+03,7.395693359375000000e+02,8.913559913635253906e-01,1.063942749023437500e+03,7.346308593750000000e+02,9.016906619071960449e-01,1.085342651367187500e+03,7.379231567382812500e+02,8.774874210357666016e-01,1.060650512695312500e+03,7.181694946289062500e+02,8.845109939575195312e-01,1.052021332071858751e+03,5.745729287985611791e+02,6.305707226828985767e+01,1.682260140612322630e+02,0.000000000000000000e+00
5.281700000000000000e+04,1.930000000000000000e+02,7.852000000000000000e+03,5.500000000000000000e+01,1.098826904296875000e+03,5.963756713867187500e+02,9.212455749511718750e-01,1.100506835937500000e+03,5.930158081054687500e+02,9.626334309577941895e-01,1.093787109375000000e+03,5.913358764648437500e+02,9.281179904937744141e-01,1.100506835937500000e+03,5.963756713867187500e+02,5.875599980354309082e-01,1.082027587890625000e+03,5.913358764648437500e+02,8.718116283416748047e-01,1.098826904296875000e+03,6.148548583984375000e+02,9.152477383613586426e-01,1.070268066406250000e+03,6.114949951171875000e+02,8.725814223289489746e-01,1.102186767578125000e+03,6.400537719726562500e+02,8.582618832588195801e-01,1.061868530273437500e+03,6.366939086914062500e+02,8.604434728622436523e-01,1.105546630859375000e+03,6.618928222656250000e+02,8.781514763832092285e-01,1.063548461914062500e+03,6.585329589843750000e+02,8.736836314201354980e-01,1.093787109375000000e+03,6.602128906250000000e+02,8.571038246154785156e-01,1.075307861328125000e+03,6.602128906250000000e+02,8.222106099128723145e-01,1.092107177734375000e+03,6.954913330078125000e+02,8.689572811126708984e-01,1.083707519531250000e+03,6.921314697265625000e+02,8.595462441444396973e-01,1.085387451171875000e+03,7.324497070312500000e+02,6.713441610336303711e-01,1.068588134765625000e+03,7.190103149414062500e+02,7.441074848175048828e-01,1.093787109375000000e+03,5.795764160156250000e+02,8.992347121238708496e-01,1.085387451171875000e+03,6.047753295898437500e+02,9.132639169692993164e-01,1.083707519531250000e+03,6.602128906250000000e+02,9.409285783767700195e-01,1.097146972656250000e+03,7.408493652343750000e+02,8.801953792572021484e-01,1.071947998046875000e+03,7.358095703125000000e+02,9.181625247001647949e-01,1.097146972656250000e+03,7.391694335937500000e+02,8.666727542877197266e-01,1.066908203125000000e+03,7.358095703125000000e+02,8.791668415069580078e-01,1.080347656250000000e+03,7.391694335937500000e+02,7.967939376831054688e-01,1.063548461914062500e+03,7.206902465820312500e+02,8.395502567291259766e-01,1.052850755512559772e+03,5.715199817891198109e+02,6.372709301611553201e+01,1.708904176546832332e+02,0.000000000000000000e+00
5.281800000000000000e+04,1.930000000000000000e+02,7.852000000000000000e+03,5.600000000000000000e+01,1.095554931640625000e+03,5.952943115234375000e+02,9.244213104248046875e-01,1.097241699218750000e+03,5.919208374023437500e+02,9.470433592796325684e-01,1.092181518554687500e+03,5.902340698242187500e+02,9.280972480773925781e-01,1.097241699218750000e+03,5.936076049804687500e+02,6.356106400489807129e-01,1.082061035156250000e+03,5.902340698242187500e+02,9.376521110534667969e-01,1.097241699218750000e+03,6.138485717773437500e+02,9.245996475219726562e-01,1.068567016601562500e+03,6.104750976562500000e+02,8.759770393371582031e-01,1.100615234375000000e+03,6.391498413085937500e+02,8.935509324073791504e-01,1.060133178710937500e+03,6.374630737304687500e+02,7.401723861694335938e-01,1.103988769531250000e+03,6.593908081054687500e+02,8.783881068229675293e-01,1.063506713867187500e+03,6.610775756835937500e+02,8.108655810356140137e-01,1.088807983398437500e+03,6.593908081054687500e+02,8.483633399009704590e-01,1.071940429687500000e+03,6.593908081054687500e+02,8.464232087135314941e-01,1.087121215820312500e+03,6.948125610351562500e+02,7.827146649360656738e-01,1.083747680664062500e+03,6.931257934570312500e+02,8.918753266334533691e-01,1.075313964843750000e+03,7.234873046875000000e+02,7.807761430740356445e-01,1.078687500000000000e+03,7.302343139648437500e+02,8.867359757423400879e-01,1.092181518554687500e+03,5.784268188476562500e+02,9.242316484451293945e-01,1.083747680664062500e+03,6.037280883789062500e+02,9.104946851730346680e-01,1.080374267578125000e+03,6.577041015625000000e+02,9.448720216751098633e-01,1.090494750976562500e+03,7.352945556640625000e+02,7.257156372070312500e-01,1.092181518554687500e+03,7.386680908203125000e+02,8.889418840408325195e-01,1.088807983398437500e+03,7.336077880859375000e+02,7.262203097343444824e-01,1.087121215820312500e+03,7.403547973632812500e+02,8.989698290824890137e-01,1.068567016601562500e+03,7.268608398437500000e+02,6.780500411987304688e-01,1.073627197265625000e+03,7.369813232421875000e+02,7.818385958671569824e-01,1.054400621594461654e+03,5.695906053562424631e+02,6.389344216653103103e+01,1.723411151099094241e+02,0.000000000000000000e+00
5.281900000000000000e+04,1.930000000000000000e+02,7.852000000000000000e+03,5.700000000000000000e+01,1.094242309570312500e+03,5.923312377929687500e+02,9.164127707481384277e-01,1.095998168945312500e+03,5.888195190429687500e+02,9.348540306091308594e-01,1.090730590820312500e+03,5.888195190429687500e+02,9.215843677520751953e-01,1.095998168945312500e+03,5.923312377929687500e+02,6.441273093223571777e-01,1.080195556640625000e+03,5.888195190429687500e+02,9.312681555747985840e-01,1.095998168945312500e+03,6.116455078125000000e+02,9.328919649124145508e-01,1.066148803710937500e+03,6.081337890625000000e+02,8.942996263504028320e-01,1.099509887695312500e+03,6.379831542968750000e+02,9.353933930397033691e-01,1.057369628906250000e+03,6.344714355468750000e+02,8.461388945579528809e-01,1.103021484375000000e+03,6.608090820312500000e+02,8.925612568855285645e-01,1.059125488281250000e+03,6.590532226562500000e+02,8.863020539283752441e-01,1.088974853515625000e+03,6.590532226562500000e+02,8.852030634880065918e-01,1.071416381835937500e+03,6.590532226562500000e+02,8.844474554061889648e-01,1.099509887695312500e+03,6.959259643554687500e+02,5.570323467254638672e-01,1.081951416015625000e+03,6.924142456054687500e+02,9.296553730964660645e-01,1.074928100585937500e+03,7.310427856445312500e+02,9.464858770370483398e-01,1.074928100585937500e+03,7.327986450195312500e+02,9.261621236801147461e-01,1.090730590820312500e+03,5.782844848632812500e+02,9.421936869621276855e-01,1.081951416015625000e+03,6.011104125976562500e+02,9.263898134231567383e-01,1.080195556640625000e+03,6.572974243164062500e+02,9.404976367950439453e-01,1.087218994140625000e+03,7.380661621093750000e+02,8.878238797187805176e-01,1.088974853515625000e+03,7.398220214843750000e+02,8.288294672966003418e-01,1.087218994140625000e+03,7.380661621093750000e+02,8.988882303237915039e-01,1.085463134765625000e+03,7.398220214843750000e+02,8.607000112533569336e-01,1.069660522460937500e+03,7.363103027343750000e+02,8.618243932723999023e-01,1.071416381835937500e+03,7.380661621093750000e+02,9.279817342758178711e-01,1.050761081791866218e+03,5.662206292819055307e+02,6.580656574756335431e+01,1.774989150629195365e+02,0.000000000000000000e+00
5.282000000000000000e+04,1.930000000000000000e+02,7.870000000000000000e+03,5.800000000000000000e+01,1.092504638671875000e+03,5.917393798828125000e+02,9.346356391906738281e-01,1.094277099609375000e+03,5.881945800781250000e+02,9.792468547821044922e-01,1.088959838867187500e+03,5.881945800781250000e+02,9.163318872451782227e-01,1.092504638671875000e+03,5.917393798828125000e+02,5.667852759361267090e-01,1.076553100585937500e+03,5.864222412109375000e+02,9.232754111289978027e-01,1.094277099609375000e+03,6.094633789062500000e+02,9.469597935676574707e-01,1.062373901367187500e+03,6.076910400390625000e+02,9.073561429977416992e-01,1.097821899414062500e+03,6.360494384765625000e+02,9.290283918380737305e-01,1.053511840820312500e+03,6.342769775390625000e+02,8.760084509849548340e-01,1.101366699218750000e+03,6.608630371093750000e+02,9.125110507011413574e-01,1.053511840820312500e+03,6.590905761718750000e+02,8.914490342140197754e-01,1.087187500000000000e+03,6.573182373046875000e+02,8.930540680885314941e-01,1.069463500976562500e+03,6.573182373046875000e+02,8.789337277412414551e-01,1.080097900390625000e+03,6.927662353515625000e+02,7.719994783401489258e-01,1.078325439453125000e+03,6.892214355468750000e+02,8.326167464256286621e-01,1.067691040039062500e+03,7.282142333984375000e+02,8.371865153312683105e-01,1.080097900390625000e+03,7.282142333984375000e+02,8.940221071243286133e-01,1.088959838867187500e+03,5.757878417968750000e+02,9.097808003425598145e-01,1.080097900390625000e+03,6.006014404296875000e+02,9.171418547630310059e-01,1.078325439453125000e+03,6.573182373046875000e+02,9.586523771286010742e-01,1.074780639648437500e+03,7.370761718750000000e+02,7.445902228355407715e-01,1.088959838867187500e+03,7.370761718750000000e+02,8.587765097618103027e-01,1.076553100585937500e+03,7.370761718750000000e+02,7.593360543251037598e-01,1.083642700195312500e+03,7.370761718750000000e+02,9.423206448554992676e-01,1.062373901367187500e+03,7.353038330078125000e+02,8.350961804389953613e-01,1.078325439453125000e+03,7.370761718750000000e+02,7.168720960617065430e-01,1.046814415420929436e+03,5.655585247804826849e+02,6.703282929539841462e+01,1.805307620636083357e+02,0.000000000000000000e+00
5.282100000000000000e+04,1.930000000000000000e+02,7.869000000000000000e+03,5.900000000000000000e+01,1.089505249023437500e+03,5.903789672851562500e+02,9.679840803146362305e-01,1.091351196289062500e+03,5.866871337890625000e+02,9.910317659378051758e-01,1.085813476562500000e+03,5.866871337890625000e+02,9.500849843025207520e-01,1.091351196289062500e+03,5.903789672851562500e+02,6.802581548690795898e-01,1.074738159179687500e+03,5.848412475585937500e+02,9.190719723701477051e-01,1.091351196289062500e+03,6.088378906250000000e+02,9.389145970344543457e-01,1.059970947265625000e+03,6.069920043945312500e+02,8.624771833419799805e-01,1.096888916015625000e+03,6.346804809570312500e+02,9.142608642578125000e-01,1.050741455078125000e+03,6.346804809570312500e+02,8.839486837387084961e-01,1.098734741210937500e+03,6.586771240234375000e+02,9.653339385986328125e-01,1.050741455078125000e+03,6.605230102539062500e+02,8.949273228645324707e-01,1.083967651367187500e+03,6.586771240234375000e+02,8.555714488029479980e-01,1.065508666992187500e+03,6.586771240234375000e+02,8.967256546020507812e-01,1.072892211914062500e+03,6.919032592773437500e+02,8.230854868888854980e-01,1.076583984375000000e+03,6.900573730468750000e+02,7.857087850570678711e-01,1.063662719726562500e+03,7.269752807617187500e+02,7.965134978294372559e-01,1.082121704101562500e+03,7.232835083007812500e+02,7.363034486770629883e-01,1.085813476562500000e+03,5.737658691406250000e+02,9.126773476600646973e-01,1.076583984375000000e+03,6.014543457031250000e+02,8.954468369483947754e-01,1.074738159179687500e+03,6.568312377929687500e+02,9.382067322731018066e-01,1.082121704101562500e+03,7.380506591796875000e+02,7.467265129089355469e-01,1.091351196289062500e+03,7.343588867187500000e+02,7.987675070762634277e-01,1.083967651367187500e+03,7.362047729492187500e+02,6.890124082565307617e-01,1.087659423828125000e+03,7.362047729492187500e+02,8.721655011177062988e-01,1.059970947265625000e+03,7.362047729492187500e+02,7.597956657409667969e-01,1.078429931640625000e+03,7.306670532226562500e+02,5.209652781486511230e-01,1.040935622766178312e+03,5.613486125863441885e+02,6.928834673871892846e+01,1.865499884555096060e+02,0.000000000000000000e+00
5.282200000000000000e+04,1.930000000000000000e+02,7.871000000000000000e+03,6.000000000000000000e+01,1.087596557617187500e+03,5.917077026367187500e+02,9.332188963890075684e-01,1.087596557617187500e+03,5.881369628906250000e+02,9.794778823852539062e-01,1.082240478515625000e+03,5.863515625000000000e+02,9.413990378379821777e-01,1.087596557617187500e+03,5.899223022460937500e+02,5.612012147903442383e-01,1.071528198242187500e+03,5.863515625000000000e+02,9.124569892883300781e-01,1.089381958007812500e+03,6.077760620117187500e+02,9.255391955375671387e-01,1.060816040039062500e+03,6.077760620117187500e+02,8.829557299613952637e-01,1.094738159179687500e+03,6.327713012695312500e+02,8.979187607765197754e-01,1.051889160156250000e+03,6.363420410156250000e+02,8.546048402786254883e-01,1.098308837890625000e+03,6.541958007812500000e+02,8.904181122779846191e-01,1.050103759765625000e+03,6.613373413085937500e+02,8.328052163124084473e-01,1.082240478515625000e+03,6.559812011718750000e+02,8.822417259216308594e-01,1.066172119140625000e+03,6.559812011718750000e+02,8.550462126731872559e-01,1.067957519531250000e+03,6.899033203125000000e+02,8.515080809593200684e-01,1.075098999023437500e+03,6.881179199218750000e+02,8.123288750648498535e-01,1.055459838867187500e+03,7.256108398437500000e+02,9.716058969497680664e-01,1.085811279296875000e+03,7.238254394531250000e+02,8.718714714050292969e-01,1.082240478515625000e+03,5.738539428710937500e+02,9.236443042755126953e-01,1.075098999023437500e+03,6.006345825195312500e+02,9.204376339912414551e-01,1.075098999023437500e+03,6.541958007812500000e+02,9.286893606185913086e-01,1.067957519531250000e+03,7.363230590820312500e+02,8.380743861198425293e-01,1.094738159179687500e+03,7.273961791992187500e+02,8.148071169853210449e-01,1.069742919921875000e+03,7.327523193359375000e+02,8.718175292015075684e-01,1.091167358398437500e+03,7.309669189453125000e+02,8.043697476387023926e-01,1.051889160156250000e+03,7.309669189453125000e+02,9.040573239326477051e-01,1.085811279296875000e+03,7.345376586914062500e+02,6.856325864791870117e-01,1.039604950717571000e+03,5.624259506380708444e+02,6.890218258412414798e+01,1.848108214348590081e+02,0.000000000000000000e+00
5.282300000000000000e+04,1.930000000000000000e+02,7.852000000000000000e+03,6.100000000000000000e+01,1.083505615234375000e+03,5.887206420898437500e+02,9.173181056976318359e-01,1.085205078125000000e+03,5.853217163085937500e+02,9.525844454765319824e-01,1.080106567382812500e+03,5.836221923828125000e+02,9.197185635566711426e-01,1.085205078125000000e+03,5.870211791992187500e+02,5.992503762245178223e-01,1.069909790039062500e+03,5.853217163085937500e+02,9.013536572456359863e-01,1.086904541015625000e+03,6.057153930664062500e+02,9.468210339546203613e-01,1.058013427734375000e+03,6.074148559570312500e+02,8.775385618209838867e-01,1.092002929687500000e+03,6.312075195312500000e+02,9.070279002189636230e-01,1.049516113281250000e+03,6.312075195312500000e+02,8.374409079551696777e-01,1.097101440429687500e+03,6.516012573242187500e+02,8.966944813728332520e-01,1.046117065429687500e+03,6.550001831054687500e+02,8.063038587570190430e-01,1.081806152343750000e+03,6.550001831054687500e+02,8.320236802101135254e-01,1.063111816406250000e+03,6.550001831054687500e+02,8.138138651847839355e-01,1.064811401367187500e+03,6.889896850585937500e+02,7.546706199645996094e-01,1.073308715820312500e+03,6.855907592773437500e+02,7.936261296272277832e-01,1.051215576171875000e+03,7.229791870117187500e+02,9.279871582984924316e-01,1.086904541015625000e+03,7.263781738281250000e+02,7.041139006614685059e-01,1.078407104492187500e+03,5.717258911132812500e+02,9.408628940582275391e-01,1.071609252929687500e+03,5.972180175781250000e+02,9.002228975296020508e-01,1.071609252929687500e+03,6.533007202148437500e+02,9.030970931053161621e-01,1.064811401367187500e+03,7.331760864257812500e+02,5.776808857917785645e-01,1.064811401367187500e+03,7.348755493164062500e+02,4.093932807445526123e-01,1.063111816406250000e+03,7.297770996093750000e+02,6.210042834281921387e-01,1.061412353515625000e+03,7.348755493164062500e+02,4.053566753864288330e-01,1.046117065429687500e+03,7.263781738281250000e+02,6.584825515747070312e-01,1.046117065429687500e+03,7.297770996093750000e+02,3.240993618965148926e-01,1.038902518306633510e+03,5.651707531062749013e+02,6.699269800350430160e+01,1.782807797616400194e+02,0.000000000000000000e+00
5.282400000000000000e+04,1.930000000000000000e+02,7.869000000000000000e+03,6.200000000000000000e+01,1.080627685546875000e+03,5.866484375000000000e+02,9.023740887641906738e-01,1.082427734375000000e+03,5.830484008789062500e+02,9.408552646636962891e-01,1.077027587890625000e+03,5.830484008789062500e+02,8.970944881439208984e-01,1.082427734375000000e+03,5.866484375000000000e+02,7.059215903282165527e-01,1.066227539062500000e+03,5.830484008789062500e+02,8.999699354171752930e-01,1.084227661132812500e+03,6.046486206054687500e+02,9.144653081893920898e-01,1.053627319335937500e+03,6.064486694335937500e+02,8.670334219932556152e-01,1.089627807617187500e+03,6.298489379882812500e+02,9.375680685043334961e-01,1.044627197265625000e+03,6.298489379882812500e+02,8.717465996742248535e-01,1.095027832031250000e+03,6.514491577148437500e+02,9.004999399185180664e-01,1.039227172851562500e+03,6.532492065429687500e+02,8.348725438117980957e-01,1.078827636718750000e+03,6.532492065429687500e+02,8.290317058563232422e-01,1.060827392578125000e+03,6.550491943359375000e+02,8.310381770133972168e-01,1.062627441406250000e+03,6.892496337890625000e+02,8.006401658058166504e-01,1.073427612304687500e+03,6.874495849609375000e+02,7.842974066734313965e-01,1.046427246093750000e+03,7.216499633789062500e+02,8.739030957221984863e-01,1.084227661132812500e+03,7.270500488281250000e+02,8.834227323532104492e-01,1.077027587890625000e+03,5.704482421875000000e+02,9.349331259727478027e-01,1.069827514648437500e+03,5.974485473632812500e+02,8.838095068931579590e-01,1.069827514648437500e+03,6.532492065429687500e+02,8.869222402572631836e-01,1.057227416992187500e+03,7.324501342773437500e+02,8.856856822967529297e-01,1.093227783203125000e+03,7.324501342773437500e+02,7.828852534294128418e-01,1.057227416992187500e+03,7.306500854492187500e+02,8.618946671485900879e-01,1.089627807617187500e+03,7.324501342773437500e+02,7.570372819900512695e-01,1.041027221679687500e+03,7.252500000000000000e+02,8.108504414558410645e-01,1.082427734375000000e+03,7.342501220703125000e+02,7.760680913925170898e-01,1.036159748446756794e+03,5.640462097744516541e+02,6.907599451930286705e+01,1.825412251458856190e+02,0.000000000000000000e+00
5.282500000000000000e+04,1.930000000000000000e+02,7.869000000000000000e+03,6.300000000000000000e+01,1.077397583007812500e+03,5.864091796875000000e+02,9.202833771705627441e-01,1.079119995117187500e+03,5.829642944335937500e+02,9.225296378135681152e-01,1.073952758789062500e+03,5.812418823242187500e+02,8.969299197196960449e-01,1.079119995117187500e+03,5.846867675781250000e+02,6.246821880340576172e-01,1.063618041992187500e+03,5.812418823242187500e+02,8.989625573158264160e-01,1.080842529296875000e+03,6.036336059570312500e+02,9.145859479904174805e-01,1.051561035156250000e+03,6.036336059570312500e+02,8.659376502037048340e-01,1.086009765625000000e+03,6.277477416992187500e+02,9.279884099960327148e-01,1.044671264648437500e+03,6.277477416992187500e+02,8.243671655654907227e-01,1.092899536132812500e+03,6.501394653320312500e+02,9.129567146301269531e-01,1.041226318359375000e+03,6.535843505859375000e+02,7.479501962661743164e-01,1.077397583007812500e+03,6.518619384765625000e+02,8.550018072128295898e-01,1.058450805664062500e+03,6.518619384765625000e+02,8.627741932868957520e-01,1.063618041992187500e+03,6.863107299804687500e+02,8.611006736755371094e-01,1.072230346679687500e+03,6.845882568359375000e+02,8.046945929527282715e-01,1.042948852539062500e+03,7.173146362304687500e+02,9.353805184364318848e-01,1.079119995117187500e+03,7.276492919921875000e+02,9.361672401428222656e-01,1.073952758789062500e+03,5.691848144531250000e+02,9.366278648376464844e-01,1.067062988281250000e+03,5.950214233398437500e+02,9.082349538803100586e-01,1.067062988281250000e+03,6.518619384765625000e+02,9.254219532012939453e-01,1.051561035156250000e+03,7.310941772460937500e+02,8.203195929527282715e-01,1.087732299804687500e+03,7.345390625000000000e+02,8.630058765411376953e-01,1.051561035156250000e+03,7.293717041015625000e+02,8.426296114921569824e-01,1.084287353515625000e+03,7.362614746093750000e+02,8.820517659187316895e-01,1.037781494140625000e+03,7.190371093750000000e+02,8.195538520812988281e-01,1.077397583007812500e+03,7.362614746093750000e+02,8.673189878463745117e-01,1.034223899285952484e+03,5.641334787895801810e+02,6.810798705099273320e+01,1.788991451992112616e+02,0.000000000000000000e+00
5.282600000000000000e+04,1.930000000000000000e+02,7.872000000000000000e+03,6.400000000000000000e+01,1.074070312500000000e+03,5.841124877929687500e+02,9.115907549858093262e-01,1.075856933593750000e+03,5.805394897460937500e+02,9.368206858634948730e-01,1.070497314453125000e+03,5.787529296875000000e+02,9.230272769927978516e-01,1.077643432617187500e+03,5.841124877929687500e+02,7.490081787109375000e-01,1.059778198242187500e+03,5.805394897460937500e+02,9.136634469032287598e-01,1.077643432617187500e+03,6.019777832031250000e+02,9.128898978233337402e-01,1.049059082031250000e+03,6.037642822265625000e+02,8.730472922325134277e-01,1.084789550781250000e+03,6.269890747070312500e+02,9.175158143043518066e-01,1.040126342773437500e+03,6.287756347656250000e+02,7.488052248954772949e-01,1.090149047851562500e+03,6.484273681640625000e+02,8.466345071792602539e-01,1.040126342773437500e+03,6.537869873046875000e+02,7.522404789924621582e-01,1.072283813476562500e+03,6.502139282226562500e+02,8.329162001609802246e-01,1.054418579101562500e+03,6.520004272460937500e+02,8.357399106025695801e-01,1.065137695312500000e+03,6.877309570312500000e+02,7.993667125701904297e-01,1.068710815429687500e+03,6.859443969726562500e+02,7.901991605758666992e-01,1.040126342773437500e+03,7.145288085937500000e+02,9.576584100723266602e-01,1.074070312500000000e+03,7.288209838867187500e+02,9.195561408996582031e-01,1.070497314453125000e+03,5.662472534179687500e+02,9.339873790740966797e-01,1.063351196289062500e+03,5.948316650390625000e+02,8.806821107864379883e-01,1.063351196289062500e+03,6.502139282226562500e+02,9.246565699577331543e-01,1.045485961914062500e+03,7.323940429687500000e+02,8.270677924156188965e-01,1.083002929687500000e+03,7.341805419921875000e+02,8.210267424583435059e-01,1.047272460937500000e+03,7.306075439453125000e+02,8.424205183982849121e-01,1.081216430664062500e+03,7.359671020507812500e+02,8.637883067131042480e-01,1.034766845703125000e+03,7.145288085937500000e+02,8.332948684692382812e-01,1.070497314453125000e+03,7.341805419921875000e+02,7.633175849914550781e-01,1.031408535354662718e+03,5.609573703110190763e+02,6.953086056926963465e+01,1.817802020854713874e+02,0.000000000000000000e+00
5.282700000000000000e+04,1.930000000000000000e+02,7.852000000000000000e+03,6.500000000000000000e+01,1.072462280273437500e+03,5.845206298828125000e+02,9.228464961051940918e-01,1.074301269531250000e+03,5.808427124023437500e+02,9.284057021141052246e-01,1.066945312500000000e+03,5.790037841796875000e+02,9.028373360633850098e-01,1.074301269531250000e+03,5.826817016601562500e+02,7.828555107116699219e-01,1.057750488281250000e+03,5.808427124023437500e+02,9.146731495857238770e-01,1.076140136718750000e+03,6.029103393554687500e+02,8.793994784355163574e-01,1.044877685546875000e+03,6.029103393554687500e+02,8.865414857864379883e-01,1.081657104492187500e+03,6.286558837890625000e+02,8.777770996093750000e-01,1.035682861328125000e+03,6.341728515625000000e+02,7.191659212112426758e-01,1.087173950195312500e+03,6.507235107421875000e+02,8.200147747993469238e-01,1.037521850585937500e+03,6.580794067382812500e+02,7.946516275405883789e-01,1.070623291015625000e+03,6.525625000000000000e+02,8.457710742950439453e-01,1.052233642578125000e+03,6.525625000000000000e+02,8.972705006599426270e-01,1.066945312500000000e+03,6.875029296875000000e+02,8.388717770576477051e-01,1.065106323242187500e+03,6.856639404296875000e+02,8.851342797279357910e-01,1.041199829101562500e+03,7.114095458984375000e+02,8.728061318397521973e-01,1.068784301757812500e+03,7.297991943359375000e+02,9.061169624328613281e-01,1.066945312500000000e+03,5.661309814453125000e+02,9.732773303985595703e-01,1.063267456054687500e+03,5.955544433593750000e+02,9.280073046684265137e-01,1.061428466796875000e+03,6.507235107421875000e+02,9.173452258110046387e-01,1.043038696289062500e+03,7.316381835937500000e+02,9.283889532089233398e-01,1.077979125976562500e+03,7.371550903320312500e+02,9.119173288345336914e-01,1.044877685546875000e+03,7.279602050781250000e+02,9.627133607864379883e-01,1.074301269531250000e+03,7.371550903320312500e+02,9.043686389923095703e-01,1.035682861328125000e+03,7.095705566406250000e+02,8.549945950508117676e-01,1.065106323242187500e+03,7.371550903320312500e+02,8.233102560043334961e-01,1.021207105763373875e+03,5.559726774923701669e+02,7.158363554084553471e+01,1.863551693334845822e+02,0.000000000000000000e+00
5.282800000000000000e+04,1.930000000000000000e+02,7.873000000000000000e+03,6.600000000000000000e+01,1.068472167968750000e+03,5.825728759765625000e+02,9.281779527664184570e-01,1.070255493164062500e+03,5.790062255859375000e+02,9.217228293418884277e-01,1.064905517578125000e+03,5.790062255859375000e+02,9.000065922737121582e-01,1.072038818359375000e+03,5.825728759765625000e+02,7.719823718070983887e-01,1.054205566406250000e+03,5.807895507812500000e+02,9.397159218788146973e-01,1.073822143554687500e+03,6.004060668945312500e+02,9.117045402526855469e-01,1.045289062500000000e+03,6.021893920898437500e+02,9.014080166816711426e-01,1.079172119140625000e+03,6.289392089843750000e+02,8.416012525558471680e-01,1.036372436523437500e+03,6.307225341796875000e+02,8.727955818176269531e-01,1.082738769531250000e+03,6.503390502929687500e+02,8.432720899581909180e-01,1.034589111328125000e+03,6.539057006835937500e+02,8.211871981620788574e-01,1.068472167968750000e+03,6.503390502929687500e+02,8.726743459701538086e-01,1.050638916015625000e+03,6.503390502929687500e+02,8.644710779190063477e-01,1.066688842773437500e+03,6.877887573242187500e+02,7.699902057647705078e-01,1.061338867187500000e+03,6.842221069335937500e+02,8.266129493713378906e-01,1.039939086914062500e+03,7.127552490234375000e+02,9.827987551689147949e-01,1.061338867187500000e+03,7.323717651367187500e+02,8.807977437973022461e-01,1.064905517578125000e+03,5.665230102539062500e+02,9.323433041572570801e-01,1.059555541992187500e+03,5.950560913085937500e+02,9.159191846847534180e-01,1.059555541992187500e+03,6.503390502929687500e+02,9.200617074966430664e-01,1.039939086914062500e+03,7.305884399414062500e+02,9.285978078842163086e-01,1.072038818359375000e+03,7.377217407226562500e+02,8.945652246475219727e-01,1.043505737304687500e+03,7.288051147460937500e+02,9.634924530982971191e-01,1.068472167968750000e+03,7.395050659179687500e+02,8.724021315574645996e-01,1.034589111328125000e+03,7.109719238281250000e+02,8.764922022819519043e-01,1.057772216796875000e+03,7.377217407226562500e+02,7.795358300209045410e-01,1.014983671746037203e+03,5.557677961827681656e+02,7.041644231380621477e+01,1.843521000998733825e+02,0.000000000000000000e+00
5.282900000000000000e+04,1.930000000000000000e+02,7.873000000000000000e+03,6.700000000000000000e+01,1.064952026367187500e+03,5.822201538085937500e+02,8.881392478942871094e-01,1.068553833007812500e+03,5.786182861328125000e+02,9.526832103729248047e-01,1.061350097656250000e+03,5.786182861328125000e+02,8.989747762680053711e-01,1.068553833007812500e+03,5.822201538085937500e+02,7.443065047264099121e-01,1.052345458984375000e+03,5.786182861328125000e+02,9.025207161903381348e-01,1.072155761718750000e+03,6.002294921875000000e+02,9.161466956138610840e-01,1.043340820312500000e+03,6.020303955078125000e+02,8.827028870582580566e-01,1.077558471679687500e+03,6.272434692382812500e+02,8.456780910491943359e-01,1.036137084960937500e+03,6.290444335937500000e+02,8.310883045196533203e-01,1.081160400390625000e+03,6.488546752929687500e+02,8.525151014328002930e-01,1.032535156250000000e+03,6.542575073242187500e+02,8.861865401268005371e-01,1.066752929687500000e+03,6.506556396484375000e+02,8.273630142211914062e-01,1.046942626953125000e+03,6.506556396484375000e+02,8.446181416511535645e-01,1.064952026367187500e+03,6.920770874023437500e+02,7.715898156166076660e-01,1.054146362304687500e+03,6.848733520507812500e+02,8.838586211204528809e-01,1.039738891601562500e+03,7.136882934570312500e+02,9.261176586151123047e-01,1.054146362304687500e+03,7.316976318359375000e+02,7.979272007942199707e-01,1.061350097656250000e+03,5.660117187500000000e+02,8.610609173774719238e-01,1.057748291015625000e+03,5.930257568359375000e+02,9.290239810943603516e-01,1.057748291015625000e+03,6.488546752929687500e+02,9.049367904663085938e-01,1.041539794921875000e+03,7.316976318359375000e+02,8.787937164306640625e-01,1.064952026367187500e+03,7.389013671875000000e+02,9.507271647453308105e-01,1.043340820312500000e+03,7.298967285156250000e+02,9.925189614295959473e-01,1.061350097656250000e+03,7.407023315429687500e+02,8.694215416908264160e-01,1.034336059570312500e+03,7.118873901367187500e+02,8.868163824081420898e-01,1.050544555664062500e+03,7.371004638671875000e+02,7.595115303993225098e-01,1.013961798451369987e+03,5.553467677523454995e+02,6.964051194574267356e+01,1.847046965114726618e+02,0.000000000000000000e+00
5.283000000000000000e+04,1.930000000000000000e+02,7.874000000000000000e+03,6.800000000000000000e+01,1.062866455078125000e+03,5.819992065429687500e+02,8.904699087142944336e-01,1.066415405273437500e+03,5.766757812500000000e+02,9.283838868141174316e-01,1.059317504882812500e+03,5.766757812500000000e+02,9.084339141845703125e-01,1.068189941406250000e+03,5.784502563476562500e+02,7.269255518913269043e-01,1.048670654296875000e+03,5.784502563476562500e+02,8.903529047966003418e-01,1.069964477539062500e+03,5.997439575195312500e+02,9.000123143196105957e-01,1.039798339843750000e+03,5.997439575195312500e+02,8.808730840682983398e-01,1.073513427734375000e+03,6.263611450195312500e+02,8.843171596527099609e-01,1.030925903320312500e+03,6.281356201171875000e+02,8.653891682624816895e-01,1.077062377929687500e+03,6.476548461914062500e+02,8.934507966041564941e-01,1.032700439453125000e+03,6.547528076171875000e+02,8.941607475280761719e-01,1.064640991210937500e+03,6.512038574218750000e+02,8.485219478607177734e-01,1.045121704101562500e+03,6.529783325195312500e+02,9.019536375999450684e-01,1.066415405273437500e+03,6.902423095703125000e+02,9.261727333068847656e-01,1.048670654296875000e+03,6.866933593750000000e+02,8.240175247192382812e-01,1.041572753906250000e+03,7.115360717773437500e+02,8.641745448112487793e-01,1.046896240234375000e+03,7.328297729492187500e+02,8.693879842758178711e-01,1.059317504882812500e+03,5.642543945312500000e+02,9.115608334541320801e-01,1.053994140625000000e+03,5.908715820312500000e+02,9.430809617042541504e-01,1.053994140625000000e+03,6.512038574218750000e+02,9.350342750549316406e-01,1.039798339843750000e+03,7.275063476562500000e+02,7.606741786003112793e-01,1.059317504882812500e+03,7.417022094726562500e+02,8.872044086456298828e-01,1.041572753906250000e+03,7.257318725585937500e+02,7.694106698036193848e-01,1.052219604492187500e+03,7.417022094726562500e+02,8.369362950325012207e-01,1.034474853515625000e+03,7.133105468750000000e+02,8.350350260734558105e-01,1.041572753906250000e+03,7.381532592773437500e+02,8.653076887130737305e-01,1.012976531303457932e+03,5.576742205399797285e+02,6.831277515836245584e+01,1.830240727407413033e+02,0.000000000000000000e+00
5.283100000000000000e+04,1.930000000000000000e+02,7.873000000000000000e+03,6.900000000000000000e+01,1.061119628906250000e+03,5.810007934570312500e+02,9.162353873252868652e-01,1.063039550781250000e+03,5.771610107421875000e+02,9.599958658218383789e-01,1.057279785156250000e+03,5.771610107421875000e+02,9.155932664871215820e-01,1.064959472656250000e+03,5.790808715820312500e+02,7.716440558433532715e-01,1.045760253906250000e+03,5.771610107421875000e+02,9.189220070838928223e-01,1.066879394531250000e+03,5.982800903320312500e+02,9.206308126449584961e-01,1.036160644531250000e+03,6.002000122070312500e+02,9.157627224922180176e-01,1.070719238281250000e+03,6.270788574218750000e+02,8.734862804412841797e-01,1.030400878906250000e+03,6.289987792968750000e+02,8.600218892097473145e-01,1.076479003906250000e+03,6.481979980468750000e+02,9.077962040901184082e-01,1.032320800781250000e+03,6.539577636718750000e+02,9.470039010047912598e-01,1.061119628906250000e+03,6.539577636718750000e+02,8.488568067550659180e-01,1.043840332031250000e+03,6.539577636718750000e+02,9.181286096572875977e-01,1.066879394531250000e+03,6.904362182617187500e+02,9.373295903205871582e-01,1.043840332031250000e+03,6.904362182617187500e+02,8.172045350074768066e-01,1.043840332031250000e+03,7.192349853515625000e+02,8.939647078514099121e-01,1.043840332031250000e+03,7.307545166015625000e+02,8.100324273109436035e-01,1.057279785156250000e+03,5.618016357421875000e+02,9.645162224769592285e-01,1.051520019531250000e+03,5.925203247070312500e+02,9.171468019485473633e-01,1.053439941406250000e+03,6.520378417968750000e+02,9.413614273071289062e-01,1.049600097656250000e+03,7.384342041015625000e+02,8.357433080673217773e-01,1.051520019531250000e+03,7.422740478515625000e+02,8.719946742057800293e-01,1.051520019531250000e+03,7.345943603515625000e+02,8.497989773750305176e-01,1.045760253906250000e+03,7.422740478515625000e+02,8.279343247413635254e-01,1.036160644531250000e+03,7.192349853515625000e+02,7.730719447135925293e-01,1.038080566406250000e+03,7.365142822265625000e+02,7.940437197685241699e-01,1.014322411091549270e+03,5.516486096188519923e+02,7.081118353696285794e+01,1.921924646325803678e+02,0.000000000000000000e+00
5.283200000000000000e+04,1.930000000000000000e+02,7.875000000000000000e+03,7.000000000000000000e+01,1.060241699218750000e+03,5.797680053710937500e+02,9.091506600379943848e-01,1.062135620117187500e+03,5.759802246093750000e+02,9.276679754257202148e-01,1.056453979492187500e+03,5.759802246093750000e+02,9.416984319686889648e-01,1.064029541015625000e+03,5.778741455078125000e+02,7.882980704307556152e-01,1.045090576171875000e+03,5.759802246093750000e+02,9.158877134323120117e-01,1.065923339843750000e+03,5.987069091796875000e+02,9.467415213584899902e-01,1.035621215820312500e+03,5.987069091796875000e+02,9.005047678947448730e-01,1.069711181640625000e+03,6.252213134765625000e+02,8.641396760940551758e-01,1.029939575195312500e+03,6.271152343750000000e+02,8.964483141899108887e-01,1.073498901367187500e+03,6.479479980468750000e+02,9.244348406791687012e-01,1.031833374023437500e+03,6.536296386718750000e+02,8.763944506645202637e-01,1.060241699218750000e+03,6.536296386718750000e+02,8.969613313674926758e-01,1.041302856445312500e+03,6.536296386718750000e+02,8.604434132575988770e-01,1.065923339843750000e+03,6.915073852539062500e+02,9.313763380050659180e-01,1.039408935546875000e+03,6.915073852539062500e+02,8.149310946464538574e-01,1.046984497070312500e+03,7.274912719726562500e+02,9.314795732498168945e-01,1.035621215820312500e+03,7.350668334960937500e+02,9.224418401718139648e-01,1.056453979492187500e+03,5.627230224609375000e+02,9.349659085273742676e-01,1.050772338867187500e+03,5.911313476562500000e+02,9.145647883415222168e-01,1.050772338867187500e+03,6.517357788085937500e+02,9.164684414863586426e-01,1.056453979492187500e+03,7.407484741210937500e+02,9.087193012237548828e-01,1.048878417968750000e+03,7.445362548828125000e+02,9.291018843650817871e-01,1.058347900390625000e+03,7.388546142578125000e+02,9.382775425910949707e-01,1.043196777343750000e+03,7.445362548828125000e+02,8.993968367576599121e-01,1.041302856445312500e+03,7.331729125976562500e+02,7.995321154594421387e-01,1.031833374023437500e+03,7.407484741210937500e+02,8.906263113021850586e-01,1.014791131195509593e+03,5.525895134681802574e+02,7.090708884877255969e+01,1.938531087282564158e+02,0.000000000000000000e+00
5.283300000000000000e+04,1.930000000000000000e+02,7.876000000000000000e+03,7.100000000000000000e+01,1.058743041992187500e+03,5.797626342773437500e+02,9.241408109664916992e-01,1.060616577148437500e+03,5.760155639648437500e+02,9.483228921890258789e-01,1.054995971679687500e+03,5.741420288085937500e+02,9.384173154830932617e-01,1.060616577148437500e+03,5.778890991210937500e+02,7.189471721649169922e-01,1.041881225585937500e+03,5.741420288085937500e+02,9.355960488319396973e-01,1.064363647460937500e+03,5.984979248046875000e+02,9.470828771591186523e-01,1.034387084960937500e+03,5.984979248046875000e+02,8.915180563926696777e-01,1.068110717773437500e+03,6.266008911132812500e+02,8.848105072975158691e-01,1.028766479492187500e+03,6.284744262695312500e+02,8.889647722244262695e-01,1.073731201171875000e+03,6.472097167968750000e+02,9.272144436836242676e-01,1.032513549804687500e+03,6.528303222656250000e+02,8.885571360588073730e-01,1.058743041992187500e+03,6.528303222656250000e+02,8.453686833381652832e-01,1.043754760742187500e+03,6.528303222656250000e+02,8.625696301460266113e-01,1.066237182617187500e+03,6.903009033203125000e+02,8.979017138481140137e-01,1.036260620117187500e+03,6.921744384765625000e+02,7.809693217277526855e-01,1.053122436523437500e+03,7.315185546875000000e+02,9.305203557014465332e-01,1.030640014648437500e+03,7.352656250000000000e+02,8.094949126243591309e-01,1.054995971679687500e+03,5.610273437500000000e+02,9.662939310073852539e-01,1.047501831054687500e+03,5.910038452148437500e+02,9.076040387153625488e-01,1.051248901367187500e+03,6.509567871093750000e+02,8.798702359199523926e-01,1.066237182617187500e+03,7.427597656250000000e+02,9.092016220092773438e-01,1.043754760742187500e+03,7.427597656250000000e+02,8.539432883262634277e-01,1.066237182617187500e+03,7.408862304687500000e+02,9.378063678741455078e-01,1.036260620117187500e+03,7.446333007812500000e+02,8.441761136054992676e-01,1.047501831054687500e+03,7.371391601562500000e+02,8.376871347427368164e-01,1.025019531250000000e+03,7.427597656250000000e+02,8.291254639625549316e-01,1.014687664144668702e+03,5.531958762781209771e+02,6.987813899879699875e+01,1.930763238322194866e+02,0.000000000000000000e+00
5.283400000000000000e+04,1.930000000000000000e+02,7.869000000000000000e+03,7.200000000000000000e+01,1.058471069335937500e+03,5.801253051757812500e+02,9.195086956024169922e-01,1.060365234375000000e+03,5.763369140625000000e+02,9.291167259216308594e-01,1.054682617187500000e+03,5.744427490234375000e+02,9.294143319129943848e-01,1.060365234375000000e+03,5.782311401367187500e+02,7.191020846366882324e-01,1.041423217773437500e+03,5.744427490234375000e+02,9.015555381774902344e-01,1.062259399414062500e+03,5.971730346679687500e+02,9.307359457015991211e-01,1.031952270507812500e+03,5.990672607421875000e+02,8.766878843307495117e-01,1.066047729492187500e+03,6.255859375000000000e+02,8.549505472183227539e-01,1.028163940429687500e+03,6.274801635742187500e+02,9.010031819343566895e-01,1.073624511718750000e+03,6.445278930664062500e+02,8.729932308197021484e-01,1.033846557617187500e+03,6.502104492187500000e+02,8.877967596054077148e-01,1.058471069335937500e+03,6.539988403320312500e+02,8.174323439598083496e-01,1.039529052734375000e+03,6.539988403320312500e+02,8.095281124114990234e-01,1.064153564453125000e+03,6.937769165039062500e+02,9.035761356353759766e-01,1.030058105468750000e+03,6.937769165039062500e+02,8.809500932693481445e-01,1.058471069335937500e+03,7.335549316406250000e+02,9.189620614051818848e-01,1.026269775390625000e+03,7.373433227539062500e+02,8.733454942703247070e-01,1.052788452148437500e+03,5.611834106445312500e+02,9.260285496711730957e-01,1.047105834960937500e+03,5.895963134765625000e+02,9.064823985099792480e-01,1.049000000000000000e+03,6.521046752929687500e+02,8.799381256103515625e-01,1.075518798828125000e+03,7.411317138671875000e+02,8.359354138374328613e-01,1.037634887695312500e+03,7.449201049804687500e+02,8.843604922294616699e-01,1.075518798828125000e+03,7.392375488281250000e+02,9.015293121337890625e-01,1.031952270507812500e+03,7.449201049804687500e+02,8.843424916267395020e-01,1.054682617187500000e+03,7.411317138671875000e+02,9.054278135299682617e-01,1.020587158203125000e+03,7.430259399414062500e+02,9.266195893287658691e-01,1.014610591178653067e+03,5.522823600570969802e+02,6.923434046457623481e+01,1.941037922694553117e+02,0.000000000000000000e+00
5.283500000000000000e+04,1.930000000000000000e+02,7.876000000000000000e+03,7.300000000000000000e+01,1.056218994140625000e+03,5.787419433593750000e+02,9.137420654296875000e-01,1.058155883789062500e+03,5.748681640625000000e+02,9.312092661857604980e-01,1.052345214843750000e+03,5.748681640625000000e+02,9.415844082832336426e-01,1.060092773437500000e+03,5.768050537109375000e+02,6.844182610511779785e-01,1.040723999023437500e+03,5.748681640625000000e+02,9.108827114105224609e-01,1.062029663085937500e+03,5.961738891601562500e+02,9.390779733657836914e-01,1.032976440429687500e+03,5.981107788085937500e+02,9.031206369400024414e-01,1.065903442382812500e+03,6.252271728515625000e+02,8.758292794227600098e-01,1.029102661132812500e+03,6.252271728515625000e+02,8.685570359230041504e-01,1.069777221679687500e+03,6.484697875976562500e+02,8.713206052780151367e-01,1.036850219726562500e+03,6.484697875976562500e+02,8.666282296180725098e-01,1.056218994140625000e+03,6.523435668945312500e+02,8.651776909828186035e-01,1.034913330078125000e+03,6.523435668945312500e+02,8.489293456077575684e-01,1.062029663085937500e+03,6.930181274414062500e+02,8.948583006858825684e-01,1.025228881835937500e+03,6.949550170898437500e+02,8.517601490020751953e-01,1.065903442382812500e+03,7.336926879882812500e+02,8.984846472740173340e-01,1.019418212890625000e+03,7.356295776367187500e+02,8.988726735115051270e-01,1.052345214843750000e+03,5.613099975585937500e+02,9.064339399337768555e-01,1.046534667968750000e+03,5.903632812500000000e+02,9.162668585777282715e-01,1.046534667968750000e+03,6.504066772460937500e+02,9.600755572319030762e-01,1.083335449218750000e+03,7.395033569335937500e+02,8.830188512802124023e-01,1.031039550781250000e+03,7.433771362304687500e+02,8.651163578033447266e-01,1.083335449218750000e+03,7.356295776367187500e+02,8.965032696723937988e-01,1.027165771484375000e+03,7.453140258789062500e+02,8.829322457313537598e-01,1.063966552734375000e+03,7.433771362304687500e+02,9.127060174942016602e-01,1.015544433593750000e+03,7.414402465820312500e+02,9.159770607948303223e-01,1.013177174810674273e+03,5.519188810506608434e+02,7.125471274069207084e+01,1.973140870432317797e+02,0.000000000000000000e+00
5.283600000000000000e+04,1.930000000000000000e+02,7.873000000000000000e+03,7.400000000000000000e+01,1.055415893554687500e+03,5.795400390625000000e+02,9.465833902359008789e-01,1.059426635742187500e+03,5.755293579101562500e+02,9.417161941528320312e-01,1.051405273437500000e+03,5.735240478515625000e+02,9.528483152389526367e-01,1.059426635742187500e+03,5.755293579101562500e+02,7.098669409751892090e-01,1.041378540039062500e+03,5.735240478515625000e+02,9.184852242469787598e-01,1.061432006835937500e+03,5.975881347656250000e+02,9.275231957435607910e-01,1.031351806640625000e+03,5.955828247070312500e+02,8.849722743034362793e-01,1.065442626953125000e+03,6.256629638671875000e+02,8.713423013687133789e-01,1.027341064453125000e+03,6.256629638671875000e+02,8.848135471343994141e-01,1.069453369140625000e+03,6.497270507812500000e+02,8.402675390243530273e-01,1.037367797851562500e+03,6.457163696289062500e+02,8.803231120109558105e-01,1.055415893554687500e+03,6.517324218750000000e+02,8.374899625778198242e-01,1.033357177734375000e+03,6.517324218750000000e+02,8.737764954566955566e-01,1.063437255859375000e+03,6.918392944335937500e+02,7.645148634910583496e-01,1.021325073242187500e+03,6.938446044921875000e+02,8.884829878807067871e-01,1.071458618164062500e+03,7.339514770507812500e+02,8.895606994628906250e-01,1.015309082031250000e+03,7.359568481445312500e+02,8.788706660270690918e-01,1.051405273437500000e+03,5.594866333007812500e+02,9.349818825721740723e-01,1.045389160156250000e+03,5.895667724609375000e+02,8.931486010551452637e-01,1.043383911132812500e+03,6.497270507812500000e+02,9.487982988357543945e-01,1.089506713867187500e+03,7.339514770507812500e+02,8.388137221336364746e-01,1.027341064453125000e+03,7.419728393554687500e+02,9.295135140419006348e-01,1.087501464843750000e+03,7.319461059570312500e+02,9.073514342308044434e-01,1.021325073242187500e+03,7.439782104492187500e+02,9.234263896942138672e-01,1.069453369140625000e+03,7.419728393554687500e+02,9.178197979927062988e-01,1.011298339843750000e+03,7.399675292968750000e+02,8.790541887283325195e-01,1.010798930434695649e+03,5.491015931834772346e+02,7.443314548198623015e+01,2.030658751680596197e+02,0.000000000000000000e+00
5.283700000000000000e+04,1.930000000000000000e+02,7.876000000000000000e+03,7.500000000000000000e+01,1.055873901367187500e+03,5.773132934570312500e+02,9.269764423370361328e-01,1.057906982421875000e+03,5.732471923828125000e+02,9.487054347991943359e-01,1.051807739257812500e+03,5.712141113281250000e+02,9.379483461380004883e-01,1.057906982421875000e+03,5.752802734375000000e+02,7.107070684432983398e-01,1.039609375000000000e+03,5.732471923828125000e+02,9.138062000274658203e-01,1.059940063476562500e+03,5.956109008789062500e+02,9.119549393653869629e-01,1.031477172851562500e+03,5.935778198242187500e+02,8.623837828636169434e-01,1.064006103515625000e+03,6.240737915039062500e+02,8.573991060256958008e-01,1.023344848632812500e+03,6.240737915039062500e+02,8.266766667366027832e-01,1.070105346679687500e+03,6.505036010742187500e+02,8.548360466957092285e-01,1.035543212890625000e+03,6.444044189453125000e+02,8.895041942596435547e-01,1.055873901367187500e+03,6.525366821289062500e+02,8.487046360969543457e-01,1.031477172851562500e+03,6.505036010742187500e+02,8.615701198577880859e-01,1.064006103515625000e+03,6.931979370117187500e+02,8.293987512588500977e-01,1.019278747558593750e+03,6.911648559570312500e+02,8.587911128997802734e-01,1.074171508789062500e+03,7.338591918945312500e+02,9.180293083190917969e-01,1.011146484375000000e+03,7.318261108398437500e+02,8.797476887702941895e-01,1.051807739257812500e+03,5.590157470703125000e+02,9.098353981971740723e-01,1.045708618164062500e+03,5.874786376953125000e+02,9.097856283187866211e-01,1.043675537109375000e+03,6.505036010742187500e+02,9.277350902557373047e-01,1.092468994140625000e+03,7.318261108398437500e+02,8.589687943458557129e-01,1.021311828613281250e+03,7.419914550781250000e+02,9.165022373199462891e-01,1.090435913085937500e+03,7.297930297851562500e+02,8.884516358375549316e-01,1.015212646484375000e+03,7.419914550781250000e+02,9.424480795860290527e-01,1.072138427734375000e+03,7.419914550781250000e+02,9.489758014678955078e-01,1.007080383300781250e+03,7.358922729492187500e+02,8.540603518486022949e-01,1.008016758993523126e+03,5.463260680476345215e+02,7.731706654511935994e+01,2.070571829269530326e+02,0.000000000000000000e+00
5.283800000000000000e+04,1.930000000000000000e+02,7.869000000000000000e+03,7.600000000000000000e+01,1.056479125976562500e+03,5.748734130859375000e+02,9.322928190231323242e-01,1.058535766601562500e+03,5.707599487304687500e+02,9.407562613487243652e-01,1.052365722656250000e+03,5.707599487304687500e+02,9.196873307228088379e-01,1.058535766601562500e+03,5.748734130859375000e+02,6.607329845428466797e-01,1.040025390625000000e+03,5.687032470703125000e+02,8.699678778648376465e-01,1.060592529296875000e+03,5.933837890625000000e+02,9.016358256340026855e-01,1.029741821289062500e+03,5.913270874023437500e+02,8.172174692153930664e-01,1.064705932617187500e+03,6.242344970703125000e+02,8.545742034912109375e-01,1.023571716308593750e+03,6.180643310546875000e+02,8.615422248840332031e-01,1.070876098632812500e+03,6.489150390625000000e+02,8.480711579322814941e-01,1.031798583984375000e+03,6.406881713867187500e+02,8.969798684120178223e-01,1.054422363281250000e+03,6.489150390625000000e+02,8.433507680892944336e-01,1.031798583984375000e+03,6.489150390625000000e+02,8.541078567504882812e-01,1.064705932617187500e+03,6.879925537109375000e+02,8.377451896667480469e-01,1.019458312988281250e+03,6.900492553710937500e+02,8.669398427009582520e-01,1.072932739257812500e+03,7.311834716796875000e+02,9.108889102935791016e-01,1.005061279296875000e+03,7.291267700195312500e+02,8.941381573677062988e-01,1.052365722656250000e+03,5.563629760742187500e+02,9.163716435432434082e-01,1.044138793945312500e+03,5.851569824218750000e+02,8.868915438652038574e-01,1.044138793945312500e+03,6.468583374023437500e+02,9.433273673057556152e-01,1.087329833984375000e+03,7.332402343750000000e+02,8.351110219955444336e-01,1.013288146972656250e+03,7.394103393554687500e+02,9.255722761154174805e-01,1.089386474609375000e+03,7.332402343750000000e+02,8.915731906890869141e-01,1.009174743652343750e+03,7.394103393554687500e+02,9.328027963638305664e-01,1.068819335937500000e+03,7.414670410156250000e+02,9.171628355979919434e-01,1.003004577636718750e+03,7.332402343750000000e+02,8.666202425956726074e-01,1.003748325352283132e+03,5.421303493752559461e+02,8.022811976917171251e+01,2.101051645606869442e+02,0.000000000000000000e+00
5.283900000000000000e+04,1.930000000000000000e+02,7.869000000000000000e+03,7.700000000000000000e+01,1.055160766601562500e+03,5.745021972656250000e+02,9.143553972244262695e-01,1.057170166015625000e+03,5.704832763671875000e+02,9.436342716217041016e-01,1.051141845703125000e+03,5.704832763671875000e+02,9.178651571273803711e-01,1.057170166015625000e+03,5.724927368164062500e+02,7.076053023338317871e-01,1.039085083007812500e+03,5.704832763671875000e+02,8.696908950805664062e-01,1.059179687500000000e+03,5.945968017578125000e+02,9.030457735061645508e-01,1.029037719726562500e+03,5.925873413085937500e+02,8.234226703643798828e-01,1.063198608398437500e+03,6.227291870117187500e+02,8.018222451210021973e-01,1.020999938964843750e+03,6.187102661132812500e+02,8.272840380668640137e-01,1.069226928710937500e+03,6.488521118164062500e+02,8.296580314636230469e-01,1.031047241210937500e+03,6.408143310546875000e+02,8.897954821586608887e-01,1.053151245117187500e+03,6.488521118164062500e+02,8.226228952407836914e-01,1.031047241210937500e+03,6.488521118164062500e+02,8.109246492385864258e-01,1.063198608398437500e+03,6.890413208007812500e+02,8.943050503730773926e-01,1.018990478515625000e+03,6.890413208007812500e+02,8.444897532463073730e-01,1.067217407226562500e+03,7.332493896484375000e+02,8.733081221580505371e-01,1.000905334472656250e+03,7.292304687500000000e+02,8.971594572067260742e-01,1.049132324218750000e+03,5.564170532226562500e+02,9.413415789604187012e-01,1.045113403320312500e+03,5.865589599609375000e+02,8.729430437088012695e-01,1.043104003906250000e+03,6.468426513671875000e+02,9.415513277053833008e-01,1.083293090820312500e+03,7.392777709960937500e+02,8.802292346954345703e-01,1.008943176269531250e+03,7.392777709960937500e+02,9.043986797332763672e-01,1.083293090820312500e+03,7.372683105468750000e+02,8.502942919731140137e-01,1.000905334472656250e+03,7.392777709960937500e+02,9.159674644470214844e-01,1.063198608398437500e+03,7.392777709960937500e+02,8.555766940116882324e-01,9.968864135742187500e+02,7.332493896484375000e+02,8.849140405654907227e-01,1.001731801207435069e+03,5.421313247947007312e+02,8.087667593862204285e+01,2.080622048190774649e+02,0.000000000000000000e+00
5.284000000000000000e+04,1.930000000000000000e+02,7.873000000000000000e+03,7.800000000000000000e+01,1.054654418945312500e+03,5.718847045898437500e+02,9.170663356781005859e-01,1.056640502929687500e+03,5.679123535156250000e+02,8.803144693374633789e-01,1.050682006835937500e+03,5.659261474609375000e+02,9.244267940521240234e-01,1.056640502929687500e+03,5.698985595703125000e+02,6.057413220405578613e-01,1.038764892578125000e+03,5.659261474609375000e+02,9.072769880294799805e-01,1.056640502929687500e+03,5.917465820312500000e+02,8.857996463775634766e-01,1.026847778320312500e+03,5.897603759765625000e+02,8.221572041511535645e-01,1.060612915039062500e+03,6.215393066406250000e+02,8.624256849288940430e-01,1.016916870117187500e+03,6.175669555664062500e+02,8.588414788246154785e-01,1.066571533203125000e+03,6.473597412109375000e+02,8.425962924957275391e-01,1.024861572265625000e+03,6.394149780273437500e+02,9.258783459663391113e-01,1.050682006835937500e+03,6.493458862304687500e+02,8.380977511405944824e-01,1.028833984375000000e+03,6.473597412109375000e+02,8.192735314369201660e-01,1.060612915039062500e+03,6.890695800781250000e+02,9.040957093238830566e-01,1.022875427246093750e+03,6.890695800781250000e+02,9.004616141319274902e-01,1.062599121093750000e+03,7.327656860351562500e+02,8.748964667320251465e-01,9.970550537109375000e+02,7.268071289062500000e+02,8.563413023948669434e-01,1.050682006835937500e+03,5.540090332031250000e+02,9.115419983863830566e-01,1.042737304687500000e+03,5.818156738281250000e+02,9.049881100654602051e-01,1.038764892578125000e+03,6.473597412109375000e+02,9.011093378067016602e-01,1.078488647460937500e+03,7.407103881835937500e+02,9.205641150474548340e-01,1.001027404785156250e+03,7.387242431640625000e+02,9.430345892906188965e-01,1.078488647460937500e+03,7.387242431640625000e+02,8.901436924934387207e-01,9.950688476562500000e+02,7.367380371093750000e+02,9.212775230407714844e-01,1.056640502929687500e+03,7.407103881835937500e+02,9.154704213142395020e-01,9.930826416015625000e+02,7.287932739257812500e+02,7.352973818778991699e-01,9.950197339303684885e+02,5.433265602326400767e+02,8.223626464691403726e+01,2.056106969087725247e+02,0.000000000000000000e+00
5.284100000000000000e+04,1.930000000000000000e+02,7.862000000000000000e+03,7.900000000000000000e+01,1.053931030273437500e+03,5.716525878906250000e+02,9.308655858039855957e-01,1.056048583984375000e+03,5.674176025390625000e+02,9.493827223777770996e-01,1.049696044921875000e+03,5.674176025390625000e+02,9.046008586883544922e-01,1.056048583984375000e+03,5.695350952148437500e+02,6.957467794418334961e-01,1.036991088867187500e+03,5.653001098632812500e+02,8.992182016372680664e-01,1.056048583984375000e+03,5.885926513671875000e+02,9.152978658676147461e-01,1.026403442382812500e+03,5.864751586914062500e+02,9.015308022499084473e-01,1.058166137695312500e+03,6.203552246093750000e+02,8.889663815498352051e-01,1.017933471679687500e+03,6.140026855468750000e+02,8.980716466903686523e-01,1.062401123046875000e+03,6.478828125000000000e+02,8.727161288261413574e-01,1.022168518066406250e+03,6.372952880859375000e+02,8.984816670417785645e-01,1.049696044921875000e+03,6.478828125000000000e+02,8.651900291442871094e-01,1.028520996093750000e+03,6.478828125000000000e+02,8.386391997337341309e-01,1.058166137695312500e+03,6.859979248046875000e+02,8.497665524482727051e-01,1.024286010742187500e+03,6.923504028320312500e+02,9.317019581794738770e-01,1.056048583984375000e+03,7.325830078125000000e+02,9.201663136482238770e-01,9.988759155273437500e+02,7.135254516601562500e+02,8.401002883911132812e-01,1.049696044921875000e+03,5.525950317382812500e+02,9.284800887107849121e-01,1.043343505859375000e+03,5.801226196289062500e+02,9.147100448608398438e-01,1.039108520507812500e+03,6.457653198242187500e+02,9.279651641845703125e-01,1.070871093750000000e+03,7.410530395507812500e+02,9.178454875946044922e-01,9.967584228515625000e+02,7.347005004882812500e+02,9.537735581398010254e-01,1.070871093750000000e+03,7.389355468750000000e+02,8.968189358711242676e-01,9.925234375000000000e+02,7.325830078125000000e+02,8.877045512199401855e-01,1.051813598632812500e+03,7.389355468750000000e+02,8.831302523612976074e-01,9.946409301757812500e+02,7.114079589843750000e+02,8.552364706993103027e-01,9.892471275679937435e+02,5.383108828143806477e+02,8.654882365429341462e+01,2.134686244699521467e+02,0.000000000000000000e+00
5.284200000000000000e+04,1.930000000000000000e+02,7.852000000000000000e+03,8.000000000000000000e+01,1.052012207031250000e+03,5.683898315429687500e+02,9.192864894866943359e-01,1.054074462890625000e+03,5.642653198242187500e+02,8.940416574478149414e-01,1.047887695312500000e+03,5.622030639648437500e+02,9.127962589263916016e-01,1.054074462890625000e+03,5.663275756835937500e+02,6.697534918785095215e-01,1.035514282226562500e+03,5.642653198242187500e+02,9.183093905448913574e-01,1.052012207031250000e+03,5.890122680664062500e+02,9.031344652175903320e-01,1.025203002929687500e+03,5.869500732421875000e+02,8.766140937805175781e-01,1.054074462890625000e+03,6.199460449218750000e+02,9.183417558670043945e-01,1.014891784667968750e+03,6.137592773437500000e+02,8.785985112190246582e-01,1.060261230468750000e+03,6.488175048828125000e+02,8.777574300765991211e-01,1.019016296386718750e+03,6.385062255859375000e+02,8.884032964706420898e-01,1.045825561523437500e+03,6.467552490234375000e+02,8.639529943466186523e-01,1.025203002929687500e+03,6.467552490234375000e+02,8.510419130325317383e-01,1.052012207031250000e+03,6.880001831054687500e+02,8.691177368164062500e-01,1.025203002929687500e+03,6.880001831054687500e+02,9.072142243385314941e-01,1.049949951171875000e+03,7.333696899414062500e+02,9.031661152839660645e-01,1.000456054687500000e+03,7.106849365234375000e+02,8.449553847312927246e-01,1.047887695312500000e+03,5.498295898437500000e+02,9.137321710586547852e-01,1.039638793945312500e+03,5.787010498046875000e+02,9.473624825477600098e-01,1.035514282226562500e+03,6.467552490234375000e+02,9.442684650421142578e-01,1.064385742187500000e+03,7.416186523437500000e+02,9.089149236679077148e-01,1.000456054687500000e+03,7.313074340820312500e+02,8.990536928176879883e-01,1.064385742187500000e+03,7.395563964843750000e+02,9.201530218124389648e-01,9.942692871093750000e+02,7.292451782226562500e+02,9.008973836898803711e-01,1.043763305664062500e+03,7.395563964843750000e+02,8.849411010742187500e-01,9.963315429687500000e+02,7.086226806640625000e+02,8.610289096832275391e-01,9.870755892327958918e+02,5.389584125226436981e+02,8.654652818434828987e+01,2.127004778134993330e+02,0.000000000000000000e+00
5.284300000000000000e+04,1.930000000000000000e+02,7.852000000000000000e+03,8.100000000000000000e+01,1.049700195312500000e+03,5.689009399414062500e+02,9.244830012321472168e-01,1.051735839843750000e+03,5.627941894531250000e+02,9.287727475166320801e-01,1.045629028320312500e+03,5.627941894531250000e+02,9.049423933029174805e-01,1.051735839843750000e+03,5.668653564453125000e+02,6.316318511962890625e-01,1.033415527343750000e+03,5.627941894531250000e+02,8.998829126358032227e-01,1.051735839843750000e+03,5.872211914062500000e+02,9.060336351394653320e-01,1.021202026367187500e+03,5.872211914062500000e+02,8.991969823837280273e-01,1.053771362304687500e+03,6.197905883789062500e+02,8.777098059654235840e-01,1.011024108886718750e+03,6.136838378906250000e+02,8.732951879501342773e-01,1.059878173828125000e+03,6.482888183593750000e+02,8.722633719444274902e-01,1.013059692382812500e+03,6.401464233398437500e+02,8.941209316253662109e-01,1.045629028320312500e+03,6.462532348632812500e+02,8.753067255020141602e-01,1.025273193359375000e+03,6.462532348632812500e+02,8.433558344841003418e-01,1.049700195312500000e+03,6.890004882812500000e+02,8.529216647148132324e-01,1.027308837890625000e+03,6.869649047851562500e+02,9.179475307464599609e-01,1.043593505859375000e+03,7.337833862304687500e+02,9.213472008705139160e-01,1.002881774902343750e+03,7.134275512695312500e+02,8.777843117713928223e-01,1.045629028320312500e+03,5.485451049804687500e+02,9.066318869590759277e-01,1.037486694335937500e+03,5.770432739257812500e+02,9.211504459381103516e-01,1.035451171875000000e+03,6.442175903320312500e+02,9.402427673339843750e-01,1.059878173828125000e+03,7.419257202148437500e+02,8.918140530586242676e-01,1.006952941894531250e+03,7.358189697265625000e+02,9.120228290557861328e-01,1.057842651367187500e+03,7.398901367187500000e+02,9.008483290672302246e-01,1.000846191406250000e+03,7.337833862304687500e+02,8.591141700744628906e-01,1.037486694335937500e+03,7.398901367187500000e+02,9.467623829841613770e-01,9.988106079101562500e+02,7.113919677734375000e+02,8.497750759124755859e-01,9.871300234351496101e+02,5.398566584052950930e+02,8.494554745143602759e+01,2.105163097197073512e+02,0.000000000000000000e+00
5.284400000000000000e+04,1.930000000000000000e+02,7.876000000000000000e+03,8.200000000000000000e+01,1.050086425781250000e+03,5.631373901367187500e+02,9.037370681762695312e-01,1.052276245117187500e+03,5.609475097656250000e+02,9.420259594917297363e-01,1.043516723632812500e+03,5.587576293945312500e+02,9.108421802520751953e-01,1.052276245117187500e+03,5.631373901367187500e+02,6.512486338615417480e-01,1.030377441406250000e+03,5.587576293945312500e+02,8.998205661773681641e-01,1.047896484375000000e+03,5.850361938476562500e+02,9.100673198699951172e-01,1.021617919921875000e+03,5.828463134765625000e+02,9.023396372795104980e-01,1.050086425781250000e+03,6.200743408203125000e+02,8.614398837089538574e-01,1.010668518066406250e+03,6.135046997070312500e+02,8.665869832038879395e-01,1.056656005859375000e+03,6.463529663085937500e+02,8.855802416801452637e-01,1.012858398437500000e+03,6.397832641601562500e+02,8.891066908836364746e-01,1.043516723632812500e+03,6.463529663085937500e+02,8.577504158020019531e-01,1.021617919921875000e+03,6.463529663085937500e+02,8.660703897476196289e-01,1.043516723632812500e+03,6.901505737304687500e+02,8.830733299255371094e-01,1.030377441406250000e+03,6.857708129882812500e+02,9.101095199584960938e-01,1.034757202148437500e+03,7.361381225585937500e+02,9.141181707382202148e-01,1.008478637695312500e+03,7.142393188476562500e+02,9.063414931297302246e-01,1.043516723632812500e+03,5.456183471679687500e+02,8.852548003196716309e-01,1.034757202148437500e+03,5.740867919921875000e+02,9.080652594566345215e-01,1.032567382812500000e+03,6.463529663085937500e+02,9.658429026603698730e-01,1.054466186523437500e+03,7.427077636718750000e+02,9.243836998939514160e-01,1.012858398437500000e+03,7.383280029296875000e+02,9.024391174316406250e-01,1.052276245117187500e+03,7.405178833007812500e+02,9.181511402130126953e-01,1.006288757324218750e+03,7.361381225585937500e+02,8.911168575286865234e-01,1.030377441406250000e+03,7.427077636718750000e+02,8.888769149780273438e-01,1.001908996582031250e+03,7.142393188476562500e+02,8.584997057914733887e-01,9.867691759900623083e+02,5.350628023861708016e+02,8.673799631470353688e+01,2.200200840897432499e+02,1.000000000000000000e+00
5.284500000000000000e+04,1.930000000000000000e+02,7.852000000000000000e+03,8.300000000000000000e+01,1.047029418945312500e+03,5.673925170898437500e+02,8.839071989059448242e-01,1.049194213867187500e+03,5.630629272460937500e+02,9.031361937522888184e-01,1.042699829101562500e+03,5.608981323242187500e+02,8.865178227424621582e-01,1.051359008789062500e+03,5.652277221679687500e+02,6.488028764724731445e-01,1.029711059570312500e+03,5.608981323242187500e+02,8.885222673416137695e-01,1.047029418945312500e+03,5.868756713867187500e+02,9.066468477249145508e-01,1.018887084960937500e+03,5.825460815429687500e+02,8.514319062232971191e-01,1.049194213867187500e+03,6.193475341796875000e+02,9.083018302917480469e-01,1.008063171386718750e+03,6.150179443359375000e+02,8.425346612930297852e-01,1.055688598632812500e+03,6.453250122070312500e+02,8.873218894004821777e-01,1.008063171386718750e+03,6.431602172851562500e+02,8.382902145385742188e-01,1.038370239257812500e+03,6.453250122070312500e+02,9.049265384674072266e-01,1.023216674804687500e+03,6.453250122070312500e+02,8.428418040275573730e-01,1.038370239257812500e+03,6.886208496093750000e+02,8.016113638877868652e-01,1.034040649414062500e+03,6.842912597656250000e+02,8.841595649719238281e-01,1.029711059570312500e+03,7.340814208984375000e+02,5.706981420516967773e-01,1.029711059570312500e+03,7.340814208984375000e+02,5.377836823463439941e-01,1.042699829101562500e+03,5.457446289062500000e+02,9.170796275138854980e-01,1.034040649414062500e+03,5.760516967773437500e+02,8.853338956832885742e-01,1.029711059570312500e+03,6.431602172851562500e+02,9.175494313240051270e-01,1.047029418945312500e+03,7.449053955078125000e+02,8.175595998764038086e-01,1.021051879882812500e+03,7.427406005859375000e+02,6.278122663497924805e-01,1.047029418945312500e+03,7.427406005859375000e+02,8.406785130500793457e-01,1.016722351074218750e+03,7.427406005859375000e+02,6.731734871864318848e-01,1.025381469726562500e+03,7.427406005859375000e+02,6.994422078132629395e-01,1.005898376464843750e+03,7.210927124023437500e+02,6.535205841064453125e-01,9.901434966686699681e+02,5.348726962239561544e+02,8.518221999475940720e+01,2.218697058314271544e+02,1.000000000000000000e+00
5.284600000000000000e+04,1.930000000000000000e+02,7.873000000000000000e+03,8.400000000000000000e+01,1.047482421875000000e+03,5.654514160156250000e+02,8.712334632873535156e-01,1.047482421875000000e+03,5.608706665039062500e+02,9.107638597488403320e-01,1.042901733398437500e+03,5.585803222656250000e+02,8.666445016860961914e-01,1.047482421875000000e+03,5.631610107421875000e+02,6.620553731918334961e-01,1.029159667968750000e+03,5.608706665039062500e+02,9.095781445503234863e-01,1.047482421875000000e+03,5.860645141601562500e+02,9.436438679695129395e-01,1.017707885742187500e+03,5.837741699218750000e+02,8.998526334762573242e-01,1.052063110351562500e+03,6.204197998046875000e+02,9.120725393295288086e-01,1.006256164550781250e+03,6.158390502929687500e+02,8.750447034835815430e-01,1.056643798828125000e+03,6.479039916992187500e+02,9.345141053199768066e-01,1.006256164550781250e+03,6.433232421875000000e+02,8.639970421791076660e-01,1.040611328125000000e+03,6.479039916992187500e+02,9.126805067062377930e-01,1.019998229980468750e+03,6.479039916992187500e+02,8.971521854400634766e-01,1.040611328125000000e+03,6.891302490234375000e+02,5.295903682708740234e-01,1.033740356445312500e+03,6.822592163085937500e+02,8.296383023262023926e-01,1.026869262695312500e+03,7.349372558593750000e+02,8.584697246551513672e-01,1.024578979492187500e+03,7.372276000976562500e+02,8.796862959861755371e-01,1.040611328125000000e+03,5.471286010742187500e+02,8.970415592193603516e-01,1.033740356445312500e+03,5.746127929687500000e+02,9.159328937530517578e-01,1.029159667968750000e+03,6.456135864257812500e+02,9.441303014755249023e-01,1.042901733398437500e+03,7.463889770507812500e+02,8.404193520545959473e-01,1.040611328125000000e+03,7.463889770507812500e+02,8.275192379951477051e-01,1.042901733398437500e+03,7.440986328125000000e+02,8.455117940902709961e-01,1.038321044921875000e+03,7.486793212890625000e+02,8.341507315635681152e-01,1.019998229980468750e+03,7.440986328125000000e+02,8.100031018257141113e-01,1.017707885742187500e+03,7.440986328125000000e+02,8.751902580261230469e-01,9.872697528419738546e+02,5.309020055716440538e+02,8.683969706687742018e+01,2.308763453878190148e+02,1.000000000000000000e+00
5.284700000000000000e+04,1.930000000000000000e+02,7.878000000000000000e+03,8.500000000000000000e+01,1.045858276367187500e+03,5.641115112304687500e+02,8.432201743125915527e-01,1.048050781250000000e+03,5.597265625000000000e+02,8.606259226799011230e-01,1.041473388671875000e+03,5.597265625000000000e+02,8.545243144035339355e-01,1.041473388671875000e+03,5.663039550781250000e+02,5.708363056182861328e-01,1.028318603515625000e+03,5.619190673828125000e+02,8.611729145050048828e-01,1.043665771484375000e+03,5.904211425781250000e+02,8.628168702125549316e-01,1.017356201171875000e+03,5.860361938476562500e+02,9.019317030906677246e-01,1.048050781250000000e+03,6.211156616210937500e+02,8.157105445861816406e-01,1.004201416015625000e+03,6.167307128906250000e+02,8.438410162925720215e-01,1.054628173828125000e+03,6.496177368164062500e+02,8.876990079879760742e-01,1.004201416015625000e+03,6.430403442382812500e+02,8.119301795959472656e-01,1.034895996093750000e+03,6.474252319335937500e+02,7.822471261024475098e-01,1.019548706054687500e+03,6.474252319335937500e+02,8.321930766105651855e-01,1.037088378906250000e+03,6.890820922851562500e+02,6.908281445503234863e-01,1.032703491210937500e+03,6.846972045898437500e+02,7.620251178741455078e-01,1.028318603515625000e+03,7.373164062500000000e+02,8.467907905578613281e-01,1.023933654785156250e+03,7.373164062500000000e+02,9.039242863655090332e-01,1.039280883789062500e+03,5.509567260742187500e+02,8.198898434638977051e-01,1.032703491210937500e+03,5.772662963867187500e+02,9.188448190689086914e-01,1.028318603515625000e+03,6.474252319335937500e+02,8.698975443840026855e-01,1.043665771484375000e+03,7.482787475585937500e+02,9.184197187423706055e-01,1.043665771484375000e+03,7.482787475585937500e+02,9.046343564987182617e-01,1.043665771484375000e+03,7.460862426757812500e+02,9.624887108802795410e-01,1.039280883789062500e+03,7.482787475585937500e+02,9.366320371627807617e-01,1.015163757324218750e+03,7.460862426757812500e+02,8.319465517997741699e-01,1.019548706054687500e+03,7.482787475585937500e+02,7.515127658843994141e-01,9.870578208299647258e+02,5.337897057638280103e+02,8.462631796358994052e+01,2.277903118327875518e+02,1.000000000000000000e+00
5.284800000000000000e+04,1.930000000000000000e+02,7.876000000000000000e+03,8.600000000000000000e+01,1.048826660156250000e+03,5.720974121093750000e+02,9.155824184417724609e-01,1.050962524414062500e+03,5.656896972656250000e+02,9.078486561775207520e-01,1.044554809570312500e+03,5.656896972656250000e+02,9.088831543922424316e-01,1.046690795898437500e+03,5.678256225585937500e+02,5.605338215827941895e-01,1.033875244140625000e+03,5.656896972656250000e+02,8.740134239196777344e-01,1.044554809570312500e+03,5.913206176757812500e+02,8.671298623085021973e-01,1.018923950195312500e+03,5.891846923828125000e+02,8.951610922813415527e-01,1.048826660156250000e+03,6.254951171875000000e+02,8.149044513702392578e-01,1.003972595214843750e+03,6.212233276367187500e+02,8.562341332435607910e-01,1.057370239257812500e+03,6.511260375976562500e+02,8.480454683303833008e-01,1.001836669921875000e+03,6.447183227539062500e+02,8.224735856056213379e-01,1.031739379882812500e+03,6.511260375976562500e+02,8.487265706062316895e-01,1.018923950195312500e+03,6.511260375976562500e+02,8.543989658355712891e-01,1.033875244140625000e+03,6.938441772460937500e+02,7.945675849914550781e-01,1.033875244140625000e+03,6.917082519531250000e+02,7.745503187179565430e-01,1.016788024902343750e+03,7.408341064453125000e+02,4.487759470939636230e-01,1.036011230468750000e+03,7.386982421875000000e+02,4.445137381553649902e-01,1.044554809570312500e+03,5.507383422851562500e+02,8.567163944244384766e-01,1.033875244140625000e+03,5.806410522460937500e+02,9.350944757461547852e-01,1.025331665039062500e+03,6.511260375976562500e+02,9.064954519271850586e-01,1.033875244140625000e+03,7.515136718750000000e+02,8.475155830383300781e-01,1.055234375000000000e+03,7.472418823242187500e+02,8.319987058639526367e-01,1.033875244140625000e+03,7.515136718750000000e+02,8.723105192184448242e-01,1.053098510742187500e+03,7.493777465820312500e+02,8.796986341476440430e-01,1.008244384765625000e+03,7.493777465820312500e+02,8.780995607376098633e-01,1.036011230468750000e+03,7.472418823242187500e+02,6.942140460014343262e-01,9.875876391492455468e+02,5.393154242759314911e+02,8.151308073460461401e+01,2.226315347357983683e+02,1.000000000000000000e+00
5.284900000000000000e+04,1.930000000000000000e+02,7.869000000000000000e+03,8.700000000000000000e+01,1.049418823242187500e+03,5.720621337890625000e+02,8.920713663101196289e-01,1.051586425781250000e+03,5.677268066406250000e+02,9.305546283721923828e-01,1.045083496093750000e+03,5.677268066406250000e+02,8.817039728164672852e-01,1.051586425781250000e+03,5.698944702148437500e+02,6.661376953125000000e-01,1.034245239257812500e+03,5.677268066406250000e+02,9.153756499290466309e-01,1.051586425781250000e+03,5.937385864257812500e+02,9.484780430793762207e-01,1.016904052734375000e+03,5.894033203125000000e+02,9.215636849403381348e-01,1.051586425781250000e+03,6.262532958984375000e+02,9.096661210060119629e-01,1.003898193359375000e+03,6.219180297851562500e+02,8.937214612960815430e-01,1.058089355468750000e+03,6.544327392578125000e+02,8.912501335144042969e-01,1.001730529785156250e+03,6.500974731445312500e+02,9.013111591339111328e-01,1.038580566406250000e+03,6.544327392578125000e+02,8.484142422676086426e-01,1.019071716308593750e+03,6.544327392578125000e+02,8.860163688659667969e-01,1.021239379882812500e+03,6.999533691406250000e+02,8.853343725204467773e-01,1.038580566406250000e+03,6.977857055664062500e+02,8.216541409492492676e-01,1.010401123046875000e+03,7.433063354492187500e+02,9.340892434120178223e-01,1.049418823242187500e+03,7.433063354492187500e+02,8.876400589942932129e-01,1.047251098632812500e+03,5.547209472656250000e+02,9.123430252075195312e-01,1.036412841796875000e+03,5.807327270507812500e+02,9.482398033142089844e-01,1.027742309570312500e+03,6.544327392578125000e+02,9.438616633415222168e-01,1.027742309570312500e+03,7.541445922851562500e+02,9.120252728462219238e-01,1.064592285156250000e+03,7.454739990234375000e+02,8.843976855278015137e-01,1.027742309570312500e+03,7.519769287109375000e+02,9.086412191390991211e-01,1.060257080078125000e+03,7.498092651367187500e+02,7.770956754684448242e-01,1.006065795898437500e+03,7.498092651367187500e+02,8.756095170974731445e-01,1.047251098632812500e+03,7.541445922851562500e+02,8.377830982208251953e-01,9.886707284046474342e+02,5.397305845600832299e+02,8.193049061156489188e+01,2.227136351261160598e+02,1.000000000000000000e+00
5.285000000000000000e+04,1.930000000000000000e+02,7.873000000000000000e+03,8.800000000000000000e+01,1.050040405273437500e+03,5.719273681640625000e+02,8.799139261245727539e-01,1.052181518554687500e+03,5.697862548828125000e+02,9.174499511718750000e-01,1.045758178710937500e+03,5.676451416015625000e+02,8.786579966545104980e-01,1.052181518554687500e+03,5.719273681640625000e+02,7.253100275993347168e-01,1.032911621093750000e+03,5.697862548828125000e+02,9.426079392433166504e-01,1.052181518554687500e+03,5.976205444335937500e+02,9.238747358322143555e-01,1.017923950195312500e+03,5.933383178710937500e+02,8.924055099487304688e-01,1.052181518554687500e+03,6.297369995117187500e+02,9.068001508712768555e-01,1.000795166015625000e+03,6.233137207031250000e+02,9.058650732040405273e-01,1.060745849609375000e+03,6.575712890625000000e+02,8.716697692871093750e-01,9.986540527343750000e+02,6.532890625000000000e+02,8.653588891029357910e-01,1.037193847656250000e+03,6.597123413085937500e+02,8.192431926727294922e-01,1.017923950195312500e+03,6.575712890625000000e+02,8.489698171615600586e-01,1.017923950195312500e+03,7.025343017578125000e+02,9.326093792915344238e-01,1.039334960937500000e+03,7.003932495117187500e+02,8.633347153663635254e-01,1.005077331542968750e+03,7.432152099609375000e+02,9.142311215400695801e-01,1.054322631835937500e+03,7.432152099609375000e+02,8.627124428749084473e-01,1.045758178710937500e+03,5.547985839843750000e+02,9.092897772789001465e-01,1.037193847656250000e+03,5.847739257812500000e+02,9.302593469619750977e-01,1.028629394531250000e+03,6.575712890625000000e+02,9.286110997200012207e-01,1.024347167968750000e+03,7.560617675781250000e+02,9.913969039916992188e-01,1.067169189453125000e+03,7.432152099609375000e+02,8.855110406875610352e-01,1.022206115722656250e+03,7.560617675781250000e+02,8.963785767555236816e-01,1.065028076171875000e+03,7.453562622070312500e+02,8.015502095222473145e-01,9.986540527343750000e+02,7.474973754882812500e+02,8.361527323722839355e-01,1.054322631835937500e+03,7.560617675781250000e+02,8.101441860198974609e-01,9.893915094081098687e+02,5.428861808158566191e+02,8.265249913008665317e+01,2.209077973229328791e+02,0.000000000000000000e+00
5.285100000000000000e+04,1.930000000000000000e+02,7.873000000000000000e+03,8.900000000000000000e+01,1.050470336914062500e+03,5.772921752929687500e+02,8.958456516265869141e-01,1.052624755859375000e+03,5.729832763671875000e+02,9.191130399703979492e-01,1.046161376953125000e+03,5.729832763671875000e+02,8.787256479263305664e-01,1.050470336914062500e+03,5.751376953125000000e+02,5.992158055305480957e-01,1.033234619140625000e+03,5.708287963867187500e+02,9.213543534278869629e-01,1.050470336914062500e+03,5.988368530273437500e+02,9.022495150566101074e-01,1.015998901367187500e+03,5.966823730468750000e+02,9.099001288414001465e-01,1.052624755859375000e+03,6.311538085937500000e+02,8.510912656784057617e-01,1.000917663574218750e+03,6.268448486328125000e+02,8.582396507263183594e-01,1.061242675781250000e+03,6.570073852539062500e+02,8.894578218460083008e-01,9.966087036132812500e+02,6.548529052734375000e+02,8.012780547142028809e-01,1.037543579101562500e+03,6.613162841796875000e+02,8.070925474166870117e-01,1.018153381347656250e+03,6.591618652343750000e+02,8.065075278282165527e-01,1.020307861328125000e+03,7.000966796875000000e+02,7.918857932090759277e-01,1.039697998046875000e+03,7.000966796875000000e+02,8.287872076034545898e-01,1.000917663574218750e+03,7.431859741210937500e+02,8.955470323562622070e-01,1.056933715820312500e+03,7.453404541015625000e+02,8.393790125846862793e-01,1.046161376953125000e+03,5.557475585937500000e+02,9.232106208801269531e-01,1.035389038085937500e+03,5.859100341796875000e+02,9.223546981811523438e-01,1.026771240234375000e+03,6.591618652343750000e+02,9.161689877510070801e-01,1.015998901367187500e+03,7.561127319335937500e+02,8.479321599006652832e-01,1.069860473632812500e+03,7.453404541015625000e+02,7.545982599258422852e-01,1.015998901367187500e+03,7.539583129882812500e+02,8.457436561584472656e-01,1.067706054687500000e+03,7.474948730468750000e+02,7.653043270111083984e-01,9.944542846679687500e+02,7.474948730468750000e+02,8.248673081398010254e-01,1.056933715820312500e+03,7.582672119140625000e+02,8.068008422851562500e-01,9.878191526132441140e+02,5.475302684316483237e+02,8.427702063147262379e+01,2.210708884962509728e+02,0.000000000000000000e+00
5.285200000000000000e+04,1.930000000000000000e+02,7.878000000000000000e+03,9.000000000000000000e+01,1.048502197265625000e+03,5.786007080078125000e+02,8.804785013198852539e-01,1.050576293945312500e+03,5.723784790039062500e+02,9.171035885810852051e-01,1.044354003906250000e+03,5.723784790039062500e+02,9.028162956237792969e-01,1.050576293945312500e+03,5.744525756835937500e+02,7.077944278717041016e-01,1.031909545898437500e+03,5.703044433593750000e+02,8.806478381156921387e-01,1.048502197265625000e+03,5.972673339843750000e+02,8.603701591491699219e-01,1.019465148925781250e+03,5.951932983398437500e+02,8.859370946884155273e-01,1.052650268554687500e+03,6.304524536132812500e+02,8.608214855194091797e-01,1.004946655273437500e+03,6.283784179687500000e+02,8.269848823547363281e-01,1.058872558593750000e+03,6.574154052734375000e+02,8.935447931289672852e-01,1.000798522949218750e+03,6.574154052734375000e+02,7.958521246910095215e-01,1.038131835937500000e+03,6.594895019531250000e+02,7.730022668838500977e-01,1.019465148925781250e+03,6.594895019531250000e+02,7.365970015525817871e-01,1.019465148925781250e+03,7.030449829101562500e+02,7.629778385162353516e-01,1.040205932617187500e+03,7.030449829101562500e+02,7.883870601654052734e-01,9.987244262695312500e+02,7.424523315429687500e+02,8.950182199478149414e-01,1.054724365234375000e+03,7.507485961914062500e+02,8.860543370246887207e-01,1.044354003906250000e+03,5.578599853515625000e+02,9.048157930374145508e-01,1.036057739257812500e+03,5.868969726562500000e+02,9.098025560379028320e-01,1.027761474609375000e+03,6.594895019531250000e+02,8.566634058952331543e-01,1.011168884277343750e+03,7.569708251953125000e+02,8.581407666206359863e-01,1.069242919921875000e+03,7.528226928710937500e+02,8.431586623191833496e-01,1.011168884277343750e+03,7.528226928710937500e+02,9.098278880119323730e-01,1.067168823242187500e+03,7.548967285156250000e+02,8.623431921005249023e-01,9.904281616210937500e+02,7.445264282226562500e+02,8.059856295585632324e-01,1.052650268554687500e+03,7.590449218750000000e+02,8.619493246078491211e-01,9.882234233452365970e+02,5.535482101194209008e+02,8.410326169788800144e+01,2.156682303210897089e+02,0.000000000000000000e+00
5.285300000000000000e+04,1.930000000000000000e+02,7.878000000000000000e+03,9.100000000000000000e+01,1.046738891601562500e+03,5.756263427734375000e+02,8.549280166625976562e-01,1.048851318359375000e+03,5.714014282226562500e+02,9.062633514404296875e-01,1.042513916015625000e+03,5.692889404296875000e+02,8.720563650131225586e-01,1.050963867187500000e+03,5.735138549804687500e+02,7.505120038986206055e-01,1.031951660156250000e+03,5.692889404296875000e+02,8.982993960380554199e-01,1.048851318359375000e+03,5.967509765625000000e+02,8.992603421211242676e-01,1.015051879882812500e+03,5.967509765625000000e+02,8.908363580703735352e-01,1.053076293945312500e+03,6.326629028320312500e+02,8.760062456130981445e-01,1.002377075195312500e+03,6.284379882812500000e+02,8.558493852615356445e-01,1.061526123046875000e+03,6.580125122070312500e+02,9.495654106140136719e-01,1.000264648437500000e+03,6.580125122070312500e+02,8.747652769088745117e-01,1.040401489257812500e+03,6.601250000000000000e+02,8.275101184844970703e-01,1.021389282226562500e+03,6.601250000000000000e+02,8.335117697715759277e-01,1.023501770019531250e+03,7.023743286132812500e+02,7.860730290412902832e-01,1.042513916015625000e+03,7.002618408203125000e+02,8.646376729011535645e-01,9.960396728515625000e+02,7.403986816406250000e+02,9.230890870094299316e-01,1.050963867187500000e+03,7.530734863281250000e+02,9.279460310935974121e-01,1.044626464843750000e+03,5.566141357421875000e+02,9.726498126983642578e-01,1.036176513671875000e+03,5.861886596679687500e+02,9.293046593666076660e-01,1.029839111328125000e+03,6.601250000000000000e+02,8.868669867515563965e-01,1.006602050781250000e+03,7.572984008789062500e+02,8.875749111175537109e-01,1.067863525390625000e+03,7.594108886718750000e+02,8.496127724647521973e-01,1.006602050781250000e+03,7.551859741210937500e+02,9.034680128097534180e-01,1.063638671875000000e+03,7.615233764648437500e+02,8.700330257415771484e-01,9.875898437500000000e+02,7.403986816406250000e+02,8.103216290473937988e-01,1.046738891601562500e+03,7.615233764648437500e+02,8.322058320045471191e-01,9.876283797410119405e+02,5.535622950831576645e+02,8.564431346889978158e+01,2.161851386106977770e+02,0.000000000000000000e+00
5.285400000000000000e+04,1.930000000000000000e+02,7.869000000000000000e+03,9.200000000000000000e+01,1.047294799804687500e+03,5.742757568359375000e+02,8.603105545043945312e-01,1.049396362304687500e+03,5.700727539062500000e+02,8.884554505348205566e-01,1.043091796875000000e+03,5.679711914062500000e+02,8.484832048416137695e-01,1.047294799804687500e+03,5.721742553710937500e+02,6.287598609924316406e-01,1.030482666015625000e+03,5.679711914062500000e+02,8.949773311614990234e-01,1.047294799804687500e+03,5.952910156250000000e+02,8.835653066635131836e-01,1.015771972656250000e+03,5.952910156250000000e+02,8.706513643264770508e-01,1.051497802734375000e+03,6.289153442382812500e+02,8.259296417236328125e-01,1.003162841796875000e+03,6.289153442382812500e+02,8.254671096801757812e-01,1.059903930664062500e+03,6.541336059570312500e+02,8.731688261032104492e-01,1.001061340332031250e+03,6.583366699218750000e+02,8.220102190971374512e-01,1.040990234375000000e+03,6.583366699218750000e+02,7.511491179466247559e-01,1.019975036621093750e+03,6.583366699218750000e+02,7.853325009346008301e-01,1.028381103515625000e+03,7.045701293945312500e+02,7.370133996009826660e-01,1.038888671875000000e+03,7.003670654296875000e+02,8.196788430213928223e-01,9.968582763671875000e+02,7.360929565429687500e+02,9.336277246475219727e-01,1.045193359375000000e+03,7.550066528320312500e+02,8.969370126724243164e-01,1.040990234375000000e+03,5.532605590820312500e+02,9.000966548919677734e-01,1.034685668945312500e+03,5.847833862304687500e+02,9.454025626182556152e-01,1.030482666015625000e+03,6.583366699218750000e+02,8.548510074615478516e-01,1.003162841796875000e+03,7.550066528320312500e+02,3.057814538478851318e-01,1.003162841796875000e+03,7.550066528320312500e+02,7.469627857208251953e-01,1.003162841796875000e+03,7.508035888671875000e+02,4.123045802116394043e-01,9.968582763671875000e+02,7.550066528320312500e+02,7.849822044372558594e-01,9.905537109375000000e+02,7.339914550781250000e+02,5.388371944427490234e-01,9.905537109375000000e+02,7.339914550781250000e+02,5.979666709899902344e-01,9.862708276035592689e+02,5.554981671981200861e+02,8.659721067758630397e+01,2.156266997069997160e+02,0.000000000000000000e+00
5.285500000000000000e+04,1.930000000000000000e+02,7.869000000000000000e+03,9.300000000000000000e+01,1.048274780273437500e+03,5.762078857421875000e+02,9.231312274932861328e-01,1.050417236328125000e+03,5.697802734375000000e+02,9.336817860603332520e-01,1.043989746093750000e+03,5.697802734375000000e+02,8.908314108848571777e-01,1.046132202148437500e+03,5.697802734375000000e+02,5.534630417823791504e-01,1.026849609375000000e+03,5.676378173828125000e+02,8.326996564865112305e-01,1.048274780273437500e+03,5.954904785156250000e+02,9.252481460571289062e-01,1.013994506835937500e+03,5.954904785156250000e+02,9.150611162185668945e-01,1.052559814453125000e+03,6.297707519531250000e+02,8.974200487136840820e-01,1.001139404296875000e+03,6.297707519531250000e+02,8.674368858337402344e-01,1.061129882812500000e+03,6.554809570312500000e+02,9.228338003158569336e-01,1.003281860351562500e+03,6.597659912109375000e+02,8.673598170280456543e-01,1.039704711914062500e+03,6.597659912109375000e+02,8.502942323684692383e-01,1.020421997070312500e+03,6.597659912109375000e+02,8.850149512290954590e-01,1.035419677734375000e+03,7.047589111328125000e+02,9.132861495018005371e-01,1.039704711914062500e+03,7.026163330078125000e+02,8.702333569526672363e-01,9.989968261718750000e+02,7.304691162109375000e+02,9.066985249519348145e-01,1.041847167968750000e+03,7.540367431640625000e+02,8.695431947708129883e-01,1.041847167968750000e+03,5.504976806640625000e+02,8.838121294975280762e-01,1.031134643554687500e+03,5.847779541015625000e+02,9.076828956604003906e-01,1.031134643554687500e+03,6.597659912109375000e+02,9.152252078056335449e-01,1.056844848632812500e+03,7.647493896484375000e+02,6.082646846771240234e-01,1.003281860351562500e+03,7.540367431640625000e+02,8.489496707916259766e-01,1.054702270507812500e+03,7.647493896484375000e+02,6.464497447013854980e-01,9.968543701171875000e+02,7.518942871093750000e+02,9.331257343292236328e-01,1.035419677734375000e+03,7.626068115234375000e+02,6.806807518005371094e-01,9.904267578125000000e+02,7.304691162109375000e+02,6.587991118431091309e-01,9.857618841350621324e+02,5.529766595058438270e+02,8.783513373931862134e+01,2.181851908923034671e+02,0.000000000000000000e+00
5.285600000000000000e+04,1.930000000000000000e+02,7.878000000000000000e+03,9.400000000000000000e+01,1.046066772460937500e+03,5.718643798828125000e+02,9.308335185050964355e-01,1.048259277343750000e+03,5.674795532226562500e+02,9.367934465408325195e-01,1.041682006835937500e+03,5.674795532226562500e+02,8.910883069038391113e-01,1.046066772460937500e+03,5.696719360351562500e+02,5.683135390281677246e-01,1.028527587890625000e+03,5.652871093750000000e+02,9.012642502784729004e-01,1.048259277343750000e+03,5.937883911132812500e+02,9.249634742736816406e-01,1.013180725097656250e+03,5.915960083007812500e+02,9.114164113998413086e-01,1.052644042968750000e+03,6.266744995117187500e+02,8.731273412704467773e-01,1.002218688964843750e+03,6.266744995117187500e+02,8.730515241622924805e-01,1.057028808593750000e+03,6.551757812500000000e+02,8.790545463562011719e-01,1.004411132812500000e+03,6.573681640625000000e+02,9.010342955589294434e-01,1.041682006835937500e+03,6.573681640625000000e+02,9.135082364082336426e-01,1.021950378417968750e+03,6.573681640625000000e+02,8.952428102493286133e-01,1.035104736328125000e+03,7.056010742187500000e+02,8.167046904563903809e-01,1.035104736328125000e+03,7.034086914062500000e+02,7.761576771736145020e-01,1.002218688964843750e+03,7.297175903320312500e+02,9.406182765960693359e-01,1.037297241210937500e+03,7.538340454101562500e+02,8.598589301109313965e-01,1.041682006835937500e+03,5.499403076171875000e+02,8.955651521682739258e-01,1.030719970703125000e+03,5.828263549804687500e+02,9.132430553436279297e-01,1.030719970703125000e+03,6.573681640625000000e+02,9.628573656082153320e-01,1.050451660156250000e+03,7.647960815429687500e+02,5.778652429580688477e-01,1.008795898437500000e+03,7.538340454101562500e+02,6.443248391151428223e-01,1.008795898437500000e+03,7.472568359375000000e+02,5.947038531303405762e-01,1.004411132812500000e+03,7.516416015625000000e+02,6.018516421318054199e-01,9.956414794921875000e+02,7.275251464843750000e+02,7.387927174568176270e-01,1.028527587890625000e+03,7.604112548828125000e+02,3.669995069503784180e-01,9.850136770517540299e+02,5.473088028099734856e+02,8.887742200095317457e+01,2.225008813299266421e+02,0.000000000000000000e+00
5.285700000000000000e+04,1.930000000000000000e+02,7.869000000000000000e+03,9.500000000000000000e+01,1.046525146484375000e+03,5.702729492187500000e+02,9.161415100097656250e-01,1.048722900390625000e+03,5.658775024414062500e+02,9.346138834953308105e-01,1.042129760742187500e+03,5.658775024414062500e+02,9.059487581253051758e-01,1.048722900390625000e+03,5.658775024414062500e+02,5.852057337760925293e-01,1.026745605468750000e+03,5.636797485351562500e+02,8.927758336067199707e-01,1.048722900390625000e+03,5.900524902343750000e+02,9.280282258987426758e-01,1.013559265136718750e+03,5.922502441406250000e+02,9.009488821029663086e-01,1.053118408203125000e+03,6.252161254882812500e+02,8.356088995933532715e-01,1.002570678710937500e+03,6.274138183593750000e+02,8.906512260437011719e-01,1.057513793945312500e+03,6.515888061523437500e+02,8.701050281524658203e-01,1.006966125488281250e+03,6.559842529296875000e+02,8.799430727958679199e-01,1.042129760742187500e+03,6.581820068359375000e+02,8.769941926002502441e-01,1.022350219726562500e+03,6.581820068359375000e+02,8.737151026725769043e-01,1.035536499023437500e+03,7.087296752929687500e+02,7.501551508903503418e-01,1.031141113281250000e+03,7.065319824218750000e+02,7.426291704177856445e-01,1.006966125488281250e+03,7.307069702148437500e+02,4.864670038223266602e-01,1.006966125488281250e+03,7.307069702148437500e+02,5.853413939476013184e-01,1.042129760742187500e+03,5.460979614257812500e+02,9.076606035232543945e-01,1.033338867187500000e+03,5.812615966796875000e+02,8.980113863945007324e-01,1.031141113281250000e+03,6.581820068359375000e+02,9.285277128219604492e-01,1.046525146484375000e+03,7.658705444335937500e+02,9.055289626121520996e-01,1.013559265136718750e+03,7.548819580078125000e+02,8.533533811569213867e-01,1.046525146484375000e+03,7.636728515625000000e+02,8.992885351181030273e-01,1.009163818359375000e+03,7.548819580078125000e+02,8.232930302619934082e-01,1.028943359375000000e+03,7.614750976562500000e+02,7.902938723564147949e-01,9.981752319335937500e+02,7.285092163085937500e+02,8.614023327827453613e-01,9.856162392376849084e+02,5.454967209152996475e+02,8.808565283003360946e+01,2.244742540601528162e+02,0.000000000000000000e+00
5.285800000000000000e+04,1.930000000000000000e+02,7.876000000000000000e+03,9.600000000000000000e+01,1.047242675781250000e+03,5.686044921875000000e+02,9.253952503204345703e-01,1.049456665039062500e+03,5.619626464843750000e+02,9.053652882575988770e-01,1.042814819335937500e+03,5.641765747070312500e+02,8.867493867874145508e-01,1.049456665039062500e+03,5.641765747070312500e+02,5.899201035499572754e-01,1.029531250000000000e+03,5.597487182617187500e+02,8.798139691352844238e-01,1.049456665039062500e+03,5.863159790039062500e+02,9.182106256484985352e-01,1.014033630371093750e+03,5.885299072265625000e+02,9.230100512504577637e-01,1.056098510742187500e+03,6.217390136718750000e+02,8.712329268455505371e-01,1.005177917480468750e+03,6.239529418945312500e+02,8.841676712036132812e-01,1.058312377929687500e+03,6.549480590820312500e+02,8.732807636260986328e-01,1.009605773925781250e+03,6.527341308593750000e+02,8.559154272079467773e-01,1.045028808593750000e+03,6.571619873046875000e+02,8.786270618438720703e-01,1.022889404296875000e+03,6.571619873046875000e+02,8.917869925498962402e-01,1.047242675781250000e+03,7.036547241210937500e+02,9.271094202995300293e-01,1.029531250000000000e+03,7.014407958984375000e+02,8.712482452392578125e-01,1.011819702148437500e+03,7.324359130859375000e+02,9.334983229637145996e-01,1.025103393554687500e+03,7.567892456054687500e+02,8.411049842834472656e-01,1.042814819335937500e+03,5.442511596679687500e+02,9.009570479393005371e-01,1.033959106445312500e+03,5.774602050781250000e+02,9.228830933570861816e-01,1.031745117187500000e+03,6.549480590820312500e+02,9.006049633026123047e-01,1.014033630371093750e+03,7.545753173828125000e+02,8.967492580413818359e-01,1.042814819335937500e+03,7.634310302734375000e+02,9.226256012916564941e-01,1.018461547851562500e+03,7.523613891601562500e+02,8.734006285667419434e-01,1.036172973632812500e+03,7.656450195312500000e+02,8.864586949348449707e-01,1.005177917480468750e+03,7.324359130859375000e+02,9.073415398597717285e-01,1.020675476074218750e+03,7.612171020507812500e+02,8.488860130310058594e-01,9.868360902675946136e+02,5.450378082440586240e+02,8.662646693344083815e+01,2.262842610114582840e+02,0.000000000000000000e+00
5.285900000000000000e+04,1.930000000000000000e+02,7.873000000000000000e+03,9.700000000000000000e+01,1.049555053710937500e+03,5.675845947265625000e+02,9.541832208633422852e-01,1.051769165039062500e+03,5.609423828125000000e+02,9.432874321937561035e-01,1.042912841796875000e+03,5.609423828125000000e+02,9.195290803909301758e-01,1.051769165039062500e+03,5.609423828125000000e+02,5.693246126174926758e-01,1.029628417968750000e+03,5.609423828125000000e+02,8.706213235855102539e-01,1.049555053710937500e+03,5.852972412109375000e+02,8.964174985885620117e-01,1.014129821777343750e+03,5.852972412109375000e+02,8.994061350822448730e-01,1.056197265625000000e+03,6.207224731445312500e+02,8.785862922668457031e-01,1.007487609863281250e+03,6.229365844726562500e+02,8.611402511596679688e-01,1.058411376953125000e+03,6.517196044921875000e+02,8.950746059417724609e-01,1.016343933105468750e+03,6.561477661132812500e+02,8.314653038978576660e-01,1.045126953125000000e+03,6.517196044921875000e+02,9.015927910804748535e-01,1.022986145019531250e+03,6.517196044921875000e+02,8.611524701118469238e-01,1.049555053710937500e+03,6.960011596679687500e+02,8.862740993499755859e-01,1.025200195312500000e+03,6.960011596679687500e+02,8.781852722167968750e-01,1.022986145019531250e+03,7.402827148437500000e+02,8.880771994590759277e-01,1.022986145019531250e+03,7.535671997070312500e+02,8.857649564743041992e-01,1.042912841796875000e+03,5.432297363281250000e+02,9.163984060287475586e-01,1.034056518554687500e+03,5.742268676757812500e+02,9.054207205772399902e-01,1.034056518554687500e+03,6.495054931640625000e+02,9.156712293624877930e-01,1.031842407226562500e+03,7.602094116210937500e+02,8.150496482849121094e-01,1.036270629882812500e+03,7.646375732421875000e+02,8.391695022583007812e-01,1.036270629882812500e+03,7.579953613281250000e+02,8.358479738235473633e-01,1.029628417968750000e+03,7.646375732421875000e+02,8.559921383857727051e-01,1.014129821777343750e+03,7.447108764648437500e+02,7.354847192764282227e-01,1.016343933105468750e+03,7.624235229492187500e+02,8.944244980812072754e-01,9.908206955973703316e+02,5.427492974001190760e+02,8.499905368713416465e+01,2.269459373935587791e+02,0.000000000000000000e+00
5.286000000000000000e+04,1.930000000000000000e+02,7.878000000000000000e+03,9.800000000000000000e+01,1.049777099609375000e+03,5.659879150390625000e+02,9.288491606712341309e-01,1.052050170898437500e+03,5.591686401367187500e+02,9.115600585937500000e-01,1.045230834960937500e+03,5.591686401367187500e+02,9.012055397033691406e-01,1.052050170898437500e+03,5.614417114257812500e+02,5.597441196441650391e-01,1.029319213867187500e+03,5.591686401367187500e+02,8.987668752670288086e-01,1.052050170898437500e+03,5.864458618164062500e+02,9.274344444274902344e-01,1.015680541992187500e+03,5.841727294921875000e+02,8.938137292861938477e-01,1.058869506835937500e+03,6.205424194335937500e+02,8.767197132110595703e-01,1.008861206054687500e+03,6.228155517578125000e+02,8.915939927101135254e-01,1.061142578125000000e+03,6.546389770507812500e+02,8.669526576995849609e-01,1.017953613281250000e+03,6.523659057617187500e+02,8.704231977462768555e-01,1.047504028320312500e+03,6.500927734375000000e+02,8.764423131942749023e-01,1.027046020507812500e+03,6.500927734375000000e+02,7.972459197044372559e-01,1.054323364257812500e+03,6.978280029296875000e+02,8.688163757324218750e-01,1.020226745605468750e+03,6.978280029296875000e+02,7.329833507537841797e-01,1.033865356445312500e+03,7.455631713867187500e+02,8.786283731460571289e-01,1.015680541992187500e+03,7.546555786132812500e+02,8.351384997367858887e-01,1.045230834960937500e+03,5.409837646484375000e+02,8.990547060966491699e-01,1.033865356445312500e+03,5.750803222656250000e+02,8.989458084106445312e-01,1.036138427734375000e+03,6.478197021484375000e+02,9.458682537078857422e-01,1.045230834960937500e+03,7.637479858398437500e+02,9.000957012176513672e-01,1.029319213867187500e+03,7.660211181640625000e+02,8.374013304710388184e-01,1.047504028320312500e+03,7.592017822265625000e+02,9.185533523559570312e-01,1.022499816894531250e+03,7.682941894531250000e+02,8.753344416618347168e-01,1.027046020507812500e+03,7.523825073242187500e+02,8.165075778961181641e-01,1.011134338378906250e+03,7.637479858398437500e+02,8.161737918853759766e-01,9.933351072365784376e+02,5.388911335899051664e+02,8.518622882305601252e+01,2.311273299765902038e+02,0.000000000000000000e+00
5.286100000000000000e+04,1.930000000000000000e+02,7.876000000000000000e+03,9.900000000000000000e+01,1.051272827148437500e+03,5.642231445312500000e+02,9.326770305633544922e-01,1.053618896484375000e+03,5.595310058593750000e+02,9.264658093452453613e-01,1.046580688476562500e+03,5.595310058593750000e+02,9.201160669326782227e-01,1.053618896484375000e+03,5.595310058593750000e+02,6.040048599243164062e-01,1.032504394531250000e+03,5.571849365234375000e+02,9.211643338203430176e-01,1.051272827148437500e+03,5.829916381835937500e+02,9.132568240165710449e-01,1.018427978515625000e+03,5.829916381835937500e+02,9.418728947639465332e-01,1.058311035156250000e+03,6.181825561523437500e+02,9.192043542861938477e-01,1.013735839843750000e+03,6.205286254882812500e+02,8.908362388610839844e-01,1.058311035156250000e+03,6.510274047851562500e+02,8.348616957664489746e-01,1.023120117187500000e+03,6.533734741210937500e+02,9.013334512710571289e-01,1.044234619140625000e+03,6.510274047851562500e+02,8.853660225868225098e-01,1.023120117187500000e+03,6.510274047851562500e+02,8.436481952667236328e-01,1.053618896484375000e+03,6.979486694335937500e+02,9.317333698272705078e-01,1.016081909179687500e+03,7.002947387695312500e+02,8.230170607566833496e-01,1.044234619140625000e+03,7.519080810546875000e+02,9.105762839317321777e-01,1.011389831542968750e+03,7.612922973632812500e+02,8.747198581695556641e-01,1.046580688476562500e+03,5.407625122070312500e+02,9.375709295272827148e-01,1.034850463867187500e+03,5.736073608398437500e+02,9.391828179359436035e-01,1.032504394531250000e+03,6.486813354492187500e+02,9.472196102142333984e-01,1.065349243164062500e+03,7.659844360351562500e+02,8.215364813804626465e-01,1.025466186523437500e+03,7.706765747070312500e+02,6.865713596343994141e-01,1.063003173828125000e+03,7.636383666992187500e+02,8.328006267547607422e-01,1.018427978515625000e+03,7.730226440429687500e+02,7.319770455360412598e-01,1.037196533203125000e+03,7.612922973632812500e+02,8.670352101325988770e-01,1.009043762207031250e+03,7.659844360351562500e+02,8.357925415039062500e-01,9.958843469184218975e+02,5.356899734469000123e+02,8.655110677235165895e+01,2.375545925885863880e+02,0.000000000000000000e+00
5.286200000000000000e+04,1.930000000000000000e+02,7.878000000000000000e+03,1.000000000000000000e+02,1.052677001953125000e+03,5.613811645507812500e+02,8.775585889816284180e-01,1.055047241210937500e+03,5.590109863281250000e+02,9.443773627281188965e-01,1.045566528320312500e+03,5.566408081054687500e+02,8.577508330345153809e-01,1.055047241210937500e+03,5.613811645507812500e+02,7.328773736953735352e-01,1.031345458984375000e+03,5.566408081054687500e+02,9.180895090103149414e-01,1.052677001953125000e+03,5.850828247070312500e+02,9.538691043853759766e-01,1.019494689941406250e+03,5.850828247070312500e+02,9.173996448516845703e-01,1.059787597656250000e+03,6.182652587890625000e+02,9.383642673492431641e-01,1.012384155273437500e+03,6.206353759765625000e+02,8.581229448318481445e-01,1.062157714843750000e+03,6.467072753906250000e+02,7.773292660713195801e-01,1.021864807128906250e+03,6.490774536132812500e+02,8.636518716812133789e-01,1.045566528320312500e+03,6.514476318359375000e+02,8.613114953041076660e-01,1.021864807128906250e+03,6.514476318359375000e+02,8.331656455993652344e-01,1.055047241210937500e+03,6.964808349609375000e+02,9.231059551239013672e-01,1.014754333496093750e+03,6.941107177734375000e+02,8.205170035362243652e-01,1.052677001953125000e+03,7.557351074218750000e+02,9.430082440376281738e-01,1.007643798828125000e+03,7.604754638671875000e+02,8.699855208396911621e-01,1.045566528320312500e+03,5.424197998046875000e+02,8.960533738136291504e-01,1.038456054687500000e+03,5.756021728515625000e+02,9.002771377563476562e-01,1.033715698242187500e+03,6.490774536132812500e+02,9.382773637771606445e-01,1.074008544921875000e+03,7.652158203125000000e+02,9.094174504280090332e-01,1.024234985351562500e+03,7.723262939453125000e+02,9.189788103103637695e-01,1.074008544921875000e+03,7.652158203125000000e+02,9.056275486946105957e-01,1.019494689941406250e+03,7.723262939453125000e+02,8.843324184417724609e-01,1.047936767578125000e+03,7.652158203125000000e+02,9.288616776466369629e-01,1.002903442382812500e+03,7.652158203125000000e+02,9.002651572227478027e-01,9.957901696283486217e+02,5.355284235181318309e+02,8.779068264902298324e+01,2.415671752180826388e+02,0.000000000000000000e+00
5.286300000000000000e+04,1.930000000000000000e+02,7.852000000000000000e+03,1.010000000000000000e+02,1.054353149414062500e+03,5.669855346679687500e+02,8.996519446372985840e-01,1.056719238281250000e+03,5.622533569335937500e+02,9.332343339920043945e-01,1.047254882812500000e+03,5.622533569335937500e+02,9.022439718246459961e-01,1.054353149414062500e+03,5.646194458007812500e+02,5.712814927101135254e-01,1.030692138671875000e+03,5.598872070312500000e+02,9.307770729064941406e-01,1.054353149414062500e+03,5.882804565429687500e+02,9.489529132843017578e-01,1.018861633300781250e+03,5.882804565429687500e+02,9.003026485443115234e-01,1.059085327148437500e+03,6.214059448242187500e+02,9.488019347190856934e-01,1.016495483398437500e+03,6.237720336914062500e+02,8.796015977859497070e-01,1.066183715820312500e+03,6.545313720703125000e+02,8.676967620849609375e-01,1.025959960937500000e+03,6.521652832031250000e+02,9.081882834434509277e-01,1.044888793945312500e+03,6.545313720703125000e+02,9.118751883506774902e-01,1.018861633300781250e+03,6.545313720703125000e+02,8.682999014854431152e-01,1.056719238281250000e+03,7.018534545898437500e+02,8.964860439300537109e-01,1.009397216796875000e+03,7.018534545898437500e+02,8.142282366752624512e-01,1.063817626953125000e+03,7.586399536132812500e+02,9.020707607269287109e-01,1.002298889160156250e+03,7.586399536132812500e+02,9.152085185050964355e-01,1.047254882812500000e+03,5.433245239257812500e+02,9.165153503417968750e-01,1.037790405273437500e+03,5.788160400390625000e+02,9.269317984580993652e-01,1.033058227539062500e+03,6.521652832031250000e+02,9.359138011932373047e-01,1.085112548828125000e+03,7.633721923828125000e+02,8.983268141746520996e-01,1.021227722167968750e+03,7.728366088867187500e+02,9.209591150283813477e-01,1.082746459960937500e+03,7.610061035156250000e+02,8.833391666412353516e-01,1.014129394531250000e+03,7.728366088867187500e+02,9.133014678955078125e-01,1.059085327148437500e+03,7.704705200195312500e+02,9.064348340034484863e-01,9.975666503906250000e+02,7.681043701171875000e+02,8.814448118209838867e-01,9.968151295695148519e+02,5.376401396072749321e+02,8.831146869779547615e+01,2.427771628507800870e+02,0.000000000000000000e+00
5.286400000000000000e+04,1.930000000000000000e+02,7.876000000000000000e+03,1.020000000000000000e+02,1.055246093750000000e+03,5.677693481445312500e+02,8.896382451057434082e-01,1.057670776367187500e+03,5.629199829101562500e+02,9.343186020851135254e-01,1.050396728515625000e+03,5.604953613281250000e+02,8.651041984558105469e-01,1.057670776367187500e+03,5.653446655273437500e+02,5.980719327926635742e-01,1.033424072265625000e+03,5.604953613281250000e+02,8.951352834701538086e-01,1.055246093750000000e+03,5.895913696289062500e+02,9.403194189071655273e-01,1.021300720214843750e+03,5.895913696289062500e+02,9.016065597534179688e-01,1.062520019531250000e+03,6.259613647460937500e+02,8.973115682601928711e-01,1.016451354980468750e+03,6.283860473632812500e+02,8.376629948616027832e-01,1.064944702148437500e+03,6.574820556640625000e+02,8.486508727073669434e-01,1.030999389648437500e+03,6.550573730468750000e+02,9.472108483314514160e-01,1.045547363281250000e+03,6.623313598632812500e+02,9.160254597663879395e-01,1.018876037597656250e+03,6.623313598632812500e+02,9.191220998764038086e-01,1.060095336914062500e+03,7.108247070312500000e+02,8.901489377021789551e-01,1.009177368164062500e+03,7.084000244140625000e+02,8.351595401763916016e-01,1.069794067382812500e+03,7.617427368164062500e+02,9.247942566871643066e-01,9.970540161132812500e+02,7.617427368164062500e+02,9.546276926994323730e-01,1.047972045898437500e+03,5.435226440429687500e+02,8.848653435707092285e-01,1.038273437500000000e+03,5.798927001953125000e+02,9.315468668937683105e-01,1.033424072265625000e+03,6.599066772460937500e+02,9.626496434211730957e-01,1.091616088867187500e+03,7.641674194335937500e+02,9.019072651863098145e-01,1.014026733398437500e+03,7.714414062500000000e+02,9.200639724731445312e-01,1.091616088867187500e+03,7.617427368164062500e+02,9.088521599769592285e-01,1.006752685546875000e+03,7.738660888671875000e+02,9.512764215469360352e-01,1.067369384765625000e+03,7.714414062500000000e+02,9.218479394912719727e-01,9.922047119140625000e+02,7.665920410156250000e+02,8.811706304550170898e-01,9.945186183935923054e+02,5.385574265894533710e+02,9.142847867864566069e+01,2.470778112802735222e+02,0.000000000000000000e+00
5.286500000000000000e+04,1.930000000000000000e+02,7.876000000000000000e+03,1.030000000000000000e+02,1.057667358398437500e+03,5.686663818359375000e+02,8.503454923629760742e-01,1.060124267578125000e+03,5.637523803710937500e+02,8.977859616279602051e-01,1.052753295898437500e+03,5.612954101562500000e+02,8.614490032196044922e-01,1.060124267578125000e+03,5.637523803710937500e+02,6.369478106498718262e-01,1.038011352539062500e+03,5.612954101562500000e+02,9.009532332420349121e-01,1.057667358398437500e+03,5.907792968750000000e+02,9.350359439849853516e-01,1.023269409179687500e+03,5.907792968750000000e+02,9.101767539978027344e-01,1.065038330078125000e+03,6.276342163085937500e+02,8.963881731033325195e-01,1.018355407714843750e+03,6.276342163085937500e+02,8.625896573066711426e-01,1.065038330078125000e+03,6.620321044921875000e+02,7.931503057479858398e-01,1.030640380859375000e+03,6.546611328125000000e+02,8.920328021049499512e-01,1.047839355468750000e+03,6.620321044921875000e+02,9.434187412261962891e-01,1.020812438964843750e+03,6.595751342773437500e+02,9.300429821014404297e-01,1.062581298828125000e+03,7.111719970703125000e+02,9.062506556510925293e-01,1.008527465820312500e+03,7.062579956054687500e+02,8.016203641891479492e-01,1.072409301757812500e+03,7.627688598632812500e+02,9.165600538253784180e-01,9.913284912109375000e+02,7.603118286132812500e+02,9.319359660148620605e-01,1.052753295898437500e+03,5.440964355468750000e+02,9.085466861724853516e-01,1.042925415039062500e+03,5.784943847656250000e+02,9.060780405998229980e-01,1.033097412109375000e+03,6.595751342773437500e+02,9.583108425140380859e-01,1.094522216796875000e+03,7.652258300781250000e+02,9.349181056022644043e-01,1.008527465820312500e+03,7.725968017578125000e+02,9.416308403015136719e-01,1.094522216796875000e+03,7.652258300781250000e+02,9.466618299484252930e-01,1.001156494140625000e+03,7.725968017578125000e+02,9.361526370048522949e-01,1.069952270507812500e+03,7.750538330078125000e+02,9.446416497230529785e-01,9.864144897460937500e+02,7.652258300781250000e+02,9.185264706611633301e-01,9.919994676052621116e+02,5.376668790853353812e+02,9.554296902662088087e+01,2.508055218828008037e+02,0.000000000000000000e+00
5.286600000000000000e+04,1.930000000000000000e+02,7.852000000000000000e+03,1.040000000000000000e+02,1.060270507812500000e+03,5.712471313476562500e+02,8.910838365554809570e-01,1.062748168945312500e+03,5.662918701171875000e+02,9.051305651664733887e-01,1.057792846679687500e+03,5.638142089843750000e+02,8.691921830177307129e-01,1.062748168945312500e+03,5.687694702148437500e+02,6.521072387695312500e-01,1.042927001953125000e+03,5.638142089843750000e+02,9.064359664916992188e-01,1.060270507812500000e+03,5.935458984375000000e+02,9.319046139717102051e-01,1.028061157226562500e+03,5.910682373046875000e+02,9.001941084861755371e-01,1.065225708007812500e+03,6.282327880859375000e+02,8.974055051803588867e-01,1.015672973632812500e+03,6.282327880859375000e+02,8.801711201667785645e-01,1.072658691406250000e+03,6.629197387695312500e+02,7.789033055305480957e-01,1.028061157226562500e+03,6.554868164062500000e+02,9.041029810905456543e-01,1.050359863281250000e+03,6.604421386718750000e+02,8.725862503051757812e-01,1.023105895996093750e+03,6.579644775390625000e+02,9.082351922988891602e-01,1.065225708007812500e+03,7.124725341796875000e+02,9.293479919433593750e-01,1.013195373535156250e+03,7.025619506835937500e+02,8.733564019203186035e-01,1.070181030273437500e+03,7.694581909179687500e+02,9.138160347938537598e-01,9.908966064453125000e+02,7.595476684570312500e+02,9.473410248756408691e-01,1.055315185546875000e+03,5.464707641601562500e+02,8.978694677352905273e-01,1.045404663085937500e+03,5.811577148437500000e+02,9.439041018486022949e-01,1.035494140625000000e+03,6.579644775390625000e+02,9.544581174850463867e-01,1.092479736328125000e+03,7.744134521484375000e+02,8.672459125518798828e-01,1.003284790039062500e+03,7.744134521484375000e+02,9.280626773834228516e-01,1.092479736328125000e+03,7.719358520507812500e+02,8.797867894172668457e-01,9.958518676757812500e+02,7.719358520507812500e+02,9.596695899963378906e-01,1.065225708007812500e+03,7.793687744140625000e+02,9.059318900108337402e-01,9.834636840820312500e+02,7.645029296875000000e+02,8.914834856986999512e-01,9.884621190410921372e+02,5.372388474740757829e+02,9.896435874525786858e+01,2.535349479407851732e+02,0.000000000000000000e+00
5.286700000000000000e+04,1.930000000000000000e+02,7.852000000000000000e+03,1.050000000000000000e+02,1.064202636718750000e+03,5.728015136718750000e+02,9.283428192138671875e-01,1.066669433593750000e+03,5.678679809570312500e+02,9.337269067764282227e-01,1.061735961914062500e+03,5.678679809570312500e+02,9.095706939697265625e-01,1.064202636718750000e+03,5.678679809570312500e+02,5.397520065307617188e-01,1.044468627929687500e+03,5.654012451171875000e+02,8.876034617424011230e-01,1.064202636718750000e+03,5.950022583007812500e+02,9.097433686256408691e-01,1.029668090820312500e+03,5.925355224609375000e+02,9.012204408645629883e-01,1.066669433593750000e+03,6.320036010742187500e+02,8.607745170593261719e-01,1.017334350585937500e+03,6.320036010742187500e+02,8.838208317756652832e-01,1.069136230468750000e+03,6.665381469726562500e+02,7.932842969894409180e-01,1.029668090820312500e+03,6.591378784179687500e+02,8.770536184310913086e-01,1.054335693359375000e+03,6.640714111328125000e+02,8.824583292007446289e-01,1.027201416015625000e+03,6.640714111328125000e+02,9.079828262329101562e-01,1.064202636718750000e+03,7.158732299804687500e+02,9.267196655273437500e-01,1.014867614746093750e+03,7.134064331054687500e+02,9.358121752738952637e-01,1.066669433593750000e+03,7.726085205078125000e+02,8.949531912803649902e-01,9.877332763671875000e+02,7.578080444335937500e+02,9.159889817237854004e-01,1.059269165039062500e+03,5.481339721679687500e+02,9.193584322929382324e-01,1.046935424804687500e+03,5.826685180664062500e+02,8.963826298713684082e-01,1.039535156250000000e+03,6.616046142578125000e+02,9.307511448860168457e-01,1.088870239257812500e+03,7.824755859375000000e+02,8.942585587501525879e-01,9.976003417968750000e+02,7.750753173828125000e+02,8.965317606925964355e-01,1.088870239257812500e+03,7.800087890625000000e+02,9.077208638191223145e-01,9.902000732421875000e+02,7.750753173828125000e+02,9.473879933357238770e-01,1.061735961914062500e+03,7.824755859375000000e+02,8.886207342147827148e-01,9.827998046875000000e+02,7.602747802734375000e+02,8.532611131668090820e-01,9.828230815250337855e+02,5.365968762963109384e+02,1.012099730683969483e+02,2.537725711128503008e+02,0.000000000000000000e+00
5.286800000000000000e+04,1.930000000000000000e+02,7.873000000000000000e+03,1.060000000000000000e+02,1.068443603515625000e+03,5.742082519531250000e+02,9.245212674140930176e-01,1.070902343750000000e+03,5.692907714843750000e+02,9.431502819061279297e-01,1.063526123046875000e+03,5.692907714843750000e+02,8.953901529312133789e-01,1.048773681640625000e+03,5.643732910156250000e+02,5.238598585128784180e-01,1.048773681640625000e+03,5.643732910156250000e+02,9.353064894676208496e-01,1.068443603515625000e+03,5.963369140625000000e+02,9.161335825920104980e-01,1.031562500000000000e+03,5.914194335937500000e+02,9.070023298263549805e-01,1.070902343750000000e+03,6.356767578125000000e+02,8.761401772499084473e-01,1.016810058593750000e+03,6.307592773437500000e+02,9.268076419830322266e-01,1.078278564453125000e+03,6.700991210937500000e+02,8.339914083480834961e-01,1.026645019531250000e+03,6.602641601562500000e+02,8.821877241134643555e-01,1.056149902343750000e+03,6.676403808593750000e+02,9.256565570831298828e-01,1.031562500000000000e+03,6.676403808593750000e+02,8.870873451232910156e-01,1.068443603515625000e+03,7.217326660156250000e+02,9.210390448570251465e-01,1.024186279296875000e+03,7.192739257812500000e+02,9.981491565704345703e-01,1.063526123046875000e+03,7.758249511718750000e+02,8.910037279129028320e-01,9.897639160156250000e+02,7.487788085937500000e+02,8.715187907218933105e-01,1.063526123046875000e+03,5.496208496093750000e+02,9.365518689155578613e-01,1.051232421875000000e+03,5.840432128906250000e+02,9.148015975952148438e-01,1.043856201171875000e+03,6.651816406250000000e+02,9.522876739501953125e-01,1.083196044921875000e+03,7.881186523437500000e+02,8.738824129104614258e-01,9.946813964843750000e+02,7.733662109375000000e+02,9.014258384704589844e-01,1.083196044921875000e+03,7.856599121093750000e+02,8.829273581504821777e-01,9.873051757812500000e+02,7.733662109375000000e+02,9.481210708618164062e-01,1.056149902343750000e+03,7.832011718750000000e+02,8.734115362167358398e-01,9.848464355468750000e+02,7.463200683593750000e+02,8.164890408515930176e-01,9.813742431805781052e+02,5.373677009166614198e+02,1.030894172102775883e+02,2.532329512883944744e+02,0.000000000000000000e+00
5.286900000000000000e+04,1.930000000000000000e+02,7.869000000000000000e+03,1.070000000000000000e+02,1.073354858398437500e+03,5.750513916015625000e+02,9.141582250595092773e-01,1.073354858398437500e+03,5.676226806640625000e+02,9.262602925300598145e-01,1.068402465820312500e+03,5.676226806640625000e+02,8.962890505790710449e-01,1.073354858398437500e+03,5.700989379882812500e+02,5.468776226043701172e-01,1.051068847656250000e+03,5.651464843750000000e+02,9.271436929702758789e-01,1.070878662109375000e+03,5.973375244140625000e+02,8.993314504623413086e-01,1.033735107421875000e+03,5.923850708007812500e+02,9.192241430282592773e-01,1.073354858398437500e+03,6.369572753906250000e+02,8.637986779212951660e-01,1.018877746582031250e+03,6.295285644531250000e+02,9.113110899925231934e-01,1.075831176757812500e+03,6.716245727539062500e+02,7.753468155860900879e-01,1.026306396484375000e+03,6.641958618164062500e+02,8.983790874481201172e-01,1.058497436523437500e+03,6.691483154296875000e+02,9.300606846809387207e-01,1.033735107421875000e+03,6.691483154296875000e+02,8.685217499732971191e-01,1.070878662109375000e+03,7.236254882812500000e+02,9.200240373611450195e-01,1.031258911132812500e+03,7.211492309570312500e+02,9.595915675163269043e-01,1.058497436523437500e+03,7.781026000976562500e+02,9.441654086112976074e-01,9.941154174804687500e+02,7.459115600585937500e+02,8.832476735115051270e-01,1.065926147460937500e+03,5.478128051757812500e+02,9.279858469963073730e-01,1.056021240234375000e+03,5.824801025390625000e+02,9.141845107078552246e-01,1.046116333007812500e+03,6.666720581054687500e+02,9.395745396614074707e-01,1.080783569335937500e+03,7.880075683593750000e+02,8.853563666343688965e-01,9.965916137695312500e+02,7.706739501953125000e+02,9.559476375579833984e-01,1.080783569335937500e+03,7.855313110351562500e+02,9.258447289466857910e-01,9.891629028320312500e+02,7.681976928710937500e+02,9.117214083671569824e-01,1.053545043945312500e+03,7.855313110351562500e+02,9.121590852737426758e-01,9.891629028320312500e+02,7.434353637695312500e+02,8.906382918357849121e-01,9.817515702125213011e+02,5.380670080146762757e+02,1.048278807506769681e+02,2.541182978822173482e+02,0.000000000000000000e+00
5.287000000000000000e+04,1.930000000000000000e+02,7.869000000000000000e+03,1.080000000000000000e+02,1.073218261718750000e+03,5.753474121093750000e+02,9.072397351264953613e-01,1.075732666015625000e+03,5.703187255859375000e+02,9.390150308609008789e-01,1.068189575195312500e+03,5.678043212890625000e+02,9.240081310272216797e-01,1.073218261718750000e+03,5.703187255859375000e+02,6.452900767326354980e-01,1.053103393554687500e+03,5.652899780273437500e+02,9.223062992095947266e-01,1.073218261718750000e+03,5.979766235351562500e+02,9.128338694572448730e-01,1.035502929687500000e+03,5.929479370117187500e+02,8.988301157951354980e-01,1.075732666015625000e+03,6.407207031250000000e+02,8.695594668388366699e-01,1.020416809082031250e+03,6.331776123046875000e+02,8.755660653114318848e-01,1.080761352539062500e+03,6.759216308593750000e+02,8.639278411865234375e-01,1.017902465820312500e+03,6.658642578125000000e+02,8.656430840492248535e-01,1.060646484375000000e+03,6.708929443359375000e+02,9.289261102676391602e-01,1.035502929687500000e+03,6.708929443359375000e+02,8.989572525024414062e-01,1.070703857421875000e+03,7.236943969726562500e+02,9.188683032989501953e-01,1.038017333984375000e+03,7.236943969726562500e+02,9.352783560752868652e-01,1.055617797851562500e+03,7.790102539062500000e+02,9.087897539138793945e-01,1.000301940917968750e+03,7.463236083984375000e+02,8.998486995697021484e-01,1.068189575195312500e+03,5.476895141601562500e+02,9.276983141899108887e-01,1.055617797851562500e+03,5.854048461914062500e+02,9.515746831893920898e-01,1.048074707031250000e+03,6.683786010742187500e+02,9.325758814811706543e-01,1.075732666015625000e+03,7.890676879882812500e+02,8.827957510948181152e-01,1.002816284179687500e+03,7.739815673828125000e+02,9.080607295036315918e-01,1.075732666015625000e+03,7.865533447265625000e+02,8.881563544273376465e-01,9.977875976562500000e+02,7.714671630859375000e+02,9.324868321418762207e-01,1.048074707031250000e+03,7.865533447265625000e+02,9.220426678657531738e-01,9.952732543945312500e+02,7.438092651367187500e+02,8.922519087791442871e-01,9.860983542504285424e+02,5.365251617744329451e+02,1.060364448658041283e+02,2.569455186167543843e+02,0.000000000000000000e+00
5.287100000000000000e+04,1.930000000000000000e+02,7.869000000000000000e+03,1.090000000000000000e+02,1.076996704101562500e+03,5.727984008789062500e+02,9.171149730682373047e-01,1.079473022460937500e+03,5.678456420898437500e+02,9.155513048171997070e-01,1.072043945312500000e+03,5.653693237304687500e+02,9.245369434356689453e-01,1.076996704101562500e+03,5.678456420898437500e+02,6.080956459045410156e-01,1.054709472656250000e+03,5.653693237304687500e+02,9.376899600028991699e-01,1.076996704101562500e+03,5.975619506835937500e+02,9.246304035186767578e-01,1.037375000000000000e+03,5.926092529296875000e+02,9.127919673919677734e-01,1.076996704101562500e+03,6.371836547851562500e+02,8.510017991065979004e-01,1.017564147949218750e+03,6.322309570312500000e+02,8.616589307785034180e-01,1.084425781250000000e+03,6.743289794921875000e+02,8.473196625709533691e-01,1.015087768554687500e+03,6.668999023437500000e+02,8.772249221801757812e-01,1.062138549804687500e+03,6.693762817382812500e+02,8.937154412269592285e-01,1.037375000000000000e+03,6.693762817382812500e+02,8.974072337150573730e-01,1.069567626953125000e+03,7.238561401367187500e+02,9.200361967086791992e-01,1.044804077148437500e+03,7.238561401367187500e+02,9.329555630683898926e-01,1.049756713867187500e+03,7.808123168945312500e+02,9.297923445701599121e-01,1.007658691406250000e+03,7.486196899414062500e+02,9.137302637100219727e-01,1.072043945312500000e+03,5.480347900390625000e+02,9.364072680473327637e-01,1.059662231445312500e+03,5.827037963867187500e+02,9.139205813407897949e-01,1.049756713867187500e+03,6.693762817382812500e+02,9.193345308303833008e-01,1.069567626953125000e+03,7.907177734375000000e+02,9.323384761810302734e-01,1.015087768554687500e+03,7.783359375000000000e+02,9.247022867202758789e-01,1.069567626953125000e+03,7.882413940429687500e+02,8.728594779968261719e-01,1.007658691406250000e+03,7.758596191406250000e+02,9.506003856658935547e-01,1.044804077148437500e+03,7.882413940429687500e+02,9.400760531425476074e-01,1.002705993652343750e+03,7.461433105468750000e+02,9.076626300811767578e-01,9.909458425767948029e+02,5.379116893236302985e+02,1.056725196132642850e+02,2.554130992020830035e+02,0.000000000000000000e+00
5.287200000000000000e+04,1.930000000000000000e+02,7.873000000000000000e+03,1.100000000000000000e+02,1.080767456054687500e+03,5.690132446289062500e+02,9.057334065437316895e-01,1.083266357421875000e+03,5.640154418945312500e+02,9.420469999313354492e-01,1.075769653320312500e+03,5.640154418945312500e+02,9.337033629417419434e-01,1.083266357421875000e+03,5.665143432617187500e+02,5.879593491554260254e-01,1.058277343750000000e+03,5.640154418945312500e+02,9.036435484886169434e-01,1.080767456054687500e+03,5.965012207031250000e+02,8.615307807922363281e-01,1.038286010742187500e+03,5.915034179687500000e+02,8.634589314460754395e-01,1.085765258789062500e+03,6.364837646484375000e+02,8.479881286621093750e-01,1.018294799804687500e+03,6.289869995117187500e+02,8.561299443244934082e-01,1.090763061523437500e+03,6.739673461914062500e+02,8.595400452613830566e-01,1.013296936035156250e+03,6.639717407226562500e+02,8.223721385002136230e-01,1.065774047851562500e+03,6.664706420898437500e+02,8.759026527404785156e-01,1.040784912109375000e+03,6.664706420898437500e+02,8.211923837661743164e-01,1.070771850585937500e+03,7.239454956054687500e+02,8.805043697357177734e-01,1.055778442382812500e+03,7.214465942382812500e+02,8.798401951789855957e-01,1.048281616210937500e+03,7.839193115234375000e+02,8.556042909622192383e-01,1.018294799804687500e+03,7.564313354492187500e+02,9.203683733940124512e-01,1.073270751953125000e+03,5.440241699218750000e+02,9.194473028182983398e-01,1.063275146484375000e+03,5.815077514648437500e+02,9.428884983062744141e-01,1.053279541015625000e+03,6.664706420898437500e+02,8.973078727722167969e-01,1.068272949218750000e+03,7.914160156250000000e+02,9.056187272071838379e-01,1.025791503906250000e+03,7.814204101562500000e+02,9.152699708938598633e-01,1.065774047851562500e+03,7.889171142578125000e+02,8.968790173530578613e-01,1.018294799804687500e+03,7.789215087890625000e+02,8.502934575080871582e-01,1.040784912109375000e+03,7.914160156250000000e+02,8.302549123764038086e-01,1.013296936035156250e+03,7.564313354492187500e+02,8.975165486335754395e-01,9.964441280552352964e+02,5.390564523330840530e+02,1.061038557537158340e+02,2.562634279038942395e+02,0.000000000000000000e+00
5.287300000000000000e+04,1.930000000000000000e+02,7.873000000000000000e+03,1.110000000000000000e+02,1.081178710937500000e+03,5.613840942382812500e+02,8.217781186103820801e-01,1.086388061523437500e+03,5.561748046875000000e+02,9.159013628959655762e-01,1.075969360351562500e+03,5.561748046875000000e+02,8.832113146781921387e-01,1.088992675781250000e+03,5.613840942382812500e+02,7.967262864112854004e-01,1.062946166992187500e+03,5.587794799804687500e+02,9.085488915443420410e-01,1.083783325195312500e+03,5.952446289062500000e+02,8.826398253440856934e-01,1.042108886718750000e+03,5.874306640625000000e+02,9.136922359466552734e-01,1.088992675781250000e+03,6.343144531250000000e+02,8.918761014938354492e-01,1.018666992187500000e+03,6.265004882812500000e+02,8.374105691909790039e-01,1.091597290039062500e+03,6.733842773437500000e+02,8.828742504119873047e-01,1.010853027343750000e+03,6.629656372070312500e+02,8.765263557434082031e-01,1.068155395507812500e+03,6.681749877929687500e+02,8.721756339073181152e-01,1.044713500976562500e+03,6.681749877929687500e+02,8.222391009330749512e-01,1.070760131835937500e+03,7.254773559570312500e+02,7.477905750274658203e-01,1.060341430664062500e+03,7.228727416992187500e+02,9.353370070457458496e-01,1.034294921875000000e+03,7.697565307617187500e+02,7.161552309989929199e-01,1.036899536132812500e+03,7.775704956054687500e+02,7.774459123611450195e-01,1.075969360351562500e+03,5.405468750000000000e+02,9.096274971961975098e-01,1.068155395507812500e+03,5.770120239257812500e+02,9.009983539581298828e-01,1.057736816406250000e+03,6.655703125000000000e+02,8.582336902618408203e-01,1.060341430664062500e+03,7.879890747070312500e+02,7.897468209266662598e-01,1.055132202148437500e+03,7.905937500000000000e+02,7.953996062278747559e-01,1.060341430664062500e+03,7.853844604492187500e+02,7.402023673057556152e-01,1.047318237304687500e+03,7.931984252929687500e+02,8.209144473075866699e-01,1.023876281738281250e+03,7.697565307617187500e+02,7.476463317871093750e-01,1.029085571289062500e+03,7.801751098632812500e+02,7.451927065849304199e-01,9.983251844248304678e+02,5.370947039340989022e+02,1.089649893125979361e+02,2.636437203286288877e+02,0.000000000000000000e+00
5.287400000000000000e+04,1.930000000000000000e+02,7.876000000000000000e+03,1.120000000000000000e+02,1.085205200195312500e+03,5.592945556640625000e+02,8.072848320007324219e-01,1.087797729492187500e+03,5.541095581054687500e+02,9.076166152954101562e-01,1.077427734375000000e+03,5.515170288085937500e+02,8.272938728332519531e-01,1.087797729492187500e+03,5.592945556640625000e+02,7.436340451240539551e-01,1.064465087890625000e+03,5.567020874023437500e+02,9.143469333648681641e-01,1.087797729492187500e+03,5.904047241210937500e+02,9.098517894744873047e-01,1.043725097656250000e+03,5.852196655273437500e+02,9.205589294433593750e-01,1.092982788085937500e+03,6.318848876953125000e+02,8.808896541595458984e-01,1.022984985351562500e+03,6.241072998046875000e+02,8.514212369918823242e-01,1.095575317382812500e+03,6.681799926757812500e+02,8.730027675628662109e-01,1.010022399902343750e+03,6.604024658203125000e+02,8.725991249084472656e-01,1.072242675781250000e+03,6.707725219726562500e+02,8.613579869270324707e-01,1.043725097656250000e+03,6.655874633789062500e+02,7.672794461250305176e-01,1.067057617187500000e+03,7.226227416992187500e+02,7.766923904418945312e-01,1.064465087890625000e+03,7.174376831054687500e+02,8.472685217857360840e-01,1.043725097656250000e+03,7.796579589843750000e+02,8.731934428215026855e-01,1.038540039062500000e+03,7.796579589843750000e+02,8.644461631774902344e-01,1.077427734375000000e+03,5.385545043945312500e+02,8.708276748657226562e-01,1.069650146484375000e+03,5.748496093750000000e+02,9.498895406723022461e-01,1.059280151367187500e+03,6.681799926757812500e+02,8.244409561157226562e-01,1.059280151367187500e+03,7.952130126953125000e+02,8.064206838607788086e-01,1.059280151367187500e+03,7.952130126953125000e+02,8.589774370193481445e-01,1.061872680664062500e+03,7.926204833984375000e+02,8.220325112342834473e-01,1.048910034179687500e+03,7.952130126953125000e+02,8.089074492454528809e-01,1.030762451171875000e+03,7.822504272460937500e+02,6.798585057258605957e-01,1.030762451171875000e+03,7.848429565429687500e+02,9.108900427818298340e-01,9.998326387948153524e+02,5.367618151531780768e+02,1.104034556923573973e+02,2.655750575392805786e+02,0.000000000000000000e+00
5.287500000000000000e+04,1.930000000000000000e+02,7.876000000000000000e+03,1.130000000000000000e+02,1.090170166015625000e+03,5.542247314453125000e+02,8.658649921417236328e-01,1.090170166015625000e+03,5.488542480468750000e+02,9.093867540359497070e-01,1.082114379882812500e+03,5.488542480468750000e+02,8.823190331459045410e-01,1.092855468750000000e+03,5.542247314453125000e+02,7.037948966026306152e-01,1.068688232421875000e+03,5.515394897460937500e+02,9.607493281364440918e-01,1.090170166015625000e+03,5.891328735351562500e+02,9.130510091781616211e-01,1.047206298828125000e+03,5.837623901367187500e+02,9.154382348060607910e-01,1.092855468750000000e+03,6.294115600585937500e+02,8.889757394790649414e-01,1.023039062500000000e+03,6.213558349609375000e+02,8.854724764823913574e-01,1.100911132812500000e+03,6.643197021484375000e+02,8.604395985603332520e-01,1.009612854003906250e+03,6.589492187500000000e+02,8.169775605201721191e-01,1.071373413085937500e+03,6.723754882812500000e+02,8.734923005104064941e-01,1.047206298828125000e+03,6.696902465820312500e+02,8.816004395484924316e-01,1.060632446289062500e+03,7.233950805664062500e+02,8.749992847442626953e-01,1.066002929687500000e+03,7.207098388671875000e+02,8.499993681907653809e-01,1.031094848632812500e+03,7.717294921875000000e+02,9.314687848091125488e-01,1.063317749023437500e+03,7.851557006835937500e+02,8.462966084480285645e-01,1.079429199218750000e+03,5.327427368164062500e+02,8.980391621589660645e-01,1.071373413085937500e+03,5.730214233398437500e+02,9.302849769592285156e-01,1.057947265625000000e+03,6.696902465820312500e+02,9.228870868682861328e-01,1.047206298828125000e+03,7.905261840820312500e+02,9.367928504943847656e-01,1.079429199218750000e+03,7.958967285156250000e+02,9.389296770095825195e-01,1.047206298828125000e+03,7.878409423828125000e+02,9.577495455741882324e-01,1.074058715820312500e+03,7.985819702148437500e+02,9.626449942588806152e-01,1.023039062500000000e+03,7.770999755859375000e+02,9.029649496078491211e-01,1.057947265625000000e+03,7.932114257812500000e+02,7.923263907432556152e-01,9.998085424098483145e+02,5.310487474309750269e+02,1.136344306006326406e+02,2.724429601295772727e+02,0.000000000000000000e+00
5.287600000000000000e+04,1.930000000000000000e+02,7.876000000000000000e+03,1.140000000000000000e+02,1.091175170898437500e+03,5.525025634765625000e+02,8.794153928756713867e-01,1.093907226562500000e+03,5.470385742187500000e+02,9.153821468353271484e-01,1.085711181640625000e+03,5.470385742187500000e+02,8.917694091796875000e-01,1.093907226562500000e+03,5.525025634765625000e+02,7.597667574882507324e-01,1.069318969726562500e+03,5.497705688476562500e+02,9.215384721755981445e-01,1.093907226562500000e+03,5.852868652343750000e+02,9.255076646804809570e-01,1.050194824218750000e+03,5.825548706054687500e+02,9.109482765197753906e-01,1.099371215820312500e+03,6.262672119140625000e+02,9.202219843864440918e-01,1.025606689453125000e+03,6.208031616210937500e+02,8.742533922195434570e-01,1.107567260742187500e+03,6.645155029296875000e+02,8.699349164962768555e-01,1.020142578125000000e+03,6.508554077148437500e+02,6.818625330924987793e-01,1.077515014648437500e+03,6.645155029296875000e+02,8.713839054107666016e-01,1.052926879882812500e+03,6.645155029296875000e+02,8.962565064430236816e-01,1.055658935546875000e+03,7.218880004882812500e+02,8.325628638267517090e-01,1.072051025390625000e+03,7.218880004882812500e+02,9.244976043701171875e-01,1.028338623046875000e+03,7.683323974609375000e+02,1.006503939628601074e+00,1.077515014648437500e+03,7.847244873046875000e+02,9.942879080772399902e-01,1.085711181640625000e+03,5.333784179687500000e+02,9.262273311614990234e-01,1.074783081054687500e+03,5.716267700195312500e+02,9.341380596160888672e-01,1.066587036132812500e+03,6.645155029296875000e+02,9.398902058601379395e-01,1.044730834960937500e+03,7.901885375976562500e+02,8.925137519836425781e-01,1.096639282226562500e+03,7.956525878906250000e+02,8.348478078842163086e-01,1.044730834960937500e+03,7.847244873046875000e+02,8.492366075515747070e-01,1.091175170898437500e+03,7.983846435546875000e+02,7.652871012687683105e-01,1.020142578125000000e+03,7.710643920898437500e+02,8.509584069252014160e-01,1.072051025390625000e+03,7.956525878906250000e+02,8.381502032279968262e-01,9.992497197713050809e+02,5.274719491835895724e+02,1.164116328407012588e+02,2.781029051749520704e+02,0.000000000000000000e+00
5.287700000000000000e+04,1.930000000000000000e+02,7.876000000000000000e+03,1.150000000000000000e+02,1.095028564453125000e+03,5.551443481445312500e+02,9.430921077728271484e-01,1.097826904296875000e+03,5.495478515625000000e+02,9.505839347839355469e-01,1.089432128906250000e+03,5.467496337890625000e+02,9.658974409103393555e-01,1.097826904296875000e+03,5.523460693359375000e+02,5.954129099845886230e-01,1.072642822265625000e+03,5.495478515625000000e+02,9.056120514869689941e-01,1.097826904296875000e+03,5.831265869140625000e+02,8.764152526855468750e-01,1.053055175781250000e+03,5.775301513671875000e+02,8.789243102073669434e-01,1.106221557617187500e+03,6.251000366210937500e+02,9.051146507263183594e-01,1.027871093750000000e+03,6.195036010742187500e+02,8.815289735794067383e-01,1.111817993164062500e+03,6.614770507812500000e+02,8.914492130279541016e-01,1.016678222656250000e+03,6.530823364257812500e+02,8.151743412017822266e-01,1.081037475585937500e+03,6.642752685546875000e+02,8.689484596252441406e-01,1.061449829101562500e+03,6.614770507812500000e+02,8.805679082870483398e-01,1.061449829101562500e+03,7.174415893554687500e+02,9.240313172340393066e-01,1.075441040039062500e+03,7.202398681640625000e+02,9.235112071037292480e-01,1.030669311523437500e+03,7.622132568359375000e+02,9.725720286369323730e-01,1.089432128906250000e+03,7.873973388671875000e+02,9.824424982070922852e-01,1.086633911132812500e+03,5.299602661132812500e+02,9.348888397216796875e-01,1.078239257812500000e+03,5.691354980468750000e+02,9.440178871154785156e-01,1.069844604492187500e+03,6.614770507812500000e+02,9.066183567047119141e-01,1.041862304687500000e+03,7.901955566406250000e+02,8.196677565574645996e-01,1.109019775390625000e+03,7.901955566406250000e+02,7.429068088531494141e-01,1.041862304687500000e+03,7.873973388671875000e+02,8.288698792457580566e-01,1.103423339843750000e+03,7.929938354492187500e+02,7.822799682617187500e-01,1.019476440429687500e+03,7.678097534179687500e+02,8.611350655555725098e-01,1.086633911132812500e+03,7.985902709960937500e+02,8.101954460144042969e-01,1.003058151226610107e+03,5.237869815056698144e+02,1.205123524328264466e+02,2.845965587666840975e+02,0.000000000000000000e+00
5.287800000000000000e+04,1.930000000000000000e+02,7.852000000000000000e+03,1.160000000000000000e+02,1.098963623046875000e+03,5.508037719726562500e+02,9.049485325813293457e-01,1.098963623046875000e+03,5.451629028320312500e+02,9.427134990692138672e-01,1.090502197265625000e+03,5.451629028320312500e+02,9.214735627174377441e-01,1.098963623046875000e+03,5.508037719726562500e+02,6.161392927169799805e-01,1.076400146484375000e+03,5.479833374023437500e+02,9.213188886642456055e-01,1.098963623046875000e+03,5.818285522460937500e+02,9.019042849540710449e-01,1.056656982421875000e+03,5.761876831054687500e+02,8.794859051704406738e-01,1.107424804687500000e+03,6.241350708007812500e+02,8.807716369628906250e-01,1.034093505859375000e+03,6.213146362304687500e+02,8.804430961608886719e-01,1.110245361328125000e+03,6.636211547851562500e+02,8.786200881004333496e-01,1.028452636718750000e+03,6.551598510742187500e+02,7.467336654663085938e-01,1.084861328125000000e+03,6.636211547851562500e+02,8.781426548957824707e-01,1.059477539062500000e+03,6.636211547851562500e+02,8.768755197525024414e-01,1.067938720703125000e+03,7.200298461914062500e+02,7.622151970863342285e-01,1.082041015625000000e+03,7.228502807617187500e+02,8.463297486305236816e-01,1.031273193359375000e+03,7.595159301757812500e+02,9.286265373229980469e-01,1.096143066406250000e+03,7.877202758789062500e+02,7.169285416603088379e-01,1.087681884765625000e+03,5.282402954101562500e+02,9.517682790756225586e-01,1.082041015625000000e+03,5.677263793945312500e+02,9.172852635383605957e-01,1.070759277343750000e+03,6.636211547851562500e+02,9.309642910957336426e-01,1.121527099609375000e+03,7.877202758789062500e+02,7.434769272804260254e-01,1.039734375000000000e+03,7.877202758789062500e+02,8.301914930343627930e-01,1.118706542968750000e+03,7.877202758789062500e+02,7.546754479408264160e-01,1.031273193359375000e+03,7.877202758789062500e+02,8.765555024147033691e-01,1.093322753906250000e+03,8.018224487304687500e+02,7.097857594490051270e-01,1.019991394042968750e+03,7.595159301757812500e+02,6.301093101501464844e-01,1.004557023425499096e+03,5.212513159869847641e+02,1.230704435030919512e+02,2.884760906906611808e+02,0.000000000000000000e+00
5.287900000000000000e+04,1.930000000000000000e+02,7.852000000000000000e+03,1.170000000000000000e+02,1.099430175781250000e+03,5.511391601562500000e+02,9.033599495887756348e-01,1.102250976562500000e+03,5.454974975585937500e+02,9.343077540397644043e-01,1.093788574218750000e+03,5.454974975585937500e+02,9.095465540885925293e-01,1.099430175781250000e+03,5.511391601562500000e+02,5.451602339744567871e-01,1.074042724609375000e+03,5.483183593750000000e+02,9.170770645141601562e-01,1.102250976562500000e+03,5.821682128906250000e+02,8.802992701530456543e-01,1.057117797851562500e+03,5.793474121093750000e+02,8.897719979286193848e-01,1.110713500976562500e+03,6.273013916015625000e+02,8.547768592834472656e-01,1.034551269531250000e+03,6.244805908203125000e+02,8.247510194778442383e-01,1.113534301757812500e+03,6.667929077148437500e+02,8.629416227340698242e-01,1.028909545898437500e+03,6.611513061523437500e+02,7.729392647743225098e-01,1.085326049804687500e+03,6.696137695312500000e+02,7.958381175994873047e-01,1.065580322265625000e+03,6.667929077148437500e+02,8.493445515632629395e-01,1.082505249023437500e+03,7.260302124023437500e+02,8.859804868698120117e-01,1.082505249023437500e+03,7.203886108398437500e+02,7.873108983039855957e-01,1.099430175781250000e+03,7.965508422851562500e+02,8.674879670143127441e-01,1.031730346679687500e+03,7.598801269531250000e+02,6.143291592597961426e-01,1.088146850585937500e+03,5.285725708007812500e+02,8.848414421081542969e-01,1.082505249023437500e+03,5.680640869140625000e+02,9.180893301963806152e-01,1.074042724609375000e+03,6.667929077148437500e+02,8.603671789169311523e-01,1.121996704101562500e+03,7.993716430664062500e+02,8.570802211761474609e-01,1.037372070312500000e+03,7.909091796875000000e+02,9.090624451637268066e-01,1.119175903320312500e+03,7.965508422851562500e+02,8.354483842849731445e-01,1.031730346679687500e+03,7.880883789062500000e+02,9.119105935096740723e-01,1.096609375000000000e+03,8.078341064453125000e+02,8.635237216949462891e-01,1.020447082519531250e+03,7.542384643554687500e+02,9.185318946838378906e-01,1.006778269935955336e+03,5.241968493048506161e+02,1.248985417556012862e+02,2.898857037779384882e+02,0.000000000000000000e+00
5.288000000000000000e+04,1.930000000000000000e+02,7.876000000000000000e+03,1.180000000000000000e+02,1.101346191406250000e+03,5.529835205078125000e+02,9.237912893295288086e-01,1.104221679687500000e+03,5.472324829101562500e+02,9.522339105606079102e-01,1.095595092773437500e+03,5.472324829101562500e+02,9.067388772964477539e-01,1.078341918945312500e+03,5.501080322265625000e+02,5.264618992805480957e-01,1.075466308593750000e+03,5.529835205078125000e+02,9.614418148994445801e-01,1.107097290039062500e+03,5.874899902343750000e+02,8.890648484230041504e-01,1.061088623046875000e+03,5.846145019531250000e+02,8.881312012672424316e-01,1.115723876953125000e+03,6.277475585937500000e+02,8.652848601341247559e-01,1.038084350585937500e+03,6.248720092773437500e+02,8.925389647483825684e-01,1.121474975585937500e+03,6.680051269531250000e+02,8.039166927337646484e-01,1.035208740234375000e+03,6.651295776367187500e+02,8.533693552017211914e-01,1.095595092773437500e+03,6.708806762695312500e+02,8.179157972335815430e-01,1.069715209960937500e+03,6.708806762695312500e+02,8.657945394515991211e-01,1.086968505859375000e+03,7.312669677734375000e+02,8.464091420173645020e-01,1.092719604492187500e+03,7.283914184570312500e+02,8.587711453437805176e-01,1.098470703125000000e+03,8.002799072265625000e+02,6.530407667160034180e-01,1.038084350585937500e+03,7.542713012695312500e+02,3.898965120315551758e-01,1.089843994140625000e+03,5.299792480468750000e+02,8.929921984672546387e-01,1.084092895507812500e+03,5.731123046875000000e+02,9.237749576568603516e-01,1.081217407226562500e+03,6.680051269531250000e+02,8.766261339187622070e-01,1.118599365234375000e+03,8.089065551757812500e+02,8.945231437683105469e-01,1.040959838867187500e+03,7.859022216796875000e+02,8.684679865837097168e-01,1.118599365234375000e+03,8.089065551757812500e+02,9.123238921165466309e-01,1.035208740234375000e+03,7.830266723632812500e+02,9.489808678627014160e-01,1.092719604492187500e+03,8.060310058593750000e+02,8.957853317260742188e-01,1.026582153320312500e+03,7.513957519531250000e+02,8.432859778404235840e-01,1.009074921837397142e+03,5.244090331225770569e+02,1.280674585902042963e+02,2.939554419320820671e+02,0.000000000000000000e+00
5.288100000000000000e+04,1.930000000000000000e+02,7.852000000000000000e+03,1.190000000000000000e+02,1.105597900390625000e+03,5.477240600585937500e+02,8.301852941513061523e-01,1.105597900390625000e+03,5.422465820312500000e+02,8.697659969329833984e-01,1.094642944335937500e+03,5.422465820312500000e+02,8.176118731498718262e-01,1.083687988281250000e+03,5.532015380859375000e+02,4.552870988845825195e-01,1.078210449218750000e+03,5.532015380859375000e+02,9.343749284744262695e-01,1.108336669921875000e+03,5.860665283203125000e+02,8.561533093452453613e-01,1.067255493164062500e+03,5.833277587890625000e+02,8.930088281631469727e-01,1.119291625976562500e+03,6.326251831054687500e+02,8.147742152214050293e-01,1.045345458984375000e+03,6.298864746093750000e+02,8.700381517410278320e-01,1.127507934570312500e+03,6.709676513671875000e+02,7.813274264335632324e-01,1.039868041992187500e+03,6.709676513671875000e+02,9.113708734512329102e-01,1.097381713867187500e+03,6.709676513671875000e+02,8.445307016372680664e-01,1.075471679687500000e+03,6.737064208984375000e+02,8.931149244308471680e-01,1.097381713867187500e+03,7.312200927734375000e+02,8.485939502716064453e-01,1.094642944335937500e+03,7.284813232421875000e+02,8.867548704147338867e-01,1.091904174804687500e+03,7.996887817382812500e+02,5.612390041351318359e-01,1.097381713867187500e+03,7.996887817382812500e+02,4.796356260776519775e-01,1.086426635742187500e+03,5.312915649414062500e+02,8.565151691436767578e-01,1.089165405273437500e+03,5.723728027343750000e+02,8.969186544418334961e-01,1.086426635742187500e+03,6.709676513671875000e+02,8.788089752197265625e-01,1.116552856445312500e+03,8.106437377929687500e+02,9.118865132331848145e-01,1.050822998046875000e+03,7.859949951171875000e+02,9.008348584175109863e-01,1.113814086914062500e+03,8.106437377929687500e+02,9.491162896156311035e-01,1.042606689453125000e+03,7.832562866210937500e+02,8.942066431045532227e-01,1.086426635742187500e+03,8.079049682617187500e+02,8.734355568885803223e-01,1.034390502929687500e+03,7.503912963867187500e+02,8.327701091766357422e-01,1.014887481718131653e+03,5.290908588773063457e+02,1.229265244290949113e+02,2.863010002023969491e+02,0.000000000000000000e+00
5.288200000000000000e+04,1.930000000000000000e+02,7.876000000000000000e+03,1.200000000000000000e+02,1.111837524414062500e+03,5.562759399414062500e+02,8.721557259559631348e-01,1.111837524414062500e+03,5.506462402343750000e+02,9.159695506095886230e-01,1.103392944335937500e+03,5.506462402343750000e+02,8.659411668777465820e-01,1.111837524414062500e+03,5.562759399414062500e+02,6.757238507270812988e-01,1.086503906250000000e+03,5.534611206054687500e+02,9.166587591171264648e-01,1.114652343750000000e+03,5.872391967773437500e+02,8.926892876625061035e-01,1.072429809570312500e+03,5.872391967773437500e+02,8.775174617767333984e-01,1.125911743164062500e+03,6.266469726562500000e+02,9.088175296783447266e-01,1.049911010742187500e+03,6.322766113281250000e+02,9.130144715309143066e-01,1.131541381835937500e+03,6.688695068359375000e+02,8.229023218154907227e-01,1.049911010742187500e+03,6.773140869140625000e+02,9.213860630989074707e-01,1.103392944335937500e+03,6.744992065429687500e+02,8.979994058609008789e-01,1.080874267578125000e+03,6.744992065429687500e+02,9.093171954154968262e-01,1.103392944335937500e+03,7.336108398437500000e+02,8.316984772682189941e-01,1.097763305664062500e+03,7.336108398437500000e+02,8.196138739585876465e-01,1.055540771484375000e+03,7.589443969726562500e+02,5.779089331626892090e-01,1.055540771484375000e+03,7.589443969726562500e+02,5.082195401191711426e-01,1.100578125000000000e+03,5.309423828125000000e+02,9.173239469528198242e-01,1.094948486328125000e+03,5.731649780273437500e+02,9.147537350654602051e-01,1.092133666992187500e+03,6.716843872070312500e+02,9.139893054962158203e-01,1.111837524414062500e+03,8.124263916015625000e+02,9.363671541213989258e-01,1.063985229492187500e+03,7.927224731445312500e+02,8.173772692680358887e-01,1.109022705078125000e+03,8.096115112304687500e+02,8.756878376007080078e-01,1.055540771484375000e+03,7.870927734375000000e+02,8.582589030265808105e-01,1.086503906250000000e+03,8.096115112304687500e+02,8.137930631637573242e-01,1.047096191406250000e+03,7.533146972656250000e+02,7.769935131072998047e-01,1.023848748102937179e+03,5.288836487750764945e+02,1.219190468003826027e+02,2.883103732340460965e+02,0.000000000000000000e+00
5.288300000000000000e+04,1.930000000000000000e+02,7.852000000000000000e+03,1.210000000000000000e+02,1.118174560546875000e+03,5.554087524414062500e+02,8.858491778373718262e-01,1.118174560546875000e+03,5.497152709960937500e+02,9.507570266723632812e-01,1.109634399414062500e+03,5.497152709960937500e+02,8.850196003913879395e-01,1.118174560546875000e+03,5.525620117187500000e+02,6.287800669670104980e-01,1.092553833007812500e+03,5.525620117187500000e+02,9.085143208503723145e-01,1.118174560546875000e+03,5.867230224609375000e+02,9.192549586296081543e-01,1.078320068359375000e+03,5.867230224609375000e+02,9.006000161170959473e-01,1.129561523437500000e+03,6.265774536132812500e+02,8.742645978927612305e-01,1.058392822265625000e+03,6.322709960937500000e+02,8.768661618232727051e-01,1.138101806640625000e+03,6.692786865234375000e+02,8.137491941452026367e-01,1.061239624023437500e+03,6.778189697265625000e+02,9.374061822891235352e-01,1.112481079101562500e+03,6.721254272460937500e+02,8.748345971107482910e-01,1.084013549804687500e+03,6.749721679687500000e+02,8.919094204902648926e-01,1.118174560546875000e+03,7.347539062500000000e+02,8.608315587043762207e-01,1.098247314453125000e+03,7.319071655273437500e+02,9.575807452201843262e-01,1.066933105468750000e+03,7.632213745117187500e+02,9.429498910903930664e-01,1.086860351562500000e+03,8.030758666992187500e+02,8.124192357063293457e-01,1.106787597656250000e+03,5.297880249023437500e+02,8.965035080909729004e-01,1.101094116210937500e+03,5.724892578125000000e+02,9.058088660240173340e-01,1.098247314453125000e+03,6.721254272460937500e+02,9.166544079780578613e-01,1.072626586914062500e+03,7.916889038085937500e+02,9.925909042358398438e-01,1.109634399414062500e+03,8.144628906250000000e+02,9.297260642051696777e-01,1.075473388671875000e+03,7.888421020507812500e+02,8.841304779052734375e-01,1.101094116210937500e+03,8.173096313476562500e+02,9.625483155250549316e-01,1.058392822265625000e+03,7.603746337890625000e+02,8.883969187736511230e-01,1.081166870117187500e+03,8.087693481445312500e+02,7.708257436752319336e-01,1.033368891255797053e+03,5.299122433884159591e+02,1.207336851309974008e+02,2.911407183117049726e+02,0.000000000000000000e+00
5.288400000000000000e+04,1.930000000000000000e+02,7.876000000000000000e+03,1.220000000000000000e+02,1.123374389648437500e+03,5.551691894531250000e+02,8.512724041938781738e-01,1.123374389648437500e+03,5.494057617187500000e+02,9.253205657005310059e-01,1.117610961914062500e+03,5.494057617187500000e+02,8.476043939590454102e-01,1.123374389648437500e+03,5.551691894531250000e+02,6.142196655273437500e-01,1.097439086914062500e+03,5.522874755859375000e+02,8.924933075904846191e-01,1.123374389648437500e+03,5.868678588867187500e+02,9.141394495964050293e-01,1.083030517578125000e+03,5.868678588867187500e+02,9.030821919441223145e-01,1.134901123046875000e+03,6.272116699218750000e+02,8.925093412399291992e-01,1.068622070312500000e+03,6.329750976562500000e+02,8.905830383300781250e-01,1.140664550781250000e+03,6.675555419921875000e+02,8.298357725143432617e-01,1.071503784179687500e+03,6.762006225585937500e+02,8.935708403587341309e-01,1.120492675781250000e+03,6.733189086914062500e+02,9.174301624298095703e-01,1.094557373046875000e+03,6.733189086914062500e+02,9.075884222984313965e-01,1.129137817382812500e+03,7.338346557617187500e+02,9.028288125991821289e-01,1.094557373046875000e+03,7.338346557617187500e+02,8.782113194465637207e-01,1.083030517578125000e+03,7.741784667968750000e+02,9.449639320373535156e-01,1.083030517578125000e+03,8.029954833984375000e+02,8.046485781669616699e-01,1.111847534179687500e+03,5.292338867187500000e+02,9.108283519744873047e-01,1.106084106445312500e+03,5.724593505859375000e+02,9.145088195800781250e-01,1.106084106445312500e+03,6.704371948242187500e+02,9.091953039169311523e-01,1.100320800781250000e+03,7.972320556640625000e+02,8.033001422882080078e-01,1.108965820312500000e+03,8.174039916992187500e+02,8.684397935867309570e-01,1.100320800781250000e+03,7.914686889648437500e+02,7.153077125549316406e-01,1.100320800781250000e+03,8.174039916992187500e+02,8.721738457679748535e-01,1.071503784179687500e+03,7.741784667968750000e+02,9.380629658699035645e-01,1.074385375976562500e+03,8.116405639648437500e+02,8.309979438781738281e-01,1.040448217403448780e+03,5.280735868444913876e+02,1.196132323525689571e+02,2.944852696187871288e+02,0.000000000000000000e+00
5.288500000000000000e+04,1.930000000000000000e+02,7.852000000000000000e+03,1.230000000000000000e+02,1.128288696289062500e+03,5.481350097656250000e+02,8.642967343330383301e-01,1.128288696289062500e+03,5.423913574218750000e+02,9.213902950286865234e-01,1.119673217773437500e+03,5.452631835937500000e+02,8.660855293273925781e-01,1.125416870117187500e+03,5.481350097656250000e+02,5.258443951606750488e-01,1.102442260742187500e+03,5.481350097656250000e+02,9.179292917251586914e-01,1.125416870117187500e+03,5.797250366210937500e+02,9.362184405326843262e-01,1.088083129882812500e+03,5.797250366210937500e+02,8.960288763046264648e-01,1.134032348632812500e+03,6.256742553710937500e+02,9.430506229400634766e-01,1.076595825195312500e+03,6.256742553710937500e+02,8.160962462425231934e-01,1.139776000976562500e+03,6.658797607421875000e+02,7.770701050758361816e-01,1.085211303710937500e+03,6.658797607421875000e+02,8.459582328796386719e-01,1.119673217773437500e+03,6.687515869140625000e+02,8.844755887985229492e-01,1.093826782226562500e+03,6.687515869140625000e+02,8.195012807846069336e-01,1.134032348632812500e+03,7.319317016601562500e+02,9.111424088478088379e-01,1.093826782226562500e+03,7.348035278320312500e+02,9.323350191116333008e-01,1.102442260742187500e+03,7.864963378906250000e+02,8.936224579811096191e-01,1.076595825195312500e+03,8.065991210937500000e+02,8.394742608070373535e-01,1.116801391601562500e+03,5.251604003906250000e+02,9.139436483383178711e-01,1.108185913085937500e+03,5.682377319335937500e+02,9.592752456665039062e-01,1.108185913085937500e+03,6.658797607421875000e+02,9.079917669296264648e-01,1.119673217773437500e+03,8.152145996093750000e+02,8.904955983161926270e-01,1.105314086914062500e+03,8.209582519531250000e+02,7.858374714851379395e-01,1.122545043945312500e+03,8.094709472656250000e+02,9.293521642684936523e-01,1.099570434570312500e+03,8.238300781250000000e+02,6.859084367752075195e-01,1.093826782226562500e+03,7.951118164062500000e+02,8.152227401733398438e-01,1.070852172851562500e+03,8.152145996093750000e+02,7.697657346725463867e-01,1.056729982114176664e+03,5.247210008420139502e+02,1.170635897687332090e+02,2.950221618536510277e+02,0.000000000000000000e+00
5.288600000000000000e+04,1.930000000000000000e+02,7.876000000000000000e+03,1.240000000000000000e+02,1.133060913085937500e+03,5.499992065429687500e+02,8.601795434951782227e-01,1.135950317382812500e+03,5.442202148437500000e+02,9.104508161544799805e-01,1.127281860351562500e+03,5.442202148437500000e+02,8.737678527832031250e-01,1.133060913085937500e+03,5.499992065429687500e+02,5.171642899513244629e-01,1.107055419921875000e+03,5.471096801757812500e+02,8.932783603668212891e-01,1.130171386718750000e+03,5.817835693359375000e+02,9.414205551147460938e-01,1.092608032226562500e+03,5.817835693359375000e+02,9.011765122413635254e-01,1.138839843750000000e+03,6.222364501953125000e+02,8.849842548370361328e-01,1.089718505859375000e+03,6.251259155273437500e+02,8.483890295028686523e-01,1.135950317382812500e+03,6.597998046875000000e+02,7.145691514015197754e-01,1.098386962890625000e+03,6.655787963867187500e+02,8.575422167778015137e-01,1.127281860351562500e+03,6.655787963867187500e+02,8.594637513160705566e-01,1.095497558593750000e+03,6.655787963867187500e+02,8.393870592117309570e-01,1.141729370117187500e+03,7.320370483398437500e+02,9.255228638648986816e-01,1.092608032226562500e+03,7.320370483398437500e+02,9.397059082984924316e-01,1.121502929687500000e+03,7.984953002929687500e+02,8.897928595542907715e-01,1.072381591796875000e+03,8.071637573242187500e+02,9.262112379074096680e-01,1.124392456054687500e+03,5.239937744140625000e+02,8.816053867340087891e-01,1.112834472656250000e+03,5.673361206054687500e+02,9.150704145431518555e-01,1.112834472656250000e+03,6.626892700195312500e+02,8.770458698272705078e-01,1.144618896484375000e+03,8.187216796875000000e+02,9.074701070785522461e-01,1.101276489257812500e+03,8.187216796875000000e+02,8.162776231765747070e-01,1.144618896484375000e+03,8.129427490234375000e+02,9.045817255973815918e-01,1.092608032226562500e+03,8.245006713867187500e+02,8.896309733390808105e-01,1.109944946289062500e+03,8.071637573242187500e+02,8.362414240837097168e-01,1.063713134765625000e+03,8.187216796875000000e+02,8.409851789474487305e-01,1.066463036113648059e+03,5.245730332420574769e+02,1.149935444076272688e+02,2.963232188709979482e+02,0.000000000000000000e+00
5.288700000000000000e+04,1.930000000000000000e+02,7.873000000000000000e+03,1.250000000000000000e+02,1.134918334960937500e+03,5.401646118164062500e+02,8.507224321365356445e-01,1.138016845703125000e+03,5.370661010742187500e+02,9.230086803436279297e-01,1.128721313476562500e+03,5.339675903320312500e+02,9.106596708297729492e-01,1.134918334960937500e+03,5.463615722656250000e+02,6.077297329902648926e-01,1.110130371093750000e+03,5.432630615234375000e+02,9.282697439193725586e-01,1.134918334960937500e+03,5.804450073242187500e+02,9.437482953071594238e-01,1.097736328125000000e+03,5.804450073242187500e+02,9.221588969230651855e-01,1.134918334960937500e+03,6.269224853515625000e+02,8.918534517288208008e-01,1.103933349609375000e+03,6.300209350585937500e+02,8.551893234252929688e-01,1.141115356445312500e+03,6.672028808593750000e+02,7.781813740730285645e-01,1.119425903320312500e+03,6.703013916015625000e+02,7.744002938270568848e-01,1.128721313476562500e+03,6.703013916015625000e+02,8.998553752899169922e-01,1.097736328125000000e+03,6.703013916015625000e+02,8.924952745437622070e-01,1.147312255859375000e+03,7.322713012695312500e+02,9.446674585342407227e-01,1.088440917968750000e+03,7.353698120117187500e+02,9.206824898719787598e-01,1.141115356445312500e+03,8.066351928710937500e+02,9.495733380317687988e-01,1.069849975585937500e+03,8.066351928710937500e+02,8.702564239501953125e-01,1.122524291992187500e+03,5.215736083984375000e+02,8.965011835098266602e-01,1.116327392578125000e+03,5.649525756835937500e+02,9.073650836944580078e-01,1.110130371093750000e+03,6.672028808593750000e+02,9.248494505882263184e-01,1.169001831054687500e+03,8.159306640625000000e+02,8.765004277229309082e-01,1.091539428710937500e+03,8.221276855468750000e+02,8.377396464347839355e-01,1.169001831054687500e+03,8.128322143554687500e+02,8.908256888389587402e-01,1.082243896484375000e+03,8.252261962890625000e+02,7.900882959365844727e-01,1.134918334960937500e+03,8.190291748046875000e+02,9.168900847434997559e-01,1.063652954101562500e+03,8.128322143554687500e+02,8.562161922454833984e-01,1.063166980396734743e+03,5.168991194570187417e+02,1.214526689654439906e+02,3.107776833009254460e+02,0.000000000000000000e+00
5.288800000000000000e+04,1.930000000000000000e+02,7.876000000000000000e+03,1.260000000000000000e+02,1.141628173828125000e+03,5.369137573242187500e+02,8.661419749259948730e-01,1.141628173828125000e+03,5.336390991210937500e+02,9.138929843902587891e-01,1.131804077148437500e+03,5.336390991210937500e+02,9.076158404350280762e-01,1.141628173828125000e+03,5.434631347656250000e+02,6.490040421485900879e-01,1.115430786132812500e+03,5.434631347656250000e+02,8.751128315925598145e-01,1.141628173828125000e+03,5.794844970703125000e+02,9.291399121284484863e-01,1.102332031250000000e+03,5.762098388671875000e+02,8.889874815940856934e-01,1.144902832031250000e+03,6.220552368164062500e+02,8.954684138298034668e-01,1.095782714843750000e+03,6.286045532226562500e+02,8.644880056381225586e-01,1.138353393554687500e+03,6.548019409179687500e+02,8.148561120033264160e-01,1.118705444335937500e+03,6.548019409179687500e+02,8.111723065376281738e-01,1.128529418945312500e+03,6.679006347656250000e+02,8.756148815155029297e-01,1.099057373046875000e+03,6.679006347656250000e+02,8.995608687400817871e-01,1.148177490234375000e+03,7.333940429687500000e+02,9.481369853019714355e-01,1.085958740234375000e+03,7.366687011718750000e+02,9.348779320716857910e-01,1.161276123046875000e+03,8.054367675781250000e+02,9.026865363121032715e-01,1.063036010742187500e+03,8.054367675781250000e+02,9.063022136688232422e-01,1.128529418945312500e+03,5.205404052734375000e+02,8.917394280433654785e-01,1.121980102539062500e+03,5.631111450195312500e+02,9.350454211235046387e-01,1.112156127929687500e+03,6.646259155273437500e+02,9.123722314834594727e-01,1.190748168945312500e+03,8.119861450195312500e+02,8.857584595680236816e-01,1.085958740234375000e+03,8.218101196289062500e+02,9.201536774635314941e-01,1.187473510742187500e+03,8.087114868164062500e+02,9.131938815116882324e-01,1.076134643554687500e+03,8.218101196289062500e+02,9.542791247367858887e-01,1.154726806640625000e+03,8.218101196289062500e+02,9.252620339393615723e-01,1.053212036132812500e+03,8.119861450195312500e+02,8.979763388633728027e-01,1.060818703671087633e+03,5.088322574390961677e+02,1.292802939926132240e+02,3.278004753077306646e+02,0.000000000000000000e+00
5.288900000000000000e+04,1.930000000000000000e+02,7.876000000000000000e+03,1.270000000000000000e+02,1.143056640625000000e+03,5.381831665039062500e+02,8.541375994682312012e-01,1.146374877929687500e+03,5.381831665039062500e+02,8.909931182861328125e-01,1.136420043945312500e+03,5.348648681640625000e+02,9.020107388496398926e-01,1.149693237304687500e+03,5.481380615234375000e+02,7.634286284446716309e-01,1.116510253906250000e+03,5.448197631835937500e+02,8.715302348136901855e-01,1.149693237304687500e+03,5.813211059570312500e+02,9.128699302673339844e-01,1.106555297851562500e+03,5.780028076171875000e+02,8.929670453071594238e-01,1.156329833984375000e+03,6.310956420898437500e+02,8.901803493499755859e-01,1.099918701171875000e+03,6.310956420898437500e+02,8.949766159057617188e-01,1.156329833984375000e+03,6.675969238281250000e+02,8.619425296783447266e-01,1.129783447265625000e+03,6.543237304687500000e+02,8.557638525962829590e-01,1.136420043945312500e+03,6.709152221679687500e+02,8.860681056976318359e-01,1.106555297851562500e+03,6.709152221679687500e+02,8.715026378631591797e-01,1.153011474609375000e+03,7.372813110351562500e+02,9.350358843803405762e-01,1.086645507812500000e+03,7.372813110351562500e+02,9.407151341438293457e-01,1.172921386718750000e+03,8.102839355468750000e+02,9.402924776077270508e-01,1.060099121093750000e+03,8.036473388671875000e+02,9.370419383049011230e-01,1.133101684570312500e+03,5.249099731445312500e+02,9.100111126899719238e-01,1.129783447265625000e+03,5.647295532226562500e+02,9.199916124343872070e-01,1.119828491210937500e+03,6.675969238281250000e+02,9.456048011779785156e-01,1.206104370117187500e+03,8.102839355468750000e+02,8.677800297737121582e-01,1.080008911132812500e+03,8.202388305664062500e+02,9.041667580604553223e-01,1.202786010742187500e+03,8.069656372070312500e+02,9.114405512809753418e-01,1.070053955078125000e+03,8.235571289062500000e+02,9.210503101348876953e-01,1.169603027343750000e+03,8.235571289062500000e+02,9.516780972480773926e-01,1.053462524414062500e+03,8.102839355468750000e+02,8.891595602035522461e-01,1.061269180640735840e+03,5.041556947648412006e+02,1.350848656949910946e+02,3.371775606087367123e+02,0.000000000000000000e+00
5.289000000000000000e+04,1.930000000000000000e+02,7.876000000000000000e+03,1.280000000000000000e+02,1.147856445312500000e+03,5.407965087890625000e+02,8.565722703933715820e-01,1.151151611328125000e+03,5.375012817382812500e+02,9.281828999519348145e-01,1.141265869140625000e+03,5.342059936523437500e+02,8.985049128532409668e-01,1.151151611328125000e+03,5.473870849609375000e+02,6.812691688537597656e-01,1.124789550781250000e+03,5.440917968750000000e+02,9.301385879516601562e-01,1.147856445312500000e+03,5.803397216796875000e+02,9.127671718597412109e-01,1.111608398437500000e+03,5.770444946289062500e+02,8.918787240982055664e-01,1.147856445312500000e+03,6.264735107421875000e+02,8.765733242034912109e-01,1.108313232421875000e+03,6.297687988281250000e+02,8.863613605499267578e-01,1.154446899414062500e+03,6.627214355468750000e+02,8.057451248168945312e-01,1.137970581054687500e+03,6.561309204101562500e+02,9.119742512702941895e-01,1.141265869140625000e+03,6.759025268554687500e+02,9.402083754539489746e-01,1.108313232421875000e+03,6.726072387695312500e+02,9.443004131317138672e-01,1.161037475585937500e+03,7.418078613281250000e+02,9.476572871208190918e-01,1.091836791992187500e+03,7.385125732421875000e+02,9.379138350486755371e-01,1.177513793945312500e+03,8.143037719726562500e+02,9.346970319747924805e-01,1.055588867187500000e+03,8.011226806640625000e+02,9.133497476577758789e-01,1.141265869140625000e+03,5.243201904296875000e+02,9.033553004264831543e-01,1.131380004882812500e+03,5.638634033203125000e+02,9.223025441169738770e-01,1.124789550781250000e+03,6.693120117187500000e+02,9.599044322967529297e-01,1.210466430664062500e+03,8.143037719726562500e+02,9.222630858421325684e-01,1.075360473632812500e+03,8.241895751953125000e+02,9.054197072982788086e-01,1.210466430664062500e+03,8.110084838867187500e+02,9.484092593193054199e-01,1.065474731445312500e+03,8.241895751953125000e+02,9.035540223121643066e-01,1.174218505859375000e+03,8.274848632812500000e+02,9.597957134246826172e-01,1.045703125000000000e+03,8.110084838867187500e+02,8.250990509986877441e-01,1.061082272236386871e+03,5.042198951328753651e+02,1.398278405534663307e+02,3.391938331108157740e+02,0.000000000000000000e+00
5.289100000000000000e+04,1.930000000000000000e+02,7.873000000000000000e+03,1.290000000000000000e+02,1.153634521484375000e+03,5.380231323242187500e+02,8.351653218269348145e-01,1.157001708984375000e+03,5.346559448242187500e+02,8.995594978332519531e-01,1.143532958984375000e+03,5.312887573242187500e+02,8.630089163780212402e-01,1.157001708984375000e+03,5.481246948242187500e+02,7.086641192436218262e-01,1.130064208984375000e+03,5.413903198242187500e+02,9.270420670509338379e-01,1.157001708984375000e+03,5.817966308593750000e+02,9.476819634437561035e-01,1.116595458984375000e+03,5.784294433593750000e+02,9.235488176345825195e-01,1.163736083984375000e+03,6.323045043945312500e+02,8.631000518798828125e-01,1.116595458984375000e+03,6.289372558593750000e+02,8.980619311332702637e-01,1.167103271484375000e+03,6.659763793945312500e+02,7.019165158271789551e-01,1.146900146484375000e+03,6.558748168945312500e+02,9.055311083793640137e-01,1.146900146484375000e+03,6.760779418945312500e+02,9.227194786071777344e-01,1.116595458984375000e+03,6.760779418945312500e+02,8.940346837043762207e-01,1.167103271484375000e+03,7.434217529296875000e+02,9.535983204841613770e-01,1.103126708984375000e+03,7.400545654296875000e+02,9.336520433425903320e-01,1.177204833984375000e+03,8.141327514648437500e+02,9.116940498352050781e-01,1.055986083984375000e+03,7.972968139648437500e+02,9.220902323722839355e-01,1.143532958984375000e+03,5.211871948242187500e+02,9.386198520660400391e-01,1.136798583984375000e+03,5.649606933593750000e+02,9.032212495803833008e-01,1.130064208984375000e+03,6.693435668945312500e+02,9.527592062950134277e-01,1.207509521484375000e+03,8.276015014648437500e+02,8.575565218925476074e-01,1.069454833984375000e+03,8.242343139648437500e+02,9.192591905593872070e-01,1.207509521484375000e+03,8.276015014648437500e+02,9.063397645950317383e-01,1.059353271484375000e+03,8.242343139648437500e+02,9.271103143692016602e-01,1.170470458984375000e+03,8.276015014648437500e+02,9.217762351036071777e-01,1.049251708984375000e+03,7.972968139648437500e+02,8.607035875320434570e-01,1.057975067444725710e+03,4.998629399435960750e+02,1.456442068516214476e+02,3.445457452166074290e+02,0.000000000000000000e+00
5.289200000000000000e+04,1.930000000000000000e+02,7.873000000000000000e+03,1.300000000000000000e+02,1.163055419921875000e+03,5.490540771484375000e+02,9.002535343170166016e-01,1.163055419921875000e+03,5.423718261718750000e+02,9.102674126625061035e-01,1.156373168945312500e+03,5.423718261718750000e+02,8.954908847808837891e-01,1.156373168945312500e+03,5.490540771484375000e+02,5.920528173446655273e-01,1.136326293945312500e+03,5.457129516601562500e+02,9.056184887886047363e-01,1.156373168945312500e+03,5.824653930664062500e+02,9.057063460350036621e-01,1.122961791992187500e+03,5.791242675781250000e+02,9.031325578689575195e-01,1.163055419921875000e+03,6.325823364257812500e+02,7.597270011901855469e-01,1.122961791992187500e+03,6.292412109375000000e+02,8.427590131759643555e-01,1.173078735351562500e+03,6.760170898437500000e+02,6.110244989395141602e-01,1.149690917968750000e+03,6.526291503906250000e+02,9.069384336471557617e-01,1.156373168945312500e+03,6.793582153320312500e+02,8.730465769767761230e-01,1.122961791992187500e+03,6.793582153320312500e+02,8.862603306770324707e-01,1.173078735351562500e+03,7.495219116210937500e+02,9.298474192619323730e-01,1.112938476562500000e+03,7.495219116210937500e+02,9.844340682029724121e-01,1.176419921875000000e+03,8.196856689453125000e+02,9.271880984306335449e-01,1.062821411132812500e+03,7.896154785156250000e+02,8.696992993354797363e-01,1.153031982421875000e+03,5.256661987304687500e+02,8.729492425918579102e-01,1.143008544921875000e+03,5.657597656250000000e+02,9.350818395614624023e-01,1.139667480468750000e+03,6.726759033203125000e+02,9.213010072708129883e-01,1.206490112304687500e+03,8.363913574218750000e+02,8.779397606849670410e-01,1.066162597656250000e+03,8.230267944335937500e+02,9.027066230773925781e-01,1.206490112304687500e+03,8.330501708984375000e+02,8.911987543106079102e-01,1.056139160156250000e+03,8.230267944335937500e+02,9.197036027908325195e-01,1.166396484375000000e+03,8.297090454101562500e+02,8.922548294067382812e-01,1.052798095703125000e+03,7.862743530273437500e+02,8.405578732490539551e-01,1.055770901523210114e+03,5.012627495180554433e+02,1.491036365258364640e+02,3.447241666590100522e+02,0.000000000000000000e+00
5.289300000000000000e+04,1.930000000000000000e+02,7.876000000000000000e+03,1.310000000000000000e+02,1.171067138671875000e+03,5.464259033203125000e+02,8.848948478698730469e-01,1.171067138671875000e+03,5.398073120117187500e+02,9.336317181587219238e-01,1.161139160156250000e+03,5.398073120117187500e+02,9.034038782119750977e-01,1.171067138671875000e+03,5.497352294921875000e+02,5.859889388084411621e-01,1.141283203125000000e+03,5.464259033203125000e+02,9.000588655471801758e-01,1.171067138671875000e+03,5.828284301757812500e+02,9.243635535240173340e-01,1.128045898437500000e+03,5.795191650390625000e+02,8.810536265373229980e-01,1.177685668945312500e+03,6.357775878906250000e+02,5.029390454292297363e-01,1.118117919921875000e+03,6.324682617187500000e+02,9.072338938713073730e-01,1.187613647460937500e+03,6.854174194335937500e+02,4.458584785461425781e-01,1.151211181640625000e+03,6.556335449218750000e+02,8.716413974761962891e-01,1.164448486328125000e+03,6.821080932617187500e+02,9.121297001838684082e-01,1.131355224609375000e+03,6.787987670898437500e+02,9.134481549263000488e-01,1.177685668945312500e+03,7.516038208007812500e+02,9.633474349975585938e-01,1.128045898437500000e+03,7.549131469726562500e+02,9.455432295799255371e-01,1.174376342773437500e+03,8.244088745117187500e+02,9.273303151130676270e-01,1.071787475585937500e+03,7.846970214843750000e+02,8.709160685539245605e-01,1.157829833984375000e+03,5.199513549804687500e+02,9.053450226783752441e-01,1.151211181640625000e+03,5.695911865234375000e+02,9.287324547767639160e-01,1.147901855468750000e+03,6.754894409179687500e+02,9.051020741462707520e-01,1.200850952148437500e+03,8.376461791992187500e+02,9.413467645645141602e-01,1.071787475585937500e+03,8.210995483398437500e+02,9.283637404441833496e-01,1.200850952148437500e+03,8.376461791992187500e+02,9.436711072921752930e-01,1.061859497070312500e+03,8.177902832031250000e+02,8.993844985961914062e-01,1.161139160156250000e+03,8.343368530273437500e+02,9.022473692893981934e-01,1.061859497070312500e+03,7.813876953125000000e+02,9.522761106491088867e-01,1.057817527986229834e+03,5.069308609787053683e+02,1.508980556400026671e+02,3.424806242755289531e+02,0.000000000000000000e+00
5.289400000000000000e+04,1.930000000000000000e+02,7.873000000000000000e+03,1.320000000000000000e+02,1.175224487304687500e+03,5.457564697265625000e+02,8.962205052375793457e-01,1.175224487304687500e+03,5.392260742187500000e+02,9.194653034210205078e-01,1.165428833007812500e+03,5.392260742187500000e+02,9.158397316932678223e-01,1.178489624023437500e+03,5.490217285156250000e+02,6.880256533622741699e-01,1.149102783203125000e+03,5.457564697265625000e+02,9.409151673316955566e-01,1.175224487304687500e+03,5.849390869140625000e+02,9.026309847831726074e-01,1.132776611328125000e+03,5.784086303710937500e+02,9.038165211677551270e-01,1.178489624023437500e+03,6.306520385742187500e+02,8.664755821228027344e-01,1.122981079101562500e+03,6.306520385742187500e+02,8.853299617767333984e-01,1.175224487304687500e+03,6.633041992187500000e+02,8.952476978302001953e-01,1.152367919921875000e+03,6.600390014648437500e+02,8.991482257843017578e-01,1.168693969726562500e+03,6.796302490234375000e+02,9.249538183212280273e-01,1.139307128906250000e+03,6.796302490234375000e+02,8.740233182907104492e-01,1.181754882812500000e+03,7.547302246093750000e+02,9.543861746788024902e-01,1.142572265625000000e+03,7.547302246093750000e+02,9.658516049385070801e-01,1.168693969726562500e+03,8.232996826171875000e+02,9.648079872131347656e-01,1.083798461914062500e+03,7.841171264648437500e+02,8.682475686073303223e-01,1.165428833007812500e+03,5.228999633789062500e+02,9.451329112052917480e-01,1.155633178710937500e+03,5.686129760742187500e+02,9.224934577941894531e-01,1.152367919921875000e+03,6.763650512695312500e+02,9.557877779006958008e-01,1.198080932617187500e+03,8.396257934570312500e+02,8.702877759933471680e-01,1.087063720703125000e+03,8.232996826171875000e+02,9.443584084510803223e-01,1.198080932617187500e+03,8.363605346679687500e+02,9.360799193382263184e-01,1.077268066406250000e+03,8.200344848632812500e+02,9.294524788856506348e-01,1.158898315429687500e+03,8.330953369140625000e+02,9.169566035270690918e-01,1.074002807617187500e+03,7.808519287109375000e+02,9.112349748611450195e-01,1.064013839976669715e+03,5.111930970911951135e+02,1.508809208549996583e+02,3.384887592267632499e+02,0.000000000000000000e+00
5.289500000000000000e+04,1.930000000000000000e+02,7.876000000000000000e+03,1.330000000000000000e+02,1.184398193359375000e+03,5.445473022460937500e+02,8.828215003013610840e-01,1.184398193359375000e+03,5.380611572265625000e+02,9.477122426033020020e-01,1.174668945312500000e+03,5.380611572265625000e+02,9.076166749000549316e-01,1.184398193359375000e+03,5.477904052734375000e+02,6.099139451980590820e-01,1.155210571289062500e+03,5.445473022460937500e+02,9.297547936439514160e-01,1.184398193359375000e+03,5.834641113281250000e+02,9.346360564231872559e-01,1.135752197265625000e+03,5.769779663085937500e+02,9.020055532455444336e-01,1.187641235351562500e+03,6.321101074218750000e+02,8.630040287971496582e-01,1.129265991210937500e+03,6.321101074218750000e+02,9.126352667808532715e-01,1.194127319335937500e+03,6.775130004882812500e+02,7.372394204139709473e-01,1.151967529296875000e+03,6.677838134765625000e+02,9.218720197677612305e-01,1.177911987304687500e+03,6.775130004882812500e+02,9.242714643478393555e-01,1.145481323242187500e+03,6.775130004882812500e+02,8.942773938179016113e-01,1.184398193359375000e+03,7.521035766601562500e+02,9.536171555519104004e-01,1.158453613281250000e+03,7.521035766601562500e+02,9.482150077819824219e-01,1.164939697265625000e+03,8.266940917968750000e+02,9.280744791030883789e-01,1.100078369140625000e+03,7.877772827148437500e+02,8.766868710517883301e-01,1.171425903320312500e+03,5.218458251953125000e+02,9.487037658691406250e-01,1.164939697265625000e+03,5.672487792968750000e+02,9.410452246665954590e-01,1.161696655273437500e+03,6.742699584960937500e+02,9.213319420814514160e-01,1.194127319335937500e+03,8.429094238281250000e+02,8.879026174545288086e-01,1.106564575195312500e+03,8.266940917968750000e+02,8.988809585571289062e-01,1.194127319335937500e+03,8.396663208007812500e+02,8.886403441429138184e-01,1.096835327148437500e+03,8.266940917968750000e+02,9.376974105834960938e-01,1.155210571289062500e+03,8.331801757812500000e+02,9.017935991287231445e-01,1.093592285156250000e+03,7.877772827148437500e+02,9.277414083480834961e-01,1.073027299212740900e+03,5.143460976681654984e+02,1.496838510818172381e+02,3.353234593542980519e+02,0.000000000000000000e+00
5.289600000000000000e+04,1.930000000000000000e+02,7.873000000000000000e+03,1.340000000000000000e+02,1.185414428710937500e+03,5.416318969726562500e+02,8.967984914779663086e-01,1.188685546875000000e+03,5.350895996093750000e+02,9.150752425193786621e-01,1.178872192382812500e+03,5.350895996093750000e+02,8.705153465270996094e-01,1.191956787109375000e+03,5.416318969726562500e+02,7.636148929595947266e-01,1.162516357421875000e+03,5.416318969726562500e+02,9.083790183067321777e-01,1.191956787109375000e+03,5.841568603515625000e+02,8.980924487113952637e-01,1.142889526367187500e+03,5.776145629882812500e+02,8.976724147796630859e-01,1.195227905273437500e+03,6.332241821289062500e+02,8.470877408981323242e-01,1.129804809570312500e+03,6.299530029296875000e+02,9.040850996971130371e-01,1.205041381835937500e+03,6.822914428710937500e+02,8.375474214553833008e-01,1.146160644531250000e+03,6.724779663085937500e+02,8.974850773811340332e-01,1.182143310546875000e+03,6.757491455078125000e+02,9.200337529182434082e-01,1.152702880859375000e+03,6.757491455078125000e+02,8.869082927703857422e-01,1.182143310546875000e+03,7.542567749023437500e+02,8.918588161468505859e-01,1.169058715820312500e+03,7.477144775390625000e+02,9.322774410247802734e-01,1.162516357421875000e+03,8.262221069335937500e+02,9.451587200164794922e-01,1.116720214843750000e+03,8.000528564453125000e+02,9.236750602722167969e-01,1.178872192382812500e+03,5.154627075195312500e+02,9.391428232192993164e-01,1.172329833984375000e+03,5.645299682617187500e+02,9.372522234916687012e-01,1.165787475585937500e+03,6.724779663085937500e+02,9.524497389793395996e-01,1.191956787109375000e+03,8.458489990234375000e+02,8.899358510971069336e-01,1.133076049804687500e+03,8.327644042968750000e+02,8.943164348602294922e-01,1.191956787109375000e+03,8.425778198242187500e+02,8.783349394798278809e-01,1.123262573242187500e+03,8.327644042968750000e+02,8.900061845779418945e-01,1.152702880859375000e+03,8.393067016601562500e+02,8.136518001556396484e-01,1.106906860351562500e+03,8.000528564453125000e+02,9.183598160743713379e-01,1.079135338322992311e+03,5.156376168368179833e+02,1.488250335017498855e+02,3.359068765486958910e+02,0.000000000000000000e+00
5.289700000000000000e+04,1.930000000000000000e+02,7.873000000000000000e+03,1.350000000000000000e+02,1.195451049804687500e+03,5.352593383789062500e+02,7.610088586807250977e-01,1.195451049804687500e+03,5.320444946289062500e+02,8.664258122444152832e-01,1.185806518554687500e+03,5.288296508789062500e+02,8.358530998229980469e-01,1.198665893554687500e+03,5.416890258789062500e+02,8.088109493255615234e-01,1.166517456054687500e+03,5.384741821289062500e+02,9.081937670707702637e-01,1.198665893554687500e+03,5.834820556640625000e+02,9.335423707962036133e-01,1.147228393554687500e+03,5.770523681640625000e+02,9.192523956298828125e-01,1.208310424804687500e+03,6.381343994140625000e+02,9.069704413414001465e-01,1.134369018554687500e+03,6.317047119140625000e+02,9.273571968078613281e-01,1.211525268554687500e+03,6.895719604492187500e+02,8.893674015998840332e-01,1.144013549804687500e+03,6.767125854492187500e+02,9.138021469116210938e-01,1.185806518554687500e+03,6.799274291992187500e+02,9.080864191055297852e-01,1.160087768554687500e+03,6.799274291992187500e+02,8.970844149589538574e-01,1.182591674804687500e+03,7.506540527343750000e+02,8.438376784324645996e-01,1.179376831054687500e+03,7.474392089843750000e+02,9.046834111213684082e-01,1.160087768554687500e+03,8.278103637695312500e+02,7.905341386795043945e-01,1.140798706054687500e+03,8.117361450195312500e+02,8.343880772590637207e-01,1.182591674804687500e+03,5.159702758789062500e+02,8.688417077064514160e-01,1.176161987304687500e+03,5.641929321289062500e+02,9.558703899383544922e-01,1.172947143554687500e+03,6.767125854492187500e+02,9.504857659339904785e-01,1.185806518554687500e+03,8.503142700195312500e+02,8.474496006965637207e-01,1.150443237304687500e+03,8.374548950195312500e+02,7.763644456863403320e-01,1.185806518554687500e+03,8.438845825195312500e+02,8.963831067085266113e-01,1.140798706054687500e+03,8.374548950195312500e+02,8.542563915252685547e-01,1.156872924804687500e+03,8.406697387695312500e+02,8.034014701843261719e-01,1.127939331054687500e+03,8.181658325195312500e+02,7.910163998603820801e-01,1.098028742908171353e+03,5.185704027157876226e+02,1.458535699217463844e+02,3.322518493761785976e+02,0.000000000000000000e+00
5.289800000000000000e+04,1.930000000000000000e+02,7.873000000000000000e+03,1.360000000000000000e+02,1.202830200195312500e+03,5.376239624023437500e+02,9.041206240653991699e-01,1.206195190429687500e+03,5.342590942382812500e+02,9.223613739013671875e-01,1.196100463867187500e+03,5.308941650390625000e+02,8.875602483749389648e-01,1.196100463867187500e+03,5.376239624023437500e+02,5.799486041069030762e-01,1.172546020507812500e+03,5.376239624023437500e+02,8.986424803733825684e-01,1.206195190429687500e+03,5.813678588867187500e+02,9.415302276611328125e-01,1.159086303710937500e+03,5.746380615234375000e+02,9.150720238685607910e-01,1.212925048828125000e+03,6.352065429687500000e+02,9.173544645309448242e-01,1.142261718750000000e+03,6.318416137695312500e+02,8.740459680557250977e-01,1.219654785156250000e+03,6.856802368164062500e+02,8.992245793342590332e-01,1.142261718750000000e+03,6.789504394531250000e+02,9.070751070976257324e-01,1.196100463867187500e+03,6.823153686523437500e+02,9.288657903671264648e-01,1.169181152343750000e+03,6.823153686523437500e+02,9.237495660781860352e-01,1.189370605468750000e+03,7.529785766601562500e+02,7.969805598258972168e-01,1.182640747070312500e+03,7.462487182617187500e+02,8.854784965515136719e-01,1.165816162109375000e+03,8.303716430664062500e+02,9.095929265022277832e-01,1.152356567382812500e+03,8.270067138671875000e+02,9.006660580635070801e-01,1.189370605468750000e+03,5.107046813964843750e+02,9.441928863525390625e-01,1.182640747070312500e+03,5.611784057617187500e+02,9.443271756172180176e-01,1.182640747070312500e+03,6.789504394531250000e+02,9.243484139442443848e-01,1.186005615234375000e+03,8.539260253906250000e+02,8.667241334915161133e-01,1.175910888671875000e+03,8.471961669921875000e+02,7.578720450401306152e-01,1.189370605468750000e+03,8.505610961914062500e+02,8.593404889106750488e-01,1.165816162109375000e+03,8.539260253906250000e+02,7.945401072502136230e-01,1.155721435546875000e+03,8.438312988281250000e+02,5.930438041687011719e-01,1.142261718750000000e+03,8.371014404296875000e+02,9.295479655265808105e-01,1.103884197430440281e+03,5.141128503023672920e+02,1.467991649966506884e+02,3.409299714858492507e+02,0.000000000000000000e+00
5.289900000000000000e+04,1.930000000000000000e+02,7.873000000000000000e+03,1.370000000000000000e+02,1.208671142578125000e+03,5.394691162109375000e+02,8.869594335556030273e-01,1.208671142578125000e+03,5.326328125000000000e+02,9.546907544136047363e-01,1.198416748046875000e+03,5.326328125000000000e+02,8.860573172569274902e-01,1.208671142578125000e+03,5.394691162109375000e+02,6.646247506141662598e-01,1.177907836914062500e+03,5.394691162109375000e+02,8.999962210655212402e-01,1.212089355468750000e+03,5.804869384765625000e+02,9.229565262794494629e-01,1.164235229492187500e+03,5.736506347656250000e+02,8.931890130043029785e-01,1.222343750000000000e+03,6.317592163085937500e+02,9.021946191787719727e-01,1.147144409179687500e+03,6.317592163085937500e+02,8.936212062835693359e-01,1.229180053710937500e+03,6.796133422851562500e+02,8.339990377426147461e-01,1.140308105468750000e+03,6.796133422851562500e+02,8.438276648521423340e-01,1.194998535156250000e+03,6.796133422851562500e+02,8.738215565681457520e-01,1.174489624023437500e+03,6.796133422851562500e+02,8.945025205612182617e-01,1.174489624023437500e+03,7.548126220703125000e+02,8.898943662643432617e-01,1.198416748046875000e+03,7.548126220703125000e+02,9.038958549499511719e-01,1.147144409179687500e+03,8.300119628906250000e+02,9.587113857269287109e-01,1.188162231445312500e+03,8.368482666015625000e+02,8.796148300170898438e-01,1.194998535156250000e+03,5.121239624023437500e+02,9.006604552268981934e-01,1.188162231445312500e+03,5.633961791992187500e+02,9.487311840057373047e-01,1.184744140625000000e+03,6.796133422851562500e+02,9.455861449241638184e-01,1.171071533203125000e+03,8.505208129882812500e+02,5.650537014007568359e-01,1.212089355468750000e+03,8.607752685546875000e+02,8.640375137329101562e-01,1.171071533203125000e+03,8.436845703125000000e+02,6.027057170867919922e-01,1.201834838867187500e+03,8.607752685546875000e+02,7.894874215126037598e-01,1.136890014648437500e+03,8.402664184570312500e+02,8.105759620666503906e-01,1.177907836914062500e+03,8.471027221679687500e+02,6.004345417022705078e-01,1.110071305704111865e+03,5.111512337323808879e+02,1.459544405524236481e+02,3.476829795989283411e+02,0.000000000000000000e+00
5.290000000000000000e+04,1.930000000000000000e+02,7.873000000000000000e+03,1.380000000000000000e+02,1.219792724609375000e+03,5.454338378906250000e+02,9.182614088058471680e-01,1.216235839843750000e+03,5.383201293945312500e+02,9.371604919433593750e-01,1.209122070312500000e+03,5.347632446289062500e+02,9.040064811706542969e-01,1.198451538085937500e+03,5.418769531250000000e+02,6.709657311439514160e-01,1.187780883789062500e+03,5.418769531250000000e+02,9.356855154037475586e-01,1.212678955078125000e+03,5.810025024414062500e+02,8.982743620872497559e-01,1.173553466796875000e+03,5.810025024414062500e+02,8.904740810394287109e-01,1.223349487304687500e+03,6.379123535156250000e+02,8.842145800590515137e-01,1.148655395507812500e+03,6.307985839843750000e+02,9.195579290390014648e-01,1.226906372070312500e+03,6.877084350585937500e+02,8.814260959625244141e-01,1.141541625976562500e+03,6.805947265625000000e+02,9.277625679969787598e-01,1.198451538085937500e+03,6.841515502929687500e+02,8.942350745201110840e-01,1.177110351562500000e+03,6.841515502929687500e+02,8.765083551406860352e-01,1.177110351562500000e+03,7.588457031250000000e+02,9.395791292190551758e-01,1.205565185546875000e+03,7.588457031250000000e+02,9.398105740547180176e-01,1.145098510742187500e+03,8.264261474609375000e+02,9.349768757820129395e-01,1.209122070312500000e+03,8.477673339843750000e+02,9.514561891555786133e-01,1.202008300781250000e+03,5.134220581054687500e+02,8.915368318557739258e-01,1.194894653320312500e+03,5.632181396484375000e+02,9.288207292556762695e-01,1.187780883789062500e+03,6.805947265625000000e+02,9.012193679809570312e-01,1.173553466796875000e+03,8.548810424804687500e+02,8.603076338768005371e-01,1.244690673828125000e+03,8.619947509765625000e+02,8.677830100059509277e-01,1.173553466796875000e+03,8.513242187500000000e+02,7.946569323539733887e-01,1.230463256835937500e+03,8.655516357421875000e+02,8.159223198890686035e-01,1.130871093750000000e+03,8.406535644531250000e+02,8.464355468750000000e-01,1.205565185546875000e+03,8.619947509765625000e+02,7.793984413146972656e-01,1.114467934221657515e+03,5.131275207374794718e+02,1.496794379532425410e+02,3.594526498347950110e+02,0.000000000000000000e+00
5.290100000000000000e+04,1.930000000000000000e+02,7.876000000000000000e+03,1.390000000000000000e+02,1.223897460937500000e+03,5.420514526367187500e+02,9.160534739494323730e-01,1.223897460937500000e+03,5.348400268554687500e+02,9.313715696334838867e-01,1.213080322265625000e+03,5.348400268554687500e+02,8.980508446693420410e-01,1.216686035156250000e+03,5.420514526367187500e+02,6.256741881370544434e-01,1.191445922851562500e+03,5.384457397460937500e+02,9.199641942977905273e-01,1.223897460937500000e+03,5.853201904296875000e+02,9.192217588424682617e-01,1.177022949218750000e+03,5.817144775390625000e+02,8.926597237586975098e-01,1.238320434570312500e+03,6.394061279296875000e+02,9.228966832160949707e-01,1.155388671875000000e+03,6.358004150390625000e+02,8.380970954895019531e-01,1.241926147460937500e+03,6.898862915039062500e+02,8.872575163841247559e-01,1.144571411132812500e+03,6.826748657226562500e+02,8.625321984291076660e-01,1.205868774414062500e+03,6.898862915039062500e+02,8.262622952461242676e-01,1.184234497070312500e+03,6.862805786132812500e+02,8.684448003768920898e-01,1.177022949218750000e+03,7.583951416015625000e+02,9.232378602027893066e-01,1.213080322265625000e+03,7.656066284179687500e+02,9.296825528144836426e-01,1.140965698242187500e+03,8.305097045898437500e+02,9.003892540931701660e-01,1.231108886718750000e+03,8.485383300781250000e+02,9.117625355720520020e-01,1.209474609375000000e+03,5.132056274414062500e+02,9.024085402488708496e-01,1.202263061523437500e+03,5.636858520507812500e+02,9.355902671813964844e-01,1.195051635742187500e+03,6.862805786132812500e+02,8.920292854309082031e-01,1.166205810546875000e+03,8.521441040039062500e+02,9.315888285636901855e-01,1.263560424804687500e+03,8.557498168945312500e+02,8.986806869506835938e-01,1.166205810546875000e+03,8.485383300781250000e+02,9.449205994606018066e-01,1.256348999023437500e+03,8.629612426757812500e+02,9.205893278121948242e-01,1.126542846679687500e+03,8.377211914062500000e+02,8.803457617759704590e-01,1.231108886718750000e+03,8.629612426757812500e+02,8.207979202270507812e-01,1.117411615426511617e+03,5.137698674476764609e+02,1.530111212956337567e+02,3.671085470106769435e+02,0.000000000000000000e+00
5.290200000000000000e+04,1.930000000000000000e+02,7.876000000000000000e+03,1.400000000000000000e+02,1.226522827148437500e+03,5.424536132812500000e+02,8.791291117668151855e-01,1.226522827148437500e+03,5.350971679687500000e+02,9.389719963073730469e-01,1.219166381835937500e+03,5.350971679687500000e+02,8.928668498992919922e-01,1.226522827148437500e+03,5.461317749023437500e+02,7.193580865859985352e-01,1.200775268554687500e+03,5.424536132812500000e+02,8.889970779418945312e-01,1.230201049804687500e+03,5.865922241210937500e+02,8.860290646553039551e-01,1.186062377929687500e+03,5.829140014648437500e+02,8.824214935302734375e-01,1.241235717773437500e+03,6.417654418945312500e+02,8.544601202011108398e-01,1.167671264648437500e+03,6.380872192382812500e+02,7.867626547813415527e-01,1.241235717773437500e+03,6.932604980468750000e+02,7.987321615219116211e-01,1.156636596679687500e+03,6.822258300781250000e+02,5.746456980705261230e-01,1.211809936523437500e+03,6.895822753906250000e+02,8.375256657600402832e-01,1.193418823242187500e+03,6.895822753906250000e+02,8.525798916816711426e-01,1.182384155273437500e+03,7.631466674804687500e+02,9.404968023300170898e-01,1.222844604492187500e+03,7.668248291015625000e+02,8.795774579048156738e-01,1.138245605468750000e+03,8.256763305664062500e+02,9.210522770881652832e-01,1.248592041015625000e+03,8.551020507812500000e+02,9.324330091476440430e-01,1.215488159179687500e+03,5.203842773437500000e+02,9.297883510589599609e-01,1.208131713867187500e+03,5.645228881835937500e+02,9.051895737648010254e-01,1.200775268554687500e+03,6.859040527343750000e+02,8.590893149375915527e-01,1.167671264648437500e+03,8.551020507812500000e+02,9.269446134567260742e-01,1.285374267578125000e+03,8.551020507812500000e+02,8.880165219306945801e-01,1.163993041992187500e+03,8.514238891601562500e+02,9.323933720588684082e-01,1.278017822265625000e+03,8.624584960937500000e+02,9.214689135551452637e-01,1.127210937500000000e+03,8.367109985351562500e+02,8.610267043113708496e-01,1.248592041015625000e+03,8.734931640625000000e+02,8.980236053466796875e-01,1.120716452661547237e+03,5.115453716362226260e+02,1.569273839212387429e+02,3.747568294106745270e+02,0.000000000000000000e+00
5.290300000000000000e+04,1.930000000000000000e+02,7.873000000000000000e+03,1.410000000000000000e+02,1.238103393554687500e+03,5.446400756835937500e+02,9.059283733367919922e-01,1.238103393554687500e+03,5.372893676757812500e+02,9.290753006935119629e-01,1.230752685546875000e+03,5.372893676757812500e+02,9.060431718826293945e-01,1.230752685546875000e+03,5.483154296875000000e+02,5.944244265556335449e-01,1.208700561523437500e+03,5.446400756835937500e+02,9.112363457679748535e-01,1.234427978515625000e+03,5.887443237304687500e+02,8.765863776206970215e-01,1.193999145507812500e+03,5.850689697265625000e+02,8.901438713073730469e-01,1.245454101562500000e+03,6.475499267578125000e+02,8.106392621994018555e-01,1.168271606445312500e+03,6.438745727539062500e+02,8.034142851829528809e-01,1.249129394531250000e+03,6.990048828125000000e+02,8.328354358673095703e-01,1.157245605468750000e+03,6.916541748046875000e+02,7.415729761123657227e-01,1.219726562500000000e+03,6.953295288085937500e+02,8.109737634658813477e-01,1.201349853515625000e+03,6.953295288085937500e+02,8.605688810348510742e-01,1.190323730468750000e+03,7.688365478515625000e+02,9.923231005668640137e-01,1.234427978515625000e+03,7.688365478515625000e+02,8.659563064575195312e-01,1.138868896484375000e+03,8.239667968750000000e+02,9.286432266235351562e-01,1.263830810546875000e+03,8.607203369140625000e+02,9.533632993698120117e-01,1.223401977539062500e+03,5.225880126953125000e+02,9.061009287834167480e-01,1.216051269531250000e+03,5.666921997070312500e+02,9.140931367874145508e-01,1.208700561523437500e+03,6.953295288085937500e+02,8.898310661315917969e-01,1.160920898437500000e+03,8.533696289062500000e+02,9.673798680305480957e-01,1.296908935546875000e+03,8.607203369140625000e+02,9.032084941864013672e-01,1.157245605468750000e+03,8.533696289062500000e+02,9.090876579284667969e-01,1.293233642578125000e+03,8.680710449218750000e+02,8.862825036048889160e-01,1.124167480468750000e+03,8.313175048828125000e+02,8.408697843551635742e-01,1.260155395507812500e+03,8.754217529296875000e+02,8.397865891456604004e-01,1.124265604745962037e+03,5.121254955546939982e+02,1.590137025722253838e+02,3.773799525625206570e+02,0.000000000000000000e+00
5.290400000000000000e+04,1.930000000000000000e+02,7.873000000000000000e+03,1.420000000000000000e+02,1.243980957031250000e+03,5.473305053710937500e+02,9.126510620117187500e-01,1.243980957031250000e+03,5.402838134765625000e+02,9.602330923080444336e-01,1.233411010742187500e+03,5.402838134765625000e+02,9.162397980690002441e-01,1.236934326171875000e+03,5.508538208007812500e+02,5.407585501670837402e-01,1.215794311523437500e+03,5.473305053710937500e+02,8.997516036033630371e-01,1.240457641601562500e+03,5.896105346679687500e+02,8.623068332672119141e-01,1.205224243164062500e+03,5.860871582031250000e+02,8.588725924491882324e-01,1.254550903320312500e+03,6.495071411132812500e+02,8.455172777175903320e-01,1.177037597656250000e+03,6.459838256835937500e+02,7.670210599899291992e-01,1.258074340820312500e+03,7.058804931640625000e+02,8.056008815765380859e-01,1.162944335937500000e+03,6.988338623046875000e+02,7.784248590469360352e-01,1.226364257812500000e+03,7.023571777343750000e+02,8.331559896469116211e-01,1.208747680664062500e+03,6.988338623046875000e+02,8.555860519409179688e-01,1.201700927734375000e+03,7.728238525390625000e+02,8.914124369621276855e-01,1.247504272460937500e+03,7.763471679687500000e+02,8.201883435249328613e-01,1.145327636718750000e+03,8.221505126953125000e+02,9.751883745193481445e-01,1.265120971679687500e+03,8.714771728515625000e+02,8.974578380584716797e-01,1.226364257812500000e+03,5.226671752929687500e+02,9.298753142356872559e-01,1.222840942382812500e+03,5.684705200195312500e+02,9.214240908622741699e-01,1.215794311523437500e+03,6.988338623046875000e+02,8.887441158294677734e-01,1.159421020507812500e+03,8.573838500976562500e+02,6.381739377975463867e-01,1.296830932617187500e+03,8.855704956054687500e+02,8.448289036750793457e-01,1.155897583007812500e+03,8.538604736328125000e+02,6.901835799217224121e-01,1.289784301757812500e+03,8.890938110351562500e+02,8.227718472480773926e-01,1.131234252929687500e+03,8.256738281250000000e+02,6.481358408927917480e-01,1.261597656250000000e+03,8.855704956054687500e+02,7.233048677444458008e-01,1.129353252587209909e+03,5.195629688155992199e+02,1.569066292687896294e+02,3.680941581902204689e+02,0.000000000000000000e+00
5.290500000000000000e+04,1.930000000000000000e+02,7.873000000000000000e+03,1.430000000000000000e+02,1.252096923828125000e+03,5.505462036132812500e+02,9.137275815010070801e-01,1.252096923828125000e+03,5.430444946289062500e+02,9.415779113769531250e-01,1.240844238281250000e+03,5.430444946289062500e+02,9.321215748786926270e-01,1.252096923828125000e+03,5.505462036132812500e+02,6.531606316566467285e-01,1.222090087890625000e+03,5.505462036132812500e+02,9.055147767066955566e-01,1.252096923828125000e+03,5.918056030273437500e+02,8.771178722381591797e-01,1.207086669921875000e+03,5.918056030273437500e+02,8.972284793853759766e-01,1.267100341796875000e+03,6.518192749023437500e+02,8.777905702590942383e-01,1.180830566406250000e+03,6.518192749023437500e+02,8.817496299743652344e-01,1.270851074218750000e+03,7.043312377929687500e+02,8.669780492782592773e-01,1.169578125000000000e+03,7.043312377929687500e+02,8.848028779029846191e-01,1.240844238281250000e+03,7.043312377929687500e+02,8.165367245674133301e-01,1.222090087890625000e+03,7.043312377929687500e+02,8.950526118278503418e-01,1.222090087890625000e+03,7.793483276367187500e+02,8.756453394889831543e-01,1.259598632812500000e+03,7.793483276367187500e+02,8.890010118484497070e-01,1.154574707031250000e+03,8.206077270507812500e+02,9.801151752471923828e-01,1.263349365234375000e+03,8.731196899414062500e+02,9.778396487236022949e-01,1.237093505859375000e+03,5.242902221679687500e+02,9.427554607391357422e-01,1.233342529296875000e+03,5.730513305664062500e+02,9.127756953239440918e-01,1.229591796875000000e+03,7.005803833007812500e+02,8.814964890480041504e-01,1.158325439453125000e+03,8.543654174804687500e+02,6.677727103233337402e-01,1.293356201171875000e+03,8.881231079101562500e+02,7.326774597167968750e-01,1.158325439453125000e+03,8.506145629882812500e+02,7.030264735221862793e-01,1.289605468750000000e+03,8.918739624023437500e+02,7.187879085540771484e-01,1.139571289062500000e+03,8.206077270507812500e+02,7.364383339881896973e-01,1.255847656250000000e+03,8.843722534179687500e+02,6.444099545478820801e-01,1.136572296645879078e+03,5.186273351083129910e+02,1.625245097814995461e+02,3.796614646748189443e+02,0.000000000000000000e+00
5.290600000000000000e+04,1.930000000000000000e+02,7.873000000000000000e+03,1.440000000000000000e+02,1.259403320312500000e+03,5.471582031250000000e+02,9.006499052047729492e-01,1.259403320312500000e+03,5.397546386718750000e+02,9.167652130126953125e-01,1.248297973632812500e+03,5.397546386718750000e+02,8.864557743072509766e-01,1.259403320312500000e+03,5.508599853515625000e+02,6.927008032798767090e-01,1.229789062500000000e+03,5.471582031250000000e+02,9.014944434165954590e-01,1.263105102539062500e+03,5.952813110351562500e+02,9.260459542274475098e-01,1.211280273437500000e+03,5.878777465820312500e+02,9.256172180175781250e-01,1.277912231445312500e+03,6.508080444335937500e+02,8.360174894332885742e-01,1.189069580078125000e+03,6.508080444335937500e+02,8.795306682586669922e-01,1.277912231445312500e+03,7.063347167968750000e+02,8.522692918777465820e-01,1.181666015625000000e+03,7.100364990234375000e+02,9.787027239799499512e-01,1.248297973632812500e+03,7.026329345703125000e+02,8.229821324348449707e-01,1.226087402343750000e+03,7.026329345703125000e+02,8.768525123596191406e-01,1.248297973632812500e+03,7.766685180664062500e+02,8.344221711158752441e-01,1.263105102539062500e+03,7.766685180664062500e+02,8.558966517448425293e-01,1.170560668945312500e+03,8.173881225585937500e+02,9.600254893302917480e-01,1.263105102539062500e+03,8.729147949218750000e+02,9.303045272827148438e-01,1.244596191406250000e+03,5.212457275390625000e+02,9.489369988441467285e-01,1.240894409179687500e+03,5.730706787109375000e+02,9.318843483924865723e-01,1.237192626953125000e+03,6.989311523437500000e+02,8.905022144317626953e-01,1.170560668945312500e+03,8.544058837890625000e+02,4.414043724536895752e-01,1.292719360351562500e+03,8.914237060546875000e+02,7.989203929901123047e-01,1.174262451171875000e+03,8.507041015625000000e+02,5.022807717323303223e-01,1.285315795898437500e+03,8.951254882812500000e+02,8.380340933799743652e-01,1.159455322265625000e+03,8.099845581054687500e+02,6.651793122291564941e-01,1.251999755859375000e+03,8.877219238281250000e+02,6.780436635017395020e-01,1.145095933708286793e+03,5.187524360515302533e+02,1.627241807883310685e+02,3.806289859856973408e+02,0.000000000000000000e+00
5.290700000000000000e+04,1.930000000000000000e+02,7.873000000000000000e+03,1.450000000000000000e+02,1.266367187500000000e+03,5.445065307617187500e+02,8.833197355270385742e-01,1.270048950195312500e+03,5.371429443359375000e+02,9.476014375686645508e-01,1.255321777343750000e+03,5.371429443359375000e+02,8.861489295959472656e-01,1.270048950195312500e+03,5.481883544921875000e+02,7.395598292350769043e-01,1.236912719726562500e+03,5.481883544921875000e+02,9.383111596107482910e-01,1.273730834960937500e+03,5.960518188476562500e+02,8.958906531333923340e-01,1.218503784179687500e+03,5.886881713867187500e+02,8.908628225326538086e-01,1.281094360351562500e+03,6.549606323242187500e+02,8.397055268287658691e-01,1.200094726562500000e+03,6.549606323242187500e+02,8.745464086532592773e-01,1.281094360351562500e+03,7.101876831054687500e+02,8.720800280570983887e-01,1.196412963867187500e+03,7.101876831054687500e+02,9.028670191764831543e-01,1.262685424804687500e+03,7.028240966796875000e+02,8.477934598922729492e-01,1.233230957031250000e+03,7.028240966796875000e+02,9.004395008087158203e-01,1.259003540039062500e+03,7.838237915039062500e+02,8.496108651161193848e-01,1.266367187500000000e+03,7.801419677734375000e+02,8.669256567955017090e-01,1.189049316406250000e+03,8.206417846679687500e+02,8.654037117958068848e-01,1.262685424804687500e+03,8.758688354492187500e+02,7.219919562339782715e-01,1.251640014648437500e+03,5.187339477539062500e+02,9.134625196456909180e-01,1.247958129882812500e+03,5.739609985351562500e+02,9.124378561973571777e-01,1.244276367187500000e+03,7.028240966796875000e+02,9.228553771972656250e-01,1.288458007812500000e+03,8.942778930664062500e+02,8.312451243400573730e-01,1.192731079101562500e+03,8.611416625976562500e+02,8.643212914466857910e-01,1.284776245117187500e+03,8.905960693359375000e+02,8.634834885597229004e-01,1.181685668945312500e+03,8.574598388671875000e+02,8.863357305526733398e-01,1.247958129882812500e+03,8.869142456054687500e+02,8.052364587783813477e-01,1.174322143554687500e+03,8.132781982421875000e+02,7.271581888198852539e-01,1.155941503380684026e+03,5.195618978139540332e+02,1.613773044388335620e+02,3.795044803039869521e+02,0.000000000000000000e+00
5.290800000000000000e+04,1.930000000000000000e+02,7.873000000000000000e+03,1.460000000000000000e+02,1.276913818359375000e+03,5.373709716796875000e+02,8.707032799720764160e-01,1.280682983398437500e+03,5.298328247070312500e+02,9.112710356712341309e-01,1.265606567382812500e+03,5.298328247070312500e+02,8.863252997398376465e-01,1.280682983398437500e+03,5.373709716796875000e+02,7.121623158454895020e-01,1.246761108398437500e+03,5.411400756835937500e+02,8.781837821006774902e-01,1.280682983398437500e+03,5.863691406250000000e+02,9.136401414871215820e-01,1.231684814453125000e+03,5.863691406250000000e+02,9.139617085456848145e-01,1.288221069335937500e+03,6.466744995117187500e+02,8.827766776084899902e-01,1.209070312500000000e+03,6.504436035156250000e+02,9.058144092559814453e-01,1.291990234375000000e+03,6.994417114257812500e+02,8.775725364685058594e-01,1.212839355468750000e+03,7.107489624023437500e+02,8.698878884315490723e-01,1.276913818359375000e+03,6.994417114257812500e+02,8.940822482109069824e-01,1.242992065429687500e+03,7.032108154296875000e+02,9.076043963432312012e-01,1.276913818359375000e+03,7.861306762695312500e+02,8.399649262428283691e-01,1.269375732421875000e+03,7.823616333007812500e+02,8.872341513633728027e-01,1.209070312500000000e+03,8.238215332031250000e+02,9.469656944274902344e-01,1.258068481445312500e+03,8.765887451171875000e+02,7.856292128562927246e-01,1.261837524414062500e+03,5.147564697265625000e+02,8.859211802482604980e-01,1.258068481445312500e+03,5.675236816406250000e+02,9.521136283874511719e-01,1.258068481445312500e+03,6.994417114257812500e+02,9.216794967651367188e-01,1.284452026367187500e+03,8.954342041015625000e+02,7.575603723526000977e-01,1.220377563476562500e+03,8.652814941406250000e+02,7.111033201217651367e-01,1.284452026367187500e+03,8.916651000976562500e+02,7.044913768768310547e-01,1.209070312500000000e+03,8.615123901367187500e+02,7.563965916633605957e-01,1.193994018554687500e+03,8.238215332031250000e+02,6.244133114814758301e-01,1.190224853515625000e+03,8.238215332031250000e+02,5.095411539077758789e-01,1.168669472105666500e+03,5.147946166031103985e+02,1.611579052233018956e+02,3.847991612818140084e+02,0.000000000000000000e+00
5.290900000000000000e+04,1.930000000000000000e+02,7.873000000000000000e+03,1.470000000000000000e+02,1.285568115234375000e+03,5.327185058593750000e+02,9.062845110893249512e-01,1.289628051757812500e+03,5.286585693359375000e+02,9.590615034103393555e-01,1.277448242187500000e+03,5.286585693359375000e+02,8.912810087203979492e-01,1.289628051757812500e+03,5.408383178710937500e+02,6.703038215637207031e-01,1.253088745117187500e+03,5.367784423828125000e+02,9.435210227966308594e-01,1.289628051757812500e+03,5.854974975585937500e+02,9.430606365203857422e-01,1.236848999023437500e+03,5.814375610351562500e+02,9.219863414764404297e-01,1.297747924804687500e+03,6.463963623046875000e+02,9.378052949905395508e-01,1.220609375000000000e+03,6.463963623046875000e+02,9.479424953460693359e-01,1.305867797851562500e+03,6.991753540039062500e+02,8.711403608322143555e-01,1.228729248046875000e+03,7.032352905273437500e+02,8.920714259147644043e-01,1.285568115234375000e+03,6.991753540039062500e+02,9.324404001235961914e-01,1.253088745117187500e+03,6.991753540039062500e+02,9.083527326583862305e-01,1.297747924804687500e+03,7.803738403320312500e+02,8.705091476440429688e-01,1.265268554687500000e+03,7.844337768554687500e+02,9.092171788215637207e-01,1.228729248046875000e+03,8.372127685546875000e+02,6.546369194984436035e-01,1.253088745117187500e+03,8.737520751953125000e+02,6.306369900703430176e-01,1.273388305664062500e+03,5.083589477539062500e+02,9.451719522476196289e-01,1.265268554687500000e+03,5.651978759765625000e+02,9.439134597778320312e-01,1.269328491210937500e+03,6.951154785156250000e+02,9.421565532684326172e-01,1.285568115234375000e+03,8.981116333007812500e+02,8.589289784431457520e-01,1.240908935546875000e+03,8.818719482421875000e+02,4.862982928752899170e-01,1.285568115234375000e+03,8.981116333007812500e+02,7.857096195220947266e-01,1.236848999023437500e+03,8.818719482421875000e+02,5.757017135620117188e-01,1.244968872070312500e+03,8.940516967773437500e+02,5.487825870513916016e-01,1.212489501953125000e+03,8.372127685546875000e+02,6.491039395332336426e-01,1.182646959995409134e+03,5.033682909759550625e+02,1.670770378160859764e+02,4.061528647444133071e+02,0.000000000000000000e+00
5.291000000000000000e+04,1.930000000000000000e+02,7.876000000000000000e+03,1.480000000000000000e+02,1.293563842773437500e+03,5.198609008789062500e+02,8.503440618515014648e-01,1.297779907226562500e+03,5.198609008789062500e+02,8.944970369338989258e-01,1.280915527343750000e+03,5.156447753906250000e+02,8.737459182739257812e-01,1.297779907226562500e+03,5.325092773437500000e+02,7.584507465362548828e-01,1.259834838867187500e+03,5.325092773437500000e+02,9.269985556602478027e-01,1.297779907226562500e+03,5.831026611328125000e+02,9.071915745735168457e-01,1.247186523437500000e+03,5.788865966796875000e+02,8.553314805030822754e-01,1.306212158203125000e+03,6.463444824218750000e+02,9.402049183845520020e-01,1.230322021484375000e+03,6.421283569335937500e+02,8.854432106018066406e-01,1.314644409179687500e+03,6.927217407226562500e+02,8.732720017433166504e-01,1.247186523437500000e+03,7.011539916992187500e+02,9.314016699790954590e-01,1.293563842773437500e+03,7.011539916992187500e+02,9.121012687683105469e-01,1.264051025390625000e+03,7.011539916992187500e+02,8.548439145088195801e-01,1.310428344726562500e+03,7.812602539062500000e+02,9.032467007637023926e-01,1.264051025390625000e+03,7.896924438476562500e+02,9.758951663970947266e-01,1.259834838867187500e+03,8.613664550781250000e+02,7.995907068252563477e-01,1.247186523437500000e+03,8.824470825195312500e+02,8.621703386306762695e-01,1.280915527343750000e+03,5.029964599609375000e+02,8.518728017807006836e-01,1.272483276367187500e+03,5.578059692382812500e+02,9.229530096054077148e-01,1.276699340820312500e+03,6.969378662109375000e+02,9.171946048736572266e-01,1.285131591796875000e+03,8.866631469726562500e+02,8.533865809440612793e-01,1.285131591796875000e+03,8.950953979492187500e+02,8.871186971664428711e-01,1.289347778320312500e+03,8.824470825195312500e+02,8.471579551696777344e-01,1.272483276367187500e+03,8.993115234375000000e+02,8.095796704292297363e-01,1.251402709960937500e+03,8.697987060546875000e+02,7.265637516975402832e-01,1.234538208007812500e+03,8.993115234375000000e+02,8.508149385452270508e-01,1.189179923818943507e+03,5.007500922230983065e+02,1.706834456014935313e+02,4.244314101757029789e+02,0.000000000000000000e+00
5.291100000000000000e+04,1.930000000000000000e+02,7.873000000000000000e+03,1.490000000000000000e+02,1.304949707031250000e+03,5.195804443359375000e+02,8.376970291137695312e-01,1.304949707031250000e+03,5.155526123046875000e+02,9.334843158721923828e-01,1.292866088867187500e+03,5.155526123046875000e+02,8.823949098587036133e-01,1.308977539062500000e+03,5.316640014648437500e+02,7.296847701072692871e-01,1.268698974609375000e+03,5.276361694335937500e+02,9.043020009994506836e-01,1.308977539062500000e+03,5.799982910156250000e+02,9.197527766227722168e-01,1.256615478515625000e+03,5.759703979492187500e+02,8.821208477020263672e-01,1.313005371093750000e+03,6.484718017578125000e+02,9.322634339332580566e-01,1.244531860351562500e+03,6.444439697265625000e+02,8.915380239486694336e-01,1.317033325195312500e+03,7.008339233398437500e+02,8.843130469322204590e-01,1.272726928710937500e+03,7.048617553710937500e+02,7.399671673774719238e-01,1.300921875000000000e+03,7.008339233398437500e+02,9.022057056427001953e-01,1.268698974609375000e+03,7.008339233398437500e+02,9.054743051528930664e-01,1.321061157226562500e+03,7.813910522460937500e+02,9.745749235153198242e-01,1.260643310546875000e+03,7.934746093750000000e+02,9.439205527305603027e-01,1.284810424804687500e+03,8.700038452148437500e+02,8.774392604827880859e-01,1.240504028320312500e+03,8.941709594726562500e+02,8.860178589820861816e-01,1.288838256835937500e+03,4.994411926269531250e+02,8.819769024848937988e-01,1.284810424804687500e+03,5.558311767578125000e+02,9.374442100524902344e-01,1.284810424804687500e+03,6.968060913085937500e+02,9.509713649749755859e-01,1.321061157226562500e+03,8.941709594726562500e+02,8.863855600357055664e-01,1.284810424804687500e+03,9.062545166015625000e+02,6.187446117401123047e-01,1.321061157226562500e+03,8.901431274414062500e+02,8.782624006271362305e-01,1.276754760742187500e+03,9.102824096679687500e+02,5.737907290458679199e-01,1.272726928710937500e+03,8.780595703125000000e+02,8.842036128044128418e-01,1.232448364257812500e+03,9.022266845703125000e+02,7.499471902847290039e-01,1.199837177952241291e+03,5.027331811174274776e+02,1.658818290038759642e+02,4.190907382111624315e+02,0.000000000000000000e+00
5.291200000000000000e+04,1.930000000000000000e+02,7.873000000000000000e+03,1.500000000000000000e+02,1.315737915039062500e+03,5.270381469726562500e+02,8.794417977333068848e-01,1.319861694335937500e+03,5.187907104492187500e+02,9.520287513732910156e-01,1.303366699218750000e+03,5.187907104492187500e+02,8.597445487976074219e-01,1.319861694335937500e+03,5.311619262695312500e+02,7.324028611183166504e-01,1.282748046875000000e+03,5.270381469726562500e+02,8.934400677680969238e-01,1.315737915039062500e+03,5.806467285156250000e+02,8.922599554061889648e-01,1.266253051757812500e+03,5.723992309570312500e+02,8.947408795356750488e-01,1.323985351562500000e+03,6.466264648437500000e+02,9.020161628723144531e-01,1.262129394531250000e+03,6.425026855468750000e+02,8.606239557266235352e-01,1.332232788085937500e+03,7.002349853515625000e+02,8.464904427528381348e-01,1.290995483398437500e+03,7.002349853515625000e+02,9.194163680076599121e-01,1.311614135742187500e+03,7.002349853515625000e+02,8.550313711166381836e-01,1.274500610351562500e+03,7.002349853515625000e+02,8.857366442680358887e-01,1.332232788085937500e+03,7.827096557617187500e+02,9.284993410110473633e-01,1.262129394531250000e+03,7.909570922851562500e+02,9.539077877998352051e-01,1.319861694335937500e+03,8.816792602539062500e+02,9.498493075370788574e-01,1.241510742187500000e+03,8.940504760742187500e+02,8.529413342475891113e-01,1.299242919921875000e+03,4.981720275878906250e+02,9.024683833122253418e-01,1.295119262695312500e+03,5.559042968750000000e+02,9.295501708984375000e-01,1.290995483398437500e+03,6.961112670898437500e+02,9.319769144058227539e-01,1.361098999023437500e+03,8.981741943359375000e+02,9.108974933624267578e-01,1.286871826171875000e+03,9.105454101562500000e+02,8.554099202156066895e-01,1.361098999023437500e+03,8.940504760742187500e+02,8.794025182723999023e-01,1.274500610351562500e+03,9.146691284179687500e+02,8.501031994819641113e-01,1.307490478515625000e+03,8.940504760742187500e+02,9.079211354255676270e-01,1.229139526367187500e+03,9.064216308593750000e+02,8.450983762741088867e-01,1.209189130978827961e+03,5.001636881306251325e+02,1.663099622143920442e+02,4.230301846221598225e+02,0.000000000000000000e+00
5.291300000000000000e+04,1.930000000000000000e+02,7.852000000000000000e+03,1.510000000000000000e+02,1.328072265625000000e+03,5.301779174804687500e+02,9.166548252105712891e-01,1.328072265625000000e+03,5.217622070312500000e+02,9.628525972366333008e-01,1.315448730468750000e+03,5.217622070312500000e+02,9.172312021255493164e-01,1.323864379882812500e+03,5.343857421875000000e+02,6.633639335632324219e-01,1.294409423828125000e+03,5.301779174804687500e+02,9.162169694900512695e-01,1.323864379882812500e+03,5.764642944335937500e+02,8.838872909545898438e-01,1.281785888671875000e+03,5.722564697265625000e+02,8.742541074752807617e-01,1.332280029296875000e+03,6.437899169921875000e+02,8.196392655372619629e-01,1.277578002929687500e+03,6.479978027343750000e+02,8.343989253044128418e-01,1.340695800781250000e+03,6.984920043945312500e+02,7.653611898422241211e-01,1.311240844726562500e+03,6.984920043945312500e+02,9.169132113456726074e-01,1.315448730468750000e+03,7.026998901367187500e+02,8.811066746711730957e-01,1.277578002929687500e+03,7.069077148437500000e+02,8.771751523017883301e-01,1.340695800781250000e+03,7.868569335937500000e+02,9.736713171005249023e-01,1.260746582031250000e+03,7.952726440429687500e+02,9.092501997947692871e-01,1.353319335937500000e+03,8.836375732421875000e+02,9.242566823959350586e-01,1.235499511718750000e+03,8.920532226562500000e+02,8.972660899162292480e-01,1.311240844726562500e+03,4.965151062011718750e+02,9.401337504386901855e-01,1.302825073242187500e+03,5.554250488281250000e+02,9.645096063613891602e-01,1.298617309570312500e+03,6.984920043945312500e+02,9.321334362030029297e-01,1.395397827148437500e+03,8.962611083984375000e+02,8.925778865814208984e-01,1.273370117187500000e+03,9.046768188476562500e+02,7.873930335044860840e-01,1.391190063476562500e+03,8.920532226562500000e+02,9.056833386421203613e-01,1.260746582031250000e+03,9.088846435546875000e+02,7.696346640586853027e-01,1.344903686523437500e+03,9.004689331054687500e+02,9.382872581481933594e-01,1.227083740234375000e+03,9.004689331054687500e+02,9.287109971046447754e-01,1.215511302672982765e+03,4.954242845869659391e+02,1.704046892671819933e+02,4.299664424443395205e+02,0.000000000000000000e+00
5.291400000000000000e+04,1.930000000000000000e+02,7.852000000000000000e+03,1.520000000000000000e+02,1.339165893554687500e+03,5.318056030273437500e+02,8.687119483947753906e-01,1.339165893554687500e+03,5.234358520507812500e+02,9.204679727554321289e-01,1.326611206054687500e+03,5.234358520507812500e+02,8.801503777503967285e-01,1.339165893554687500e+03,5.318056030273437500e+02,6.548999547958374023e-01,1.305686889648437500e+03,5.318056030273437500e+02,9.391947388648986816e-01,1.334980957031250000e+03,5.778392333984375000e+02,9.219526052474975586e-01,1.293132202148437500e+03,5.736543579101562500e+02,9.245684742927551270e-01,1.343350708007812500e+03,6.447973022460937500e+02,8.739237785339355469e-01,1.288947387695312500e+03,6.406124267578125000e+02,8.297398090362548828e-01,1.347535644531250000e+03,6.908309326171875000e+02,8.886821866035461426e-01,1.326611206054687500e+03,6.866460571289062500e+02,8.502424955368041992e-01,1.326611206054687500e+03,7.075704345703125000e+02,9.332000613212585449e-01,1.288947387695312500e+03,7.033855590820312500e+02,9.240441322326660156e-01,1.351720458984375000e+03,7.912680053710937500e+02,9.789635539054870605e-01,1.263838012695312500e+03,7.996377563476562500e+02,9.406189322471618652e-01,1.381014648437500000e+03,8.875202026367187500e+02,9.310339689254760742e-01,1.234543945312500000e+03,8.917050781250000000e+02,9.552496671676635742e-01,1.322426391601562500e+03,5.025114440917968750e+02,9.239949584007263184e-01,1.314056640625000000e+03,5.569148559570312500e+02,9.596651792526245117e-01,1.305686889648437500e+03,6.992006835937500000e+02,9.461795687675476074e-01,1.422863403320312500e+03,8.875202026367187500e+02,9.348023533821105957e-01,1.263838012695312500e+03,9.084445800781250000e+02,8.803595304489135742e-01,1.422863403320312500e+03,8.875202026367187500e+02,9.020051956176757812e-01,1.255468261718750000e+03,9.084445800781250000e+02,9.091189503669738770e-01,1.376829833984375000e+03,9.042597045898437500e+02,9.373643994331359863e-01,1.221989257812500000e+03,9.000748291015625000e+02,8.867172002792358398e-01,1.231943712687831521e+03,4.975508751763125588e+02,1.743006566807039235e+02,4.309301987272573911e+02,0.000000000000000000e+00
5.291500000000000000e+04,1.930000000000000000e+02,7.852000000000000000e+03,1.530000000000000000e+02,1.354746337890625000e+03,5.376979980468750000e+02,9.101314544677734375e-01,1.354746337890625000e+03,5.292719116210937500e+02,9.611482620239257812e-01,1.346320190429687500e+03,5.292719116210937500e+02,8.993774652481079102e-01,1.342107177734375000e+03,5.376979980468750000e+02,5.930928587913513184e-01,1.321041870117187500e+03,5.334849243164062500e+02,9.045544266700744629e-01,1.346320190429687500e+03,5.882547607421875000e+02,8.332001566886901855e-01,1.299976562500000000e+03,5.756155395507812500e+02,8.985781669616699219e-01,1.350533325195312500e+03,6.514506835937500000e+02,8.455016613006591797e-01,1.299976562500000000e+03,6.514506835937500000e+02,8.453342914581298828e-01,1.358959350585937500e+03,6.977943115234375000e+02,8.880848288536071777e-01,1.346320190429687500e+03,6.893682250976562500e+02,8.785629868507385254e-01,1.337894042968750000e+03,7.104335327148437500e+02,9.494240880012512207e-01,1.299976562500000000e+03,7.104335327148437500e+02,9.263021945953369141e-01,1.363172485351562500e+03,7.946947021484375000e+02,9.487358927726745605e-01,1.270485107421875000e+03,8.031208496093750000e+02,9.473600983619689941e-01,1.401089965820312500e+03,8.915951538085937500e+02,9.911279678344726562e-01,1.232567626953125000e+03,8.873820800781250000e+02,9.101674556732177734e-01,1.333681030273437500e+03,5.039935302734375000e+02,9.423766732215881348e-01,1.325254882812500000e+03,5.629763793945312500e+02,9.637824892997741699e-01,1.316828857421875000e+03,7.062204589843750000e+02,9.698028564453125000e-01,1.447433715820312500e+03,8.873820800781250000e+02,9.078688621520996094e-01,1.266272094726562500e+03,9.084473876953125000e+02,8.873269557952880859e-01,1.443220581054687500e+03,8.831690063476562500e+02,9.517809748649597168e-01,1.257845947265625000e+03,9.126604614257812500e+02,9.040293097496032715e-01,1.396876953125000000e+03,9.126604614257812500e+02,8.764282464981079102e-01,1.219928344726562500e+03,8.958081665039062500e+02,8.707697391510009766e-01,1.237442061738910070e+03,4.966440918293953928e+02,1.805858766517158074e+02,4.329732929973181399e+02,0.000000000000000000e+00
5.291600000000000000e+04,1.930000000000000000e+02,7.852000000000000000e+03,1.540000000000000000e+02,1.367536499023437500e+03,5.361329956054687500e+02,8.851739168167114258e-01,1.367536499023437500e+03,5.274904785156250000e+02,9.238341450691223145e-01,1.358893920898437500e+03,5.274904785156250000e+02,9.100069999694824219e-01,1.345930175781250000e+03,5.361329956054687500e+02,5.706532001495361328e-01,1.332966308593750000e+03,5.318117065429687500e+02,8.938289284706115723e-01,1.354572631835937500e+03,5.836669921875000000e+02,8.767194151878356934e-01,1.311359985351562500e+03,5.793457641601562500e+02,8.744436502456665039e-01,1.363215209960937500e+03,6.484861450195312500e+02,8.383830785751342773e-01,1.315681274414062500e+03,6.528073730468750000e+02,8.406154513359069824e-01,1.376179077148437500e+03,6.873775634765625000e+02,8.544337153434753418e-01,1.363215209960937500e+03,6.873775634765625000e+02,9.251486659049987793e-01,1.350251464843750000e+03,7.089839477539062500e+02,9.175660610198974609e-01,1.315681274414062500e+03,7.089839477539062500e+02,8.961438536643981934e-01,1.380500366210937500e+03,7.997307128906250000e+02,9.267805814743041992e-01,1.285432250976562500e+03,8.040520019531250000e+02,9.578359723091125488e-01,1.410749267578125000e+03,8.947987060546875000e+02,9.586186408996582031e-01,1.233577026367187500e+03,8.818348999023437500e+02,8.955920934677124023e-01,1.350251464843750000e+03,5.058840942382812500e+02,9.466449022293090820e-01,1.337287597656250000e+03,5.620606689453125000e+02,9.494107961654663086e-01,1.332966308593750000e+03,7.046626586914062500e+02,9.534105062484741211e-01,1.453962036132812500e+03,8.991199951171875000e+02,8.496465682983398438e-01,1.263825927734375000e+03,9.077625732421875000e+02,9.203121066093444824e-01,1.445319458007812500e+03,8.991199951171875000e+02,8.777553439140319824e-01,1.250862060546875000e+03,9.120838012695312500e+02,8.903136849403381348e-01,1.406427978515625000e+03,9.164050903320312500e+02,8.854570984840393066e-01,1.220613159179687500e+03,8.904774780273437500e+02,8.432986140251159668e-01,1.240911603394847589e+03,4.918140069087664870e+02,1.897358739854876148e+02,4.408126278759948491e+02,0.000000000000000000e+00
5.291700000000000000e+04,1.930000000000000000e+02,7.852000000000000000e+03,1.550000000000000000e+02,1.382653320312500000e+03,5.439880371093750000e+02,8.632434606552124023e-01,1.382653320312500000e+03,5.358032226562500000e+02,8.803099393844604492e-01,1.374468505859375000e+03,5.317108154296875000e+02,8.443556427955627441e-01,1.362191162109375000e+03,5.358032226562500000e+02,6.222426295280456543e-01,1.354006347656250000e+03,5.358032226562500000e+02,8.460556864738464355e-01,1.366283691406250000e+03,5.849121093750000000e+02,9.193078279495239258e-01,1.333544433593750000e+03,5.808197021484375000e+02,9.160354733467102051e-01,1.370375976562500000e+03,6.503906250000000000e+02,9.174140691757202148e-01,1.337636718750000000e+03,6.503906250000000000e+02,8.320443034172058105e-01,1.386745605468750000e+03,6.954071044921875000e+02,8.820089101791381836e-01,1.378560791015625000e+03,6.872222900390625000e+02,9.221637248992919922e-01,1.358098876953125000e+03,7.158691406250000000e+02,8.912293910980224609e-01,1.329451904296875000e+03,7.158691406250000000e+02,8.938840031623840332e-01,1.394930419921875000e+03,8.059020996093750000e+02,9.141015410423278809e-01,1.304897460937500000e+03,8.099945068359375000e+02,9.661341309547424316e-01,1.415392578125000000e+03,9.000274658203125000e+02,9.779750108718872070e-01,1.235326660156250000e+03,8.754730224609375000e+02,9.621152877807617188e-01,1.366283691406250000e+03,5.071563720703125000e+02,9.492027759552001953e-01,1.354006347656250000e+03,5.603576660156250000e+02,9.187784194946289062e-01,1.341729248046875000e+03,7.117767333984375000e+02,9.556471109390258789e-01,1.456316650390625000e+03,9.163970947265625000e+02,8.718498945236206055e-01,1.259881103515625000e+03,9.163970947265625000e+02,9.355472326278686523e-01,1.452224121093750000e+03,9.163970947265625000e+02,8.861946463584899902e-01,1.247603759765625000e+03,9.163970947265625000e+02,8.773373961448669434e-01,1.403115234375000000e+03,9.163970947265625000e+02,8.696507215499877930e-01,1.223049316406250000e+03,8.754730224609375000e+02,8.566552996635437012e-01,1.240902760808047788e+03,5.020297288994939322e+02,1.905900700161196255e+02,4.284205558991547491e+02,0.000000000000000000e+00
5.291800000000000000e+04,1.930000000000000000e+02,7.852000000000000000e+03,1.560000000000000000e+02,1.394725952148437500e+03,5.413530883789062500e+02,9.174846410751342773e-01,1.394725952148437500e+03,5.333186645507812500e+02,9.395128488540649414e-01,1.382674316406250000e+03,5.333186645507812500e+02,9.131122827529907227e-01,1.362588256835937500e+03,5.413530883789062500e+02,5.384654998779296875e-01,1.354553833007812500e+03,5.413530883789062500e+02,8.993332982063293457e-01,1.390708740234375000e+03,5.935769653320312500e+02,8.583026528358459473e-01,1.338484985351562500e+03,5.895597534179687500e+02,8.542217016220092773e-01,1.398743164062500000e+03,6.538352661132812500e+02,8.551445007324218750e-01,1.346519409179687500e+03,6.578524780273437500e+02,8.142116665840148926e-01,1.410794921875000000e+03,6.859730224609375000e+02,8.508291244506835938e-01,1.394725952148437500e+03,6.940074462890625000e+02,9.205405116081237793e-01,1.382674316406250000e+03,7.221279907226562500e+02,8.888797163963317871e-01,1.346519409179687500e+03,7.221279907226562500e+02,8.669298887252807617e-01,1.414812133789062500e+03,8.105068359375000000e+02,9.227308034896850586e-01,1.330450439453125000e+03,8.185412597656250000e+02,9.596505165100097656e-01,1.414812133789062500e+03,9.069201049804687500e+02,9.312239885330200195e-01,1.250106079101562500e+03,8.707651367187500000e+02,9.657736420631408691e-01,1.374639892578125000e+03,5.092153625488281250e+02,9.197352528572082520e-01,1.366605468750000000e+03,5.694736328125000000e+02,9.229188561439514160e-01,1.362588256835937500e+03,7.181107788085937500e+02,8.915544152259826660e-01,1.454984252929687500e+03,9.270061645507812500e+02,8.640223145484924316e-01,1.254123291015625000e+03,9.149545288085937500e+02,9.410477280616760254e-01,1.454984252929687500e+03,9.229889526367187500e+02,8.609193563461303711e-01,1.242071655273437500e+03,9.069201049804687500e+02,9.054819941520690918e-01,1.402760498046875000e+03,9.229889526367187500e+02,9.056244492530822754e-01,1.234037231445312500e+03,8.667479248046875000e+02,8.796234130859375000e-01,1.243990645348555063e+03,5.101009711989369748e+02,1.903826949894187237e+02,4.182364780523567447e+02,0.000000000000000000e+00
5.291900000000000000e+04,1.930000000000000000e+02,7.852000000000000000e+03,1.570000000000000000e+02,1.400326416015625000e+03,5.392200317382812500e+02,8.567481040954589844e-01,1.404344116210937500e+03,5.311848144531250000e+02,9.232909679412841797e-01,1.392291259765625000e+03,5.311848144531250000e+02,9.076952934265136719e-01,1.412379272460937500e+03,5.432376098632812500e+02,8.159916996955871582e-01,1.372203247070312500e+03,5.352023925781250000e+02,9.200894236564636230e-01,1.408361694335937500e+03,5.954664306640625000e+02,9.289022088050842285e-01,1.348097656250000000e+03,5.914487915039062500e+02,8.729197978973388672e-01,1.408361694335937500e+03,6.557303466796875000e+02,9.338901042938232422e-01,1.344080078125000000e+03,6.637655639648437500e+02,8.845930695533752441e-01,1.420414428710937500e+03,6.918887939453125000e+02,7.810189723968505859e-01,1.400326416015625000e+03,6.959063720703125000e+02,8.863823413848876953e-01,1.400326416015625000e+03,7.240295410156250000e+02,9.092522859573364258e-01,1.360150512695312500e+03,7.280471191406250000e+02,8.284696340560913086e-01,1.424432006835937500e+03,8.164343261718750000e+02,9.160113334655761719e-01,1.352115234375000000e+03,8.244694824218750000e+02,9.086449146270751953e-01,1.412379272460937500e+03,9.128566894531250000e+02,9.248175621032714844e-01,1.263728149414062500e+03,8.686630859375000000e+02,9.003288745880126953e-01,1.396308837890625000e+03,5.070792236328125000e+02,9.331820607185363770e-01,1.384256103515625000e+03,5.713608398437500000e+02,9.516085982322692871e-01,1.380238525390625000e+03,7.200119628906250000e+02,9.337021708488464355e-01,1.452555297851562500e+03,9.329447021484375000e+02,8.756140470504760742e-01,1.263728149414062500e+03,9.128566894531250000e+02,9.117980003356933594e-01,1.452555297851562500e+03,9.289270629882812500e+02,8.560463190078735352e-01,1.255692871093750000e+03,9.088391113281250000e+02,9.510193467140197754e-01,1.400326416015625000e+03,9.249094848632812500e+02,8.534579873085021973e-01,1.251675292968750000e+03,8.606279296875000000e+02,8.988175988197326660e-01,1.248118036236556009e+03,5.143972381004132330e+02,1.911447238094649492e+02,4.143100733162499409e+02,0.000000000000000000e+00
5.292000000000000000e+04,1.930000000000000000e+02,7.852000000000000000e+03,1.580000000000000000e+02,1.424243041992187500e+03,5.395520019531250000e+02,8.517071008682250977e-01,1.424243041992187500e+03,5.308502197265625000e+02,9.225560426712036133e-01,1.411190429687500000e+03,5.264993286132812500e+02,8.606293201446533203e-01,1.424243041992187500e+03,5.395520019531250000e+02,7.099677920341491699e-01,1.385085083007812500e+03,5.352011108398437500e+02,8.969456553459167480e-01,1.415541259765625000e+03,5.917627563476562500e+02,9.157871603965759277e-01,1.367681396484375000e+03,5.830609741210937500e+02,8.752219080924987793e-01,1.419892211914062500e+03,6.570261840820312500e+02,9.223346710205078125e-01,1.363330566406250000e+03,6.570261840820312500e+02,8.488457798957824707e-01,1.428593994140625000e+03,7.048860473632812500e+02,8.922386169433593750e-01,1.402488647460937500e+03,7.005351562500000000e+02,9.002770781517028809e-01,1.411190429687500000e+03,7.222896118164062500e+02,9.271454811096191406e-01,1.376383178710937500e+03,7.222896118164062500e+02,9.033732414245605469e-01,1.428593994140625000e+03,8.180093383789062500e+02,9.367685914039611816e-01,1.376383178710937500e+03,8.267111206054687500e+02,9.730277061462402344e-01,1.411190429687500000e+03,9.137290649414062500e+02,9.672209024429321289e-01,1.289365356445312500e+03,8.658692016601562500e+02,9.122814536094665527e-01,1.406839477539062500e+03,5.047448120117187500e+02,9.575541019439697266e-01,1.398137695312500000e+03,5.656573486328125000e+02,9.434829354286193848e-01,1.393786865234375000e+03,7.179387207031250000e+02,9.553272724151611328e-01,1.454699340820312500e+03,9.311326293945312500e+02,9.100320935249328613e-01,1.289365356445312500e+03,9.137290649414062500e+02,9.116674661636352539e-01,1.450348510742187500e+03,9.311326293945312500e+02,9.401313662528991699e-01,1.280663574218750000e+03,9.093781738281250000e+02,9.178071618080139160e-01,1.398137695312500000e+03,9.267817382812500000e+02,8.834736943244934082e-01,1.276312622070312500e+03,8.615183105468750000e+02,9.421122670173645020e-01,1.254118404641324105e+03,5.091671687056495443e+02,2.014974616823951692e+02,4.354196904987052790e+02,0.000000000000000000e+00
5.292100000000000000e+04,1.930000000000000000e+02,7.852000000000000000e+03,1.590000000000000000e+02,1.441085693359375000e+03,5.358480224609375000e+02,9.235981702804565430e-01,1.441085693359375000e+03,5.313671875000000000e+02,9.680539369583129883e-01,1.432124023437500000e+03,5.268863525390625000e+02,9.061719179153442383e-01,1.436604858398437500e+03,5.403289184570312500e+02,5.652089118957519531e-01,1.400758056640625000e+03,5.313671875000000000e+02,9.314345717430114746e-01,1.427643188476562500e+03,5.896182250976562500e+02,9.066879153251647949e-01,1.378353759765625000e+03,5.806565551757812500e+02,8.721995949745178223e-01,1.432124023437500000e+03,6.613118286132812500e+02,8.785763978958129883e-01,1.373872924804687500e+03,6.568309936523437500e+02,7.665818929672241211e-01,1.445566528320312500e+03,7.285245971679687500e+02,7.515738010406494141e-01,1.409719726562500000e+03,7.106011962890625000e+02,8.768227696418762207e-01,1.423162353515625000e+03,7.195629272460937500e+02,8.831129670143127441e-01,1.387315551757812500e+03,7.195629272460937500e+02,9.195202589035034180e-01,1.436604858398437500e+03,8.181416015625000000e+02,8.772400021553039551e-01,1.405238891601562500e+03,8.181416015625000000e+02,9.164487719535827637e-01,1.409719726562500000e+03,9.167203369140625000e+02,9.922692179679870605e-01,1.315621948242187500e+03,8.674309692382812500e+02,9.478787779808044434e-01,1.423162353515625000e+03,5.044820861816406250e+02,9.443351626396179199e-01,1.409719726562500000e+03,5.627331542968750000e+02,9.349775910377502441e-01,1.405238891601562500e+03,7.150820312500000000e+02,8.992843627929687500e-01,1.450047363281250000e+03,9.346437377929687500e+02,8.656626939773559570e-01,1.320102783203125000e+03,9.212011718750000000e+02,9.152828454971313477e-01,1.450047363281250000e+03,9.301628417968750000e+02,8.420444130897521973e-01,1.311140991210937500e+03,9.167203369140625000e+02,9.109339714050292969e-01,1.396277221679687500e+03,9.301628417968750000e+02,9.104000926017761230e-01,1.302179321289062500e+03,8.674309692382812500e+02,9.540272951126098633e-01,1.274253752001244720e+03,5.012685646914594599e+02,2.058729799799043576e+02,4.518101397586935946e+02,0.000000000000000000e+00
5.292200000000000000e+04,1.930000000000000000e+02,7.852000000000000000e+03,1.600000000000000000e+02,1.448763549804687500e+03,5.280258789062500000e+02,8.324359655380249023e-01,1.453363769531250000e+03,5.188254394531250000e+02,9.053523540496826172e-01,1.439563110351562500e+03,5.188254394531250000e+02,8.692121505737304688e-01,1.448763549804687500e+03,5.326260986328125000e+02,6.336610317230224609e-01,1.411961791992187500e+03,5.234256591796875000e+02,8.851382732391357422e-01,1.439563110351562500e+03,5.832285766601562500e+02,9.025546312332153320e-01,1.393560791015625000e+03,5.786283569335937500e+02,9.105634689331054688e-01,1.444163330078125000e+03,6.568322143554687500e+02,8.926277160644531250e-01,1.379760131835937500e+03,6.522319946289062500e+02,8.653838038444519043e-01,1.448763549804687500e+03,7.212354125976562500e+02,8.705893754959106445e-01,1.411961791992187500e+03,7.166351928710937500e+02,8.528590798377990723e-01,1.430362670898437500e+03,7.166351928710937500e+02,9.022545218467712402e-01,1.398161010742187500e+03,7.166351928710937500e+02,9.359722137451171875e-01,1.439563110351562500e+03,8.178402099609375000e+02,8.491098284721374512e-01,1.421162231445312500e+03,8.178402099609375000e+02,9.326781034469604492e-01,1.411961791992187500e+03,9.144449462890625000e+02,9.888910055160522461e-01,1.342958374023437500e+03,8.822434082031250000e+02,9.599653482437133789e-01,1.430362670898437500e+03,4.958242797851562500e+02,9.425869584083557129e-01,1.421162231445312500e+03,5.556272583007812500e+02,9.563860893249511719e-01,1.416562011718750000e+03,7.120349731445312500e+02,9.313435554504394531e-01,1.448763549804687500e+03,9.374461059570312500e+02,8.781108856201171875e-01,1.361359252929687500e+03,9.282456665039062500e+02,9.410216212272644043e-01,1.448763549804687500e+03,9.328458862304687500e+02,8.844380378723144531e-01,1.347558593750000000e+03,9.282456665039062500e+02,8.772425055503845215e-01,1.393560791015625000e+03,9.282456665039062500e+02,8.132489323616027832e-01,1.329157714843750000e+03,8.822434082031250000e+02,9.261397123336791992e-01,1.291694116271172788e+03,4.865163815468936832e+02,2.076879763311872011e+02,4.659611846691533970e+02,0.000000000000000000e+00
5.292300000000000000e+04,1.930000000000000000e+02,7.852000000000000000e+03,1.610000000000000000e+02,1.472236572265625000e+03,5.299189453125000000e+02,9.252447485923767090e-01,1.472236572265625000e+03,5.207178955078125000e+02,9.087454080581665039e-01,1.463035522460937500e+03,5.207178955078125000e+02,8.996170759201049805e-01,1.440032836914062500e+03,5.207178955078125000e+02,5.933694839477539062e-01,1.435432373046875000e+03,5.207178955078125000e+02,9.137666821479797363e-01,1.458434936523437500e+03,5.851252441406250000e+02,8.944440484046936035e-01,1.403228637695312500e+03,5.713236694335937500e+02,8.574002385139465332e-01,1.467635986328125000e+03,6.587335815429687500e+02,8.617279529571533203e-01,1.384826538085937500e+03,6.449320068359375000e+02,7.644019722938537598e-01,1.472236572265625000e+03,7.323419189453125000e+02,8.852772712707519531e-01,1.389427124023437500e+03,7.047388305664062500e+02,7.156983017921447754e-01,1.440032836914062500e+03,7.139398803710937500e+02,8.936510086059570312e-01,1.412429687500000000e+03,7.139398803710937500e+02,8.539596199989318848e-01,1.458434936523437500e+03,8.151513671875000000e+02,8.057155013084411621e-01,1.435432373046875000e+03,8.151513671875000000e+02,8.310369849205017090e-01,1.407829223632812500e+03,9.163628540039062500e+02,7.920514941215515137e-01,1.380226074218750000e+03,9.025612792968750000e+02,8.148864507675170898e-01,1.449233886718750000e+03,4.931147766113281250e+02,9.132534265518188477e-01,1.435432373046875000e+03,5.529215698242187500e+02,9.050260782241821289e-01,1.426231323242187500e+03,7.093393554687500000e+02,9.165955781936645508e-01,1.449233886718750000e+03,9.439659423828125000e+02,8.893648386001586914e-01,1.417030273437500000e+03,9.347649536132812500e+02,5.356828570365905762e-01,1.449233886718750000e+03,9.347649536132812500e+02,8.942185044288635254e-01,1.407829223632812500e+03,9.393654174804687500e+02,5.695883631706237793e-01,1.394027587890625000e+03,9.393654174804687500e+02,7.247744202613830566e-01,1.361823974609375000e+03,9.071618041992187500e+02,6.813532710075378418e-01,1.314928290063539635e+03,4.820166630179418803e+02,2.051584665014802340e+02,4.713208519089053539e+02,0.000000000000000000e+00
5.292400000000000000e+04,1.930000000000000000e+02,7.852000000000000000e+03,1.620000000000000000e+02,1.476589721679687500e+03,5.187512207031250000e+02,8.068088889122009277e-01,1.476589721679687500e+03,5.088250427246093750e+02,9.015861153602600098e-01,1.466663574218750000e+03,5.088250427246093750e+02,8.296956419944763184e-01,1.476589721679687500e+03,5.237142333984375000e+02,6.687574982643127441e-01,1.441848144531250000e+03,5.187512207031250000e+02,8.545063138008117676e-01,1.471626586914062500e+03,5.733449707031250000e+02,8.692203164100646973e-01,1.421995849609375000e+03,5.683819580078125000e+02,7.919275760650634766e-01,1.476589721679687500e+03,6.477911376953125000e+02,7.783815264701843262e-01,1.407106689453125000e+03,6.428280029296875000e+02,8.471311330795288086e-01,1.481552734375000000e+03,7.172741699218750000e+02,8.007032871246337891e-01,1.412069702148437500e+03,7.123110351562500000e+02,8.690277934074401855e-01,1.461700439453125000e+03,7.123110351562500000e+02,8.872457742691040039e-01,1.436885131835937500e+03,7.123110351562500000e+02,8.661909103393554688e-01,1.461700439453125000e+03,8.165356445312500000e+02,8.866712450981140137e-01,1.436885131835937500e+03,8.165356445312500000e+02,8.958176970481872559e-01,1.417032836914062500e+03,9.207601318359375000e+02,9.063434600830078125e-01,1.402143554687500000e+03,9.257232666015625000e+02,8.792082071304321289e-01,1.456737426757812500e+03,4.889727478027343750e+02,8.198845982551574707e-01,1.451774291992187500e+03,5.485296630859375000e+02,8.756687641143798828e-01,1.451774291992187500e+03,7.073480224609375000e+02,8.906257152557373047e-01,1.451774291992187500e+03,9.505385742187500000e+02,9.032537937164306641e-01,1.446811279296875000e+03,9.505385742187500000e+02,9.265503883361816406e-01,1.451774291992187500e+03,9.505385742187500000e+02,9.256823062896728516e-01,1.436885131835937500e+03,9.505385742187500000e+02,8.786244988441467285e-01,1.407106689453125000e+03,9.406124267578125000e+02,6.929904222488403320e-01,1.377328247070312500e+03,9.505385742187500000e+02,8.442262411117553711e-01,1.334100230328060434e+03,4.705742039784365716e+02,2.096471440268326205e+02,4.972841021627179998e+02,0.000000000000000000e+00
5.292500000000000000e+04,1.930000000000000000e+02,7.852000000000000000e+03,1.630000000000000000e+02,1.502558593750000000e+03,5.258397827148437500e+02,9.536491632461547852e-01,1.497619506835937500e+03,5.159616699218750000e+02,9.505163431167602539e-01,1.492680419921875000e+03,5.159616699218750000e+02,9.679331779479980469e-01,1.463046142578125000e+03,5.159616699218750000e+02,6.284354925155639648e-01,1.458107055664062500e+03,5.159616699218750000e+02,9.070503115653991699e-01,1.477863281250000000e+03,5.752303466796875000e+02,8.990740180015563965e-01,1.438350830078125000e+03,5.653522338867187500e+02,8.461475968360900879e-01,1.482802368164062500e+03,6.542552490234375000e+02,9.023337364196777344e-01,1.423533691406250000e+03,6.443771362304687500e+02,8.034201860427856445e-01,1.492680419921875000e+03,7.234020385742187500e+02,7.928560972213745117e-01,1.423533691406250000e+03,7.184629516601562500e+02,9.340376257896423340e-01,1.467985229492187500e+03,7.234020385742187500e+02,9.097939133644104004e-01,1.448229003906250000e+03,7.234020385742187500e+02,9.075640439987182617e-01,1.477863281250000000e+03,8.221831665039062500e+02,8.813663721084594727e-01,1.438350830078125000e+03,8.221831665039062500e+02,7.766176462173461914e-01,1.448229003906250000e+03,9.259033203125000000e+02,7.372405529022216797e-01,1.398838378906250000e+03,9.259033203125000000e+02,7.025182843208312988e-01,1.477863281250000000e+03,4.813883056640625000e+02,8.908699154853820801e-01,1.463046142578125000e+03,5.455960083007812500e+02,8.978232741355895996e-01,1.458107055664062500e+03,7.184629516601562500e+02,9.140021800994873047e-01,1.487741455078125000e+03,9.505985717773437500e+02,8.455379009246826172e-01,1.443289916992187500e+03,9.505985717773437500e+02,7.596083879470825195e-01,1.487741455078125000e+03,9.505985717773437500e+02,9.066238403320312500e-01,1.433411743164062500e+03,9.505985717773437500e+02,8.016096949577331543e-01,1.438350830078125000e+03,9.407204589843750000e+02,7.173299789428710938e-01,1.374143066406250000e+03,9.505985717773437500e+02,8.223905563354492188e-01,1.346921367511104336e+03,4.678023871935136526e+02,2.079990531369444398e+02,5.054825317570022776e+02,0.000000000000000000e+00
5.292600000000000000e+04,1.930000000000000000e+02,7.852000000000000000e+03,1.640000000000000000e+02,1.510189575195312500e+03,5.213156738281250000e+02,8.409939408302307129e-01,1.510189575195312500e+03,5.115383911132812500e+02,8.827799558639526367e-01,1.505300903320312500e+03,5.115383911132812500e+02,8.949496746063232422e-01,1.490635009765625000e+03,5.164270019531250000e+02,5.920829772949218750e-01,1.480857788085937500e+03,5.115383911132812500e+02,8.455775976181030273e-01,1.485746337890625000e+03,5.702019653320312500e+02,8.968135714530944824e-01,1.461303222656250000e+03,5.653133544921875000e+02,8.806474208831787109e-01,1.490635009765625000e+03,6.581973876953125000e+02,8.751091957092285156e-01,1.446637329101562500e+03,6.484201049804687500e+02,8.626763820648193359e-01,1.510189575195312500e+03,7.266382446289062500e+02,8.929163813591003418e-01,1.427082763671875000e+03,7.266382446289062500e+02,8.806084990501403809e-01,1.475969116210937500e+03,7.266382446289062500e+02,9.205219149589538574e-01,1.461303222656250000e+03,7.266382446289062500e+02,8.805377483367919922e-01,1.436859985351562500e+03,8.195223388671875000e+02,8.892936110496520996e-01,1.495523681640625000e+03,8.244109497070312500e+02,9.099325537681579590e-01,1.397750976562500000e+03,9.270722656250000000e+02,9.911568760871887207e-01,1.495523681640625000e+03,9.368495483398437500e+02,9.560239911079406738e-01,1.490635009765625000e+03,4.822065734863281250e+02,9.313594102859497070e-01,1.475969116210937500e+03,5.457588500976562500e+02,9.307801127433776855e-01,1.471080444335937500e+03,7.217496337890625000e+02,9.706056118011474609e-01,1.446637329101562500e+03,9.466267700195312500e+02,6.435707211494445801e-01,1.539521362304687500e+03,9.515154418945312500e+02,8.172094225883483887e-01,1.441748657226562500e+03,9.417381591796875000e+02,7.190124988555908203e-01,1.534632690429687500e+03,9.564040527343750000e+02,8.069432973861694336e-01,1.378196411132812500e+03,9.466267700195312500e+02,7.759557366371154785e-01,1.485746337890625000e+03,9.515154418945312500e+02,7.312902808189392090e-01,1.358099907313247741e+03,4.642997361354578061e+02,2.046552382014078830e+02,5.050858875802796319e+02,0.000000000000000000e+00
5.292700000000000000e+04,1.930000000000000000e+02,7.852000000000000000e+03,1.650000000000000000e+02,1.529590087890625000e+03,5.197656860351562500e+02,9.190468788146972656e-01,1.524351928710937500e+03,5.092891845703125000e+02,9.060593843460083008e-01,1.519113647460937500e+03,5.092891845703125000e+02,9.194507002830505371e-01,1.508637084960937500e+03,5.197656860351562500e+02,6.202414631843566895e-01,1.498160522460937500e+03,5.145274658203125000e+02,9.306121468544006348e-01,1.513875366210937500e+03,5.721483154296875000e+02,8.599579930305480957e-01,1.471969238281250000e+03,5.721483154296875000e+02,9.066992998123168945e-01,1.519113647460937500e+03,6.559605102539062500e+02,8.486047983169555664e-01,1.451016235351562500e+03,6.507222900390625000e+02,9.046958684921264648e-01,1.529590087890625000e+03,7.292962036132812500e+02,9.326415061950683594e-01,1.435301391601562500e+03,7.292962036132812500e+02,9.354313015937805176e-01,1.498160522460937500e+03,7.240579833984375000e+02,8.477611541748046875e-01,1.477207519531250000e+03,7.240579833984375000e+02,8.513913750648498535e-01,1.440539672851562500e+03,8.235849609375000000e+02,9.015333056449890137e-01,1.513875366210937500e+03,8.288232421875000000e+02,8.597767949104309082e-01,1.398633544921875000e+03,9.283502197265625000e+02,9.463182687759399414e-01,1.534828369140625000e+03,9.388267211914062500e+02,8.917283415794372559e-01,1.508637084960937500e+03,4.830978698730468750e+02,8.951368927955627441e-01,1.498160522460937500e+03,5.459570312500000000e+02,9.593360424041748047e-01,1.482445800781250000e+03,7.240579833984375000e+02,9.192560911178588867e-01,1.445777954101562500e+03,9.493032836914062500e+02,8.433744311332702637e-01,1.581972778320312500e+03,9.545415039062500000e+02,9.271297454833984375e-01,1.435301391601562500e+03,9.440650024414062500e+02,9.089275002479553223e-01,1.571496215820312500e+03,9.597797851562500000e+02,9.320362210273742676e-01,1.377680541992187500e+03,9.388267211914062500e+02,7.899565100669860840e-01,1.524351928710937500e+03,9.545415039062500000e+02,8.467884659767150879e-01,1.367612012685742229e+03,4.525841080825596805e+02,2.125029153007994864e+02,5.278880386838034156e+02,0.000000000000000000e+00
5.292800000000000000e+04,1.930000000000000000e+02,7.852000000000000000e+03,1.660000000000000000e+02,1.536560180664062500e+03,5.291859741210937500e+02,8.785544633865356445e-01,1.541682373046875000e+03,5.189416503906250000e+02,8.760874867439270020e-01,1.531438110351562500e+03,5.189416503906250000e+02,8.879936933517456055e-01,1.536560180664062500e+03,5.291859741210937500e+02,6.612934470176696777e-01,1.500705078125000000e+03,5.240637817382812500e+02,9.121870398521423340e-01,1.531438110351562500e+03,5.855296630859375000e+02,9.304772019386291504e-01,1.475094360351562500e+03,5.804075317382812500e+02,9.132217168807983398e-01,1.536560180664062500e+03,6.674841918945312500e+02,8.571759462356567383e-01,1.449483520507812500e+03,6.572398681640625000e+02,8.677484989166259766e-01,1.551926757812500000e+03,7.340722656250000000e+02,9.128485918045043945e-01,1.439239257812500000e+03,7.340722656250000000e+02,8.668753504753112793e-01,1.505827270507812500e+03,7.340722656250000000e+02,8.301628232002258301e-01,1.485338623046875000e+03,7.340722656250000000e+02,8.532812595367431641e-01,1.444361450195312500e+03,8.313931884765625000e+02,9.021714329719543457e-01,1.531438110351562500e+03,8.365153808593750000e+02,8.731886744499206543e-01,1.398261962890625000e+03,9.235920410156250000e+02,9.369540810585021973e-01,1.562171020507812500e+03,9.338363647460937500e+02,9.048520922660827637e-01,1.521193725585937500e+03,4.882087097167968750e+02,9.541087150573730469e-01,1.510949462890625000e+03,5.547967529296875000e+02,9.557992219924926758e-01,1.495583007812500000e+03,7.340722656250000000e+02,9.145798683166503906e-01,1.439239257812500000e+03,9.492028198242187500e+02,8.893406987190246582e-01,1.608270385742187500e+03,9.492028198242187500e+02,8.621577024459838867e-01,1.434117065429687500e+03,9.440806884765625000e+02,9.234482049942016602e-01,1.603148315429687500e+03,9.543249511718750000e+02,8.420291543006896973e-01,1.382895507812500000e+03,9.338363647460937500e+02,8.115100264549255371e-01,1.557048828125000000e+03,9.543249511718750000e+02,8.298430442810058594e-01,1.377523111049582894e+03,4.552612917586831713e+02,2.128824589964315237e+02,5.287759543154793391e+02,0.000000000000000000e+00
5.292900000000000000e+04,1.930000000000000000e+02,7.852000000000000000e+03,1.670000000000000000e+02,1.555584838867187500e+03,5.320413208007812500e+02,8.593978881835937500e-01,1.555584838867187500e+03,5.175108032226562500e+02,8.685738444328308105e-01,1.545897827148437500e+03,5.223543090820312500e+02,8.282899260520935059e-01,1.550741333007812500e+03,5.320413208007812500e+02,6.209113001823425293e-01,1.516836791992187500e+03,5.271978149414062500e+02,8.544644713401794434e-01,1.541054321289062500e+03,5.853198852539062500e+02,8.301908373832702637e-01,1.492619262695312500e+03,5.853198852539062500e+02,8.759704828262329102e-01,1.550741333007812500e+03,6.676594848632812500e+02,8.670721054077148438e-01,1.463558227539062500e+03,6.579724731445312500e+02,8.925812244415283203e-01,1.560428344726562500e+03,7.403120727539062500e+02,9.096367359161376953e-01,1.449027709960937500e+03,7.403120727539062500e+02,9.332560300827026367e-01,1.526523803710937500e+03,7.354685668945312500e+02,8.604825139045715332e-01,1.502306274414062500e+03,7.354685668945312500e+02,8.682901263236999512e-01,1.463558227539062500e+03,8.371821899414062500e+02,8.329223394393920898e-01,1.545897827148437500e+03,8.371821899414062500e+02,8.729707598686218262e-01,1.400592651367187500e+03,9.195217895507812500e+02,8.922100067138671875e-01,1.579802368164062500e+03,9.340523071289062500e+02,7.236592173576354980e-01,1.536210815429687500e+03,4.932932739257812500e+02,9.369745254516601562e-01,1.521680297851562500e+03,5.611023559570312500e+02,9.336557388305664062e-01,1.511993286132812500e+03,7.354685668945312500e+02,8.622767329216003418e-01,1.429653686523437500e+03,9.485828247070312500e+02,7.040688991546630859e-01,1.623393920898437500e+03,9.437393188476562500e+02,4.725191891193389893e-01,1.429653686523437500e+03,9.437393188476562500e+02,7.178441882133483887e-01,1.618550415039062500e+03,9.485828247070312500e+02,4.316457211971282959e-01,1.381218627929687500e+03,9.292088012695312500e+02,7.166571021080017090e-01,1.574958862304687500e+03,9.582698364257812500e+02,5.477004051208496094e-01,1.387823233583161255e+03,4.702563917416198365e+02,2.088155465840288798e+02,5.102374064660100430e+02,0.000000000000000000e+00
5.293000000000000000e+04,1.930000000000000000e+02,7.876000000000000000e+03,1.680000000000000000e+02,1.575700927734375000e+03,5.284713134765625000e+02,9.297440052032470703e-01,1.575700927734375000e+03,5.235604858398437500e+02,9.277545809745788574e-01,1.565879394531250000e+03,5.186497192382812500e+02,9.122243523597717285e-01,1.560968505859375000e+03,5.333820800781250000e+02,6.069793701171875000e-01,1.536414550781250000e+03,5.235604858398437500e+02,8.570210337638854980e-01,1.551146972656250000e+03,5.874008789062500000e+02,8.428163528442382812e-01,1.516771362304687500e+03,5.874008789062500000e+02,8.847154974937438965e-01,1.565879394531250000e+03,6.757952270507812500e+02,8.445208072662353516e-01,1.482395751953125000e+03,6.708843994140625000e+02,9.021686315536499023e-01,1.570790161132812500e+03,7.494571533203125000e+02,8.438760042190551758e-01,1.467663452148437500e+03,7.494571533203125000e+02,9.008344411849975586e-01,1.536414550781250000e+03,7.494571533203125000e+02,8.768685460090637207e-01,1.521682128906250000e+03,7.494571533203125000e+02,8.814972639083862305e-01,1.487306640625000000e+03,8.378515014648437500e+02,9.497742652893066406e-01,1.570790161132812500e+03,8.476730957031250000e+02,8.497429490089416504e-01,1.408733886718750000e+03,9.164242553710937500e+02,9.652141332626342773e-01,1.595344116210937500e+03,9.557106323242187500e+02,8.254727721214294434e-01,1.551146972656250000e+03,4.940957031250000000e+02,9.527528285980224609e-01,1.541325317382812500e+03,5.579360961914062500e+02,9.456624388694763184e-01,1.531503784179687500e+03,7.445463867187500000e+02,8.905228972434997559e-01,1.428377075195312500e+03,9.507998657226562500e+02,8.849033713340759277e-01,1.629719726562500000e+03,9.606214599609375000e+02,7.987896203994750977e-01,1.428377075195312500e+03,9.507998657226562500e+02,8.873566389083862305e-01,1.629719726562500000e+03,9.704430541992187500e+02,7.916228771209716797e-01,1.389090698242187500e+03,9.213350830078125000e+02,8.596244454383850098e-01,1.595344116210937500e+03,9.704430541992187500e+02,7.580722570419311523e-01,1.398604016303678463e+03,4.734405401285352468e+02,2.113742811926053946e+02,5.071676653072366321e+02,0.000000000000000000e+00
5.293100000000000000e+04,1.930000000000000000e+02,7.852000000000000000e+03,1.690000000000000000e+02,1.587872558593750000e+03,5.381302490234375000e+02,8.999264240264892578e-01,1.587872558593750000e+03,5.285972290039062500e+02,9.212733507156372070e-01,1.578339477539062500e+03,5.285972290039062500e+02,9.054400920867919922e-01,1.554506958007812500e+03,5.285972290039062500e+02,5.135895609855651855e-01,1.549740478515625000e+03,5.285972290039062500e+02,8.755124807357788086e-01,1.573572998046875000e+03,5.905618896484375000e+02,8.102443814277648926e-01,1.521141357421875000e+03,5.810288696289062500e+02,8.449097871780395508e-01,1.578339477539062500e+03,6.715925292968750000e+02,5.361655354499816895e-01,1.492542358398437500e+03,6.668260498046875000e+02,8.743598461151123047e-01,1.583106079101562500e+03,7.430902099609375000e+02,3.114087283611297607e-01,1.483009277343750000e+03,7.573897094726562500e+02,9.374224543571472168e-01,1.559273437500000000e+03,7.478566894531250000e+02,8.230274319648742676e-01,1.544973999023437500e+03,7.478566894531250000e+02,8.323270678520202637e-01,1.511608398437500000e+03,8.431868896484375000e+02,8.723888993263244629e-01,1.597405517578125000e+03,8.384204101562500000e+02,7.598696351051330566e-01,1.421044677734375000e+03,9.099180297851562500e+02,9.379980564117431641e-01,1.606938598632812500e+03,9.528166503906250000e+02,8.787941932678222656e-01,1.564040039062500000e+03,4.952316894531250000e+02,8.908022642135620117e-01,1.554506958007812500e+03,5.619628295898437500e+02,9.363368749618530273e-01,1.554506958007812500e+03,7.478566894531250000e+02,9.125575423240661621e-01,1.430577758789062500e+03,9.575831298828125000e+02,8.806068301200866699e-01,1.626004638671875000e+03,9.575831298828125000e+02,3.864363431930541992e-01,1.430577758789062500e+03,9.480501098632812500e+02,8.819407820701599121e-01,1.626004638671875000e+03,9.623496704101562500e+02,3.908477723598480225e-01,1.401978637695312500e+03,9.099180297851562500e+02,9.022327661514282227e-01,1.597405517578125000e+03,9.623496704101562500e+02,5.269207358360290527e-01,1.403449088912858087e+03,4.789113715142893852e+02,2.099155404239443214e+02,4.961431382575269708e+02,0.000000000000000000e+00
5.293200000000000000e+04,1.930000000000000000e+02,7.876000000000000000e+03,1.700000000000000000e+02,1.603125976562500000e+03,5.397691040039062500e+02,8.993338942527770996e-01,1.603125976562500000e+03,5.247960205078125000e+02,9.101076722145080566e-01,1.593144042968750000e+03,5.247960205078125000e+02,9.327915906906127930e-01,1.568188964843750000e+03,5.347780761718750000e+02,6.645706892013549805e-01,1.563197875976562500e+03,5.297870483398437500e+02,9.446638822555541992e-01,1.568188964843750000e+03,5.896791992187500000e+02,8.233780860900878906e-01,1.543233886718750000e+03,5.846881713867187500e+02,8.472028970718383789e-01,1.563197875976562500e+03,6.695354003906250000e+02,7.171446084976196289e-01,1.513287841796875000e+03,6.695354003906250000e+02,8.879730105400085449e-01,1.588152954101562500e+03,7.444005737304687500e+02,5.815707445144653320e-01,1.508296752929687500e+03,7.593736572265625000e+02,9.263593554496765137e-01,1.578171020507812500e+03,7.493916015625000000e+02,8.442530632019042969e-01,1.563197875976562500e+03,7.543826293945312500e+02,8.767442703247070312e-01,1.548224853515625000e+03,8.542028808593750000e+02,8.493678569793701172e-01,1.613108032226562500e+03,8.442208251953125000e+02,7.194833159446716309e-01,1.443413574218750000e+03,9.091040039062500000e+02,9.087973833084106445e-01,1.608117065429687500e+03,9.689961547851562500e+02,8.848230242729187012e-01,1.578171020507812500e+03,4.948499755859375000e+02,9.533346891403198242e-01,1.563197875976562500e+03,5.647241210937500000e+02,9.511163234710693359e-01,1.573179931640625000e+03,7.493916015625000000e+02,9.034177064895629883e-01,1.438422607421875000e+03,9.590141601562500000e+02,9.058039784431457520e-01,1.638063110351562500e+03,9.789782104492187500e+02,5.912193655967712402e-01,1.438422607421875000e+03,9.540231323242187500e+02,8.975824713706970215e-01,1.633072143554687500e+03,9.839691772460937500e+02,6.253676414489746094e-01,1.423449584960937500e+03,9.041129760742187500e+02,8.306340575218200684e-01,1.603125976562500000e+03,9.789782104492187500e+02,6.894440650939941406e-01,1.419206189329420113e+03,4.704598416267701850e+02,2.153897154147064157e+02,5.070003613620874603e+02,0.000000000000000000e+00
5.293300000000000000e+04,1.930000000000000000e+02,7.852000000000000000e+03,1.710000000000000000e+02,1.621392211914062500e+03,5.365363769531250000e+02,8.979433774948120117e-01,1.621392211914062500e+03,5.259458618164062500e+02,9.312696456909179688e-01,1.610801635742187500e+03,5.259458618164062500e+02,9.221826791763305664e-01,1.605506347656250000e+03,5.312410888671875000e+02,5.785643458366394043e-01,1.573734741210937500e+03,5.312410888671875000e+02,9.128186106681823730e-01,1.594915893554687500e+03,5.894890136718750000e+02,8.519396781921386719e-01,1.568439575195312500e+03,5.894890136718750000e+02,9.231214523315429688e-01,1.600211181640625000e+03,6.742132568359375000e+02,7.996953725814819336e-01,1.536667968750000000e+03,6.742132568359375000e+02,8.526219129562377930e-01,1.621392211914062500e+03,7.430517578125000000e+02,8.148800134658813477e-01,1.531372680664062500e+03,7.589375610351562500e+02,8.628497719764709473e-01,1.600211181640625000e+03,7.483469848632812500e+02,8.597319722175598145e-01,1.579030029296875000e+03,7.483469848632812500e+02,8.895913958549499512e-01,1.610801635742187500e+03,8.489570312500000000e+02,5.697385668754577637e-01,1.616096923828125000e+03,8.542523193359375000e+02,8.106132149696350098e-01,1.473124755859375000e+03,9.072049560546875000e+02,4.287571907043457031e-01,1.462534179687500000e+03,9.072049560546875000e+02,4.734911024570465088e-01,1.594915893554687500e+03,4.888789672851562500e+02,9.480651617050170898e-01,1.589620605468750000e+03,5.630126953125000000e+02,9.884837865829467773e-01,1.589620605468750000e+03,7.430517578125000000e+02,8.966443538665771484e-01,1.658458984375000000e+03,9.919292602539062500e+02,4.966493248939514160e-01,1.467829467773437500e+03,9.548623657226562500e+02,8.150088787078857422e-01,1.653163818359375000e+03,9.866339721679687500e+02,5.002117156982421875e-01,1.462534179687500000e+03,9.495671386718750000e+02,9.032295346260070801e-01,1.594915893554687500e+03,9.813386840820312500e+02,6.788445711135864258e-01,1.451943725585937500e+03,9.019097290039062500e+02,8.269379734992980957e-01,1.430257974527847182e+03,4.588364158614491544e+02,2.245754681456112394e+02,5.313342519673651623e+02,0.000000000000000000e+00
5.293400000000000000e+04,1.930000000000000000e+02,7.876000000000000000e+03,1.720000000000000000e+02,1.636164672851562500e+03,5.326464843750000000e+02,8.968260288238525391e-01,1.636164672851562500e+03,5.182048339843750000e+02,9.250040650367736816e-01,1.621723022460937500e+03,5.182048339843750000e+02,8.863688707351684570e-01,1.597653564453125000e+03,5.230187377929687500e+02,5.519304871559143066e-01,1.592839721679687500e+03,5.230187377929687500e+02,9.230596423149108887e-01,1.612095214843750000e+03,5.855991821289062500e+02,9.128302931785583496e-01,1.573584106445312500e+03,5.855991821289062500e+02,9.163632988929748535e-01,1.616909057617187500e+03,6.722490844726562500e+02,9.113886952400207520e-01,1.559142456054687500e+03,6.722490844726562500e+02,8.798063993453979492e-01,1.631350708007812500e+03,7.492712402343750000e+02,8.771100044250488281e-01,1.559142456054687500e+03,7.637128906250000000e+02,8.907898664474487305e-01,1.612095214843750000e+03,7.492712402343750000e+02,8.877218961715698242e-01,1.592839721679687500e+03,7.540851440429687500e+02,8.818392753601074219e-01,1.616909057617187500e+03,8.599905395507812500e+02,7.569398283958435059e-01,1.616909057617187500e+03,8.599905395507812500e+02,8.313062787055969238e-01,1.602467407226562500e+03,9.755237426757812500e+02,6.513975858688354492e-01,1.496562011718750000e+03,9.081293945312500000e+02,5.043247342109680176e-01,1.612095214843750000e+03,4.845076599121093750e+02,9.216503500938415527e-01,1.602467407226562500e+03,5.567158813476562500e+02,9.236445426940917969e-01,1.602467407226562500e+03,7.492712402343750000e+02,9.352542757987976074e-01,1.650606323242187500e+03,9.899653930664062500e+02,6.286001801490783691e-01,1.511003662109375000e+03,9.610820922851562500e+02,9.170563220977783203e-01,1.645792358398437500e+03,9.899653930664062500e+02,7.367357015609741211e-01,1.501375854492187500e+03,9.610820922851562500e+02,9.640628695487976074e-01,1.592839721679687500e+03,9.851515502929687500e+02,7.982851266860961914e-01,1.477306518554687500e+03,9.033154907226562500e+02,8.195434212684631348e-01,1.462085375543837927e+03,4.723619176383174363e+02,2.127177654214895028e+02,5.086595551695279482e+02,0.000000000000000000e+00
5.293500000000000000e+04,1.930000000000000000e+02,7.876000000000000000e+03,1.730000000000000000e+02,1.652261474609375000e+03,5.231087036132812500e+02,9.081997871398925781e-01,1.652261474609375000e+03,5.128526000976562500e+02,9.083706736564636230e-01,1.642005371093750000e+03,5.128526000976562500e+02,8.975019454956054688e-01,1.611237060546875000e+03,5.179806518554687500e+02,5.596462488174438477e-01,1.611237060546875000e+03,5.179806518554687500e+02,8.511908054351806641e-01,1.626621337890625000e+03,5.795172729492187500e+02,8.599861264228820801e-01,1.595853027343750000e+03,5.743892211914062500e+02,8.938518166542053223e-01,1.626621337890625000e+03,6.666941528320312500e+02,9.012532830238342285e-01,1.585596923828125000e+03,6.666941528320312500e+02,7.773936986923217773e-01,1.636877441406250000e+03,7.436149291992187500e+02,8.154679536819458008e-01,1.595853027343750000e+03,7.589990844726562500e+02,8.481609225273132324e-01,1.621493164062500000e+03,7.487429809570312500e+02,8.823688030242919922e-01,1.606109130859375000e+03,7.487429809570312500e+02,9.072583913803100586e-01,1.636877441406250000e+03,8.564320678710937500e+02,7.435007095336914062e-01,1.616365234375000000e+03,8.615601196289062500e+02,8.717672824859619141e-01,1.606109130859375000e+03,9.692492675781250000e+02,8.719637989997863770e-01,1.529188232421875000e+03,9.179686889648437500e+02,8.823483586311340332e-01,1.631749267578125000e+03,4.769562072753906250e+02,9.287834167480468750e-01,1.616365234375000000e+03,5.487489624023437500e+02,9.372677803039550781e-01,1.616365234375000000e+03,7.436149291992187500e+02,9.081166982650756836e-01,1.652261474609375000e+03,9.948895263671875000e+02,7.334978580474853516e-01,1.554828613281250000e+03,9.692492675781250000e+02,9.795657396316528320e-01,1.647133544921875000e+03,9.897614746093750000e+02,7.538735866546630859e-01,1.544572509765625000e+03,9.692492675781250000e+02,9.112605452537536621e-01,1.595853027343750000e+03,9.846334228515625000e+02,6.895189285278320312e-01,1.508676025390625000e+03,9.230967407226562500e+02,9.533089399337768555e-01,1.486477544961146350e+03,4.625283720270132335e+02,2.128938315040695670e+02,5.206047608641199531e+02,0.000000000000000000e+00
5.293600000000000000e+04,1.930000000000000000e+02,7.876000000000000000e+03,1.740000000000000000e+02,1.670920532226562500e+03,5.223856811523437500e+02,9.463015198707580566e-01,1.670920532226562500e+03,5.120514526367187500e+02,9.123300909996032715e-01,1.665753417968750000e+03,5.068842773437500000e+02,9.354792833328247070e-01,1.634750610351562500e+03,5.172185668945312500e+02,6.608829498291015625e-01,1.634750610351562500e+03,5.172185668945312500e+02,9.209463000297546387e-01,1.639917724609375000e+03,5.688899536132812500e+02,8.476961255073547363e-01,1.614082031250000000e+03,5.688899536132812500e+02,8.723987936973571777e-01,1.634750610351562500e+03,6.515641479492187500e+02,8.138840794563293457e-01,1.593413452148437500e+03,6.515641479492187500e+02,8.228032588958740234e-01,1.655419189453125000e+03,7.342383422851562500e+02,8.314783573150634766e-01,1.614082031250000000e+03,7.394054565429687500e+02,8.162900805473327637e-01,1.634750610351562500e+03,7.394054565429687500e+02,8.392320871353149414e-01,1.619249145507812500e+03,7.394054565429687500e+02,8.664337992668151855e-01,1.670920532226562500e+03,8.479153442382812500e+02,7.358952164649963379e-01,1.634750610351562500e+03,8.582496337890625000e+02,8.306218981742858887e-01,1.588246337890625000e+03,9.357566528320312500e+02,7.473815083503723145e-01,1.577912109375000000e+03,9.409238281250000000e+02,7.795171737670898438e-01,1.645084838867187500e+03,4.758814697265625000e+02,9.101172685623168945e-01,1.634750610351562500e+03,5.430542602539062500e+02,9.711013436317443848e-01,1.624416381835937500e+03,7.342383422851562500e+02,8.487535119056701660e-01,1.619249145507812500e+03,9.667595214843750000e+02,5.278702974319458008e-01,1.624416381835937500e+03,9.719266357421875000e+02,6.707267761230468750e-01,1.619249145507812500e+03,9.564252319335937500e+02,5.679525732994079590e-01,1.614082031250000000e+03,9.719266357421875000e+02,7.261891365051269531e-01,1.557243530273437500e+03,9.409238281250000000e+02,6.090444922447204590e-01,1.557243530273437500e+03,9.460909423828125000e+02,7.901084423065185547e-01,1.511771929564730272e+03,4.513933879359308889e+02,2.103030278866265235e+02,5.275353682475574715e+02,0.000000000000000000e+00
5.293700000000000000e+04,1.930000000000000000e+02,7.852000000000000000e+03,1.750000000000000000e+02,1.689193603515625000e+03,5.124483032226562500e+02,8.824611902236938477e-01,1.684007568359375000e+03,5.020763549804687500e+02,8.795729875564575195e-01,1.678821655273437500e+03,5.020763549804687500e+02,8.844296932220458984e-01,1.642519897460937500e+03,5.072622985839843750e+02,5.716523528099060059e-01,1.647705932617187500e+03,5.072622985839843750e+02,8.564864993095397949e-01,1.658077758789062500e+03,5.694938964843750000e+02,9.159033298492431641e-01,1.632147949218750000e+03,5.694938964843750000e+02,8.785851597785949707e-01,1.663263793945312500e+03,6.524692993164062500e+02,8.944681882858276367e-01,1.621776000976562500e+03,6.576552734375000000e+02,8.206746578216552734e-01,1.678821655273437500e+03,7.302587890625000000e+02,7.768495678901672363e-01,1.652891845703125000e+03,7.406307373046875000e+02,8.245202898979187012e-01,1.652891845703125000e+03,7.302587890625000000e+02,8.344360589981079102e-01,1.632147949218750000e+03,7.354447631835937500e+02,8.667828440666198730e-01,1.689193603515625000e+03,8.339780883789062500e+02,8.800120949745178223e-01,1.642519897460937500e+03,8.495359497070312500e+02,8.663486838340759277e-01,1.626962036132812500e+03,9.480692749023437500e+02,9.268087148666381836e-01,1.606218139648437500e+03,9.584412231445312500e+02,8.447673320770263672e-01,1.663263793945312500e+03,4.657745971679687500e+02,9.497343897819519043e-01,1.652891845703125000e+03,5.383781127929687500e+02,9.334565401077270508e-01,1.642519897460937500e+03,7.302587890625000000e+02,8.771724700927734375e-01,1.658077758789062500e+03,9.739991455078125000e+02,5.795609951019287109e-01,1.658077758789062500e+03,9.791850585937500000e+02,6.746004819869995117e-01,1.658077758789062500e+03,9.688131713867187500e+02,6.375725865364074707e-01,1.642519897460937500e+03,9.843710327148437500e+02,6.472780108451843262e-01,1.601032226562500000e+03,9.636271972656250000e+02,6.339887380599975586e-01,1.595846191406250000e+03,9.739991455078125000e+02,7.584954500198364258e-01,1.530683501208924326e+03,4.472933161324799016e+02,2.066642506833127300e+02,5.313064116298596673e+02,0.000000000000000000e+00
5.293800000000000000e+04,1.930000000000000000e+02,7.876000000000000000e+03,1.760000000000000000e+02,1.705921752929687500e+03,5.074397888183593750e+02,9.413848519325256348e-01,1.705921752929687500e+03,4.968429565429687500e+02,9.097359180450439453e-01,1.700623291015625000e+03,4.968429565429687500e+02,9.521327614784240723e-01,1.658235839843750000e+03,5.021413879394531250e+02,7.460908293724060059e-01,1.663534301757812500e+03,5.021413879394531250e+02,8.908106088638305664e-01,1.647639038085937500e+03,5.604240112304687500e+02,8.406919240951538086e-01,1.658235839843750000e+03,5.604240112304687500e+02,9.315207004547119141e-01,1.658235839843750000e+03,6.557956542968750000e+02,8.257156014442443848e-01,1.668832763671875000e+03,6.610941162109375000e+02,8.421020507812500000e-01,1.690026367187500000e+03,7.246751708984375000e+02,9.218602180480957031e-01,1.690026367187500000e+03,7.352720336914062500e+02,8.718098998069763184e-01,1.663534301757812500e+03,7.352720336914062500e+02,8.969368934631347656e-01,1.652937500000000000e+03,7.352720336914062500e+02,9.160656332969665527e-01,1.705921752929687500e+03,8.253452148437500000e+02,8.798361420631408691e-01,1.642340576171875000e+03,8.518373413085937500e+02,8.842200636863708496e-01,1.658235839843750000e+03,9.578058471679687500e+02,7.901910543441772461e-01,1.599953247070312500e+03,9.737011108398437500e+02,8.104521036148071289e-01,1.679429565429687500e+03,4.597539978027343750e+02,9.408896565437316895e-01,1.663534301757812500e+03,5.339319458007812500e+02,9.548882246017456055e-01,1.658235839843750000e+03,7.299735717773437500e+02,9.557560682296752930e-01,1.711220092773437500e+03,9.842979125976562500e+02,8.296825289726257324e-01,1.642340576171875000e+03,9.842979125976562500e+02,5.591341257095336914e-01,1.705921752929687500e+03,9.789995117187500000e+02,8.786616921424865723e-01,1.631743774414062500e+03,9.948947753906250000e+02,5.322330594062805176e-01,1.637042236328125000e+03,9.737011108398437500e+02,7.629811763763427734e-01,1.589356323242187500e+03,9.842979125976562500e+02,7.535287141799926758e-01,1.550870465014789033e+03,4.450811976104362202e+02,2.054921258322115136e+02,5.401279166702940984e+02,0.000000000000000000e+00
5.293900000000000000e+04,1.930000000000000000e+02,7.852000000000000000e+03,1.770000000000000000e+02,1.727279907226562500e+03,5.082433166503906250e+02,9.082705378532409668e-01,1.727279907226562500e+03,4.975547485351562500e+02,8.768568634986877441e-01,1.721935668945312500e+03,4.975547485351562500e+02,9.262703061103820801e-01,1.673837036132812500e+03,4.975547485351562500e+02,7.362660765647888184e-01,1.689869873046875000e+03,4.975547485351562500e+02,8.361987471580505371e-01,1.657804199218750000e+03,5.616862182617187500e+02,8.254588842391967773e-01,1.679181274414062500e+03,5.670304565429687500e+02,9.061039090156555176e-01,1.668492797851562500e+03,6.525390625000000000e+02,7.859519124031066895e-01,1.695214233398437500e+03,6.578833618164062500e+02,8.890668749809265137e-01,1.700558471679687500e+03,7.327033691406250000e+02,8.493351340293884277e-01,1.716591308593750000e+03,7.433919677734375000e+02,9.301819205284118652e-01,1.679181274414062500e+03,7.327033691406250000e+02,8.698115944862365723e-01,1.663148437500000000e+03,7.327033691406250000e+02,8.950271010398864746e-01,1.716591308593750000e+03,8.502776489257812500e+02,8.891565203666687012e-01,1.641771362304687500e+03,8.663105468750000000e+02,9.320650696754455566e-01,1.705902709960937500e+03,9.785405273437500000e+02,9.159204959869384766e-01,1.604361328125000000e+03,9.785405273437500000e+02,8.428980708122253418e-01,1.700558471679687500e+03,4.601447448730468750e+02,9.791955351829528809e-01,1.684525634765625000e+03,5.349647827148437500e+02,9.661202430725097656e-01,1.668492797851562500e+03,7.273590698242187500e+02,9.471461176872253418e-01,1.759345581054687500e+03,9.945734252929687500e+02,8.252677321434020996e-01,1.636427001953125000e+03,9.945734252929687500e+02,6.887111067771911621e-01,1.754001342773437500e+03,9.892291259765625000e+02,8.467310667037963867e-01,1.620394165039062500e+03,9.999177246093750000e+02,6.290217638015747070e-01,1.689869873046875000e+03,9.892291259765625000e+02,8.262347579002380371e-01,1.588328491210937500e+03,9.838848266601562500e+02,7.451788187026977539e-01,1.561127487045711405e+03,4.445088025334845270e+02,2.052353494566486916e+02,5.464101797484590861e+02,0.000000000000000000e+00
5.294000000000000000e+04,1.930000000000000000e+02,7.852000000000000000e+03,1.780000000000000000e+02,1.746679687500000000e+03,5.078562622070312500e+02,9.371590614318847656e-01,1.741536376953125000e+03,4.975695800781250000e+02,9.112100005149841309e-01,1.736392944335937500e+03,4.975695800781250000e+02,9.631131291389465332e-01,1.695246215820312500e+03,5.027128906250000000e+02,7.580779194831848145e-01,1.705532958984375000e+03,5.027128906250000000e+02,8.927968144416809082e-01,1.695246215820312500e+03,5.644329833984375000e+02,8.510669469833374023e-01,1.690102905273437500e+03,5.695763549804687500e+02,8.991335034370422363e-01,1.700389648437500000e+03,6.621564941406250000e+02,8.590708971023559570e-01,1.705532958984375000e+03,6.672998046875000000e+02,8.639187812805175781e-01,1.731249633789062500e+03,7.238765869140625000e+02,8.668447732925415039e-01,1.736392944335937500e+03,7.341632690429687500e+02,9.413166642189025879e-01,1.695246215820312500e+03,7.393065795898437500e+02,8.858419060707092285e-01,1.679816284179687500e+03,7.444499511718750000e+02,8.923780322074890137e-01,1.736392944335937500e+03,8.524600830078125000e+02,8.496205210685729980e-01,1.648956176757812500e+03,8.678901367187500000e+02,8.652176856994628906e-01,1.751822998046875000e+03,9.707569580078125000e+02,9.236133098602294922e-01,1.597522827148437500e+03,9.759002685546875000e+02,8.666648864746093750e-01,1.715819580078125000e+03,4.615661621093750000e+02,9.507692456245422363e-01,1.700389648437500000e+03,5.335729370117187500e+02,9.256453514099121094e-01,1.690102905273437500e+03,7.393065795898437500e+02,9.786339998245239258e-01,1.798113037109375000e+03,9.913303222656250000e+02,7.571907639503479004e-01,1.638669555664062500e+03,9.964736328125000000e+02,6.309831142425537109e-01,1.792969726562500000e+03,9.861869506835937500e+02,7.841075062751770020e-01,1.628382812500000000e+03,1.001617004394531250e+03,6.141281127929687500e-01,1.741536376953125000e+03,9.861869506835937500e+02,8.334240317344665527e-01,1.587236083984375000e+03,9.810436401367187500e+02,7.865445613861083984e-01,1.585228229144589704e+03,4.557435410449506890e+02,1.989351735442644440e+02,5.352225446365071093e+02,0.000000000000000000e+00
5.294100000000000000e+04,1.930000000000000000e+02,7.876000000000000000e+03,1.790000000000000000e+02,1.762696411132812500e+03,5.155899658203125000e+02,9.495295882225036621e-01,1.762696411132812500e+03,5.048995056152343750e+02,9.047161936759948730e-01,1.752005981445312500e+03,5.048995056152343750e+02,9.745250940322875977e-01,1.709244140625000000e+03,5.102447204589843750e+02,7.239013910293579102e-01,1.719934570312500000e+03,5.102447204589843750e+02,8.485436439514160156e-01,1.703898925781250000e+03,5.636970214843750000e+02,8.032064437866210938e-01,1.714589355468750000e+03,5.690422363281250000e+02,9.283998012542724609e-01,1.719934570312500000e+03,6.545658569335937500e+02,7.665116190910339355e-01,1.735970336914062500e+03,6.599110717773437500e+02,8.987702131271362305e-01,1.757351196289062500e+03,7.187086181640625000e+02,7.842002511024475098e-01,1.768041625976562500e+03,7.293990478515625000e+02,9.491567015647888184e-01,1.714589355468750000e+03,7.347442626953125000e+02,8.392392992973327637e-01,1.698553710937500000e+03,7.400895385742187500e+02,8.812937140464782715e-01,1.746660766601562500e+03,8.523392944335937500e+02,8.131409883499145508e-01,1.666482299804687500e+03,8.683750000000000000e+02,8.241317272186279297e-01,1.784077392578125000e+03,9.699342651367187500e+02,9.092428088188171387e-01,1.607684814453125000e+03,9.699342651367187500e+02,7.307065725326538086e-01,1.735970336914062500e+03,4.674829101562500000e+02,9.579967260360717773e-01,1.719934570312500000e+03,5.423161010742187500e+02,9.439788460731506348e-01,1.703898925781250000e+03,7.293990478515625000e+02,9.100655913352966309e-01,1.832184448242187500e+03,9.752795410156250000e+02,7.025896906852722168e-01,1.650446655273437500e+03,9.859699707031250000e+02,7.282049655914306641e-01,1.826839111328125000e+03,9.752795410156250000e+02,6.601922512054443359e-01,1.645101440429687500e+03,9.913151855468750000e+02,7.285172939300537109e-01,1.773386840820312500e+03,9.806247558593750000e+02,8.316054344177246094e-01,1.596994384765625000e+03,9.752795410156250000e+02,8.578467369079589844e-01,1.600210955776613218e+03,4.535640709202939433e+02,2.017874321254819279e+02,5.443274558762232118e+02,0.000000000000000000e+00
5.294200000000000000e+04,1.930000000000000000e+02,7.876000000000000000e+03,1.800000000000000000e+02,1.783732543945312500e+03,5.234206542968750000e+02,9.048207998275756836e-01,1.778804687500000000e+03,5.135648193359375000e+02,8.881350159645080566e-01,1.773876708984375000e+03,5.135648193359375000e+02,9.455354809761047363e-01,1.729525512695312500e+03,5.135648193359375000e+02,7.118620872497558594e-01,1.749237182617187500e+03,5.184926757812500000e+02,8.079238533973693848e-01,1.724597534179687500e+03,5.726998291015625000e+02,8.763206601142883301e-01,1.729525512695312500e+03,5.776276855468750000e+02,9.123128652572631836e-01,1.744309204101562500e+03,6.614023437500000000e+02,8.161774873733520508e-01,1.749237182617187500e+03,6.663302001953125000e+02,8.052761554718017578e-01,1.783732543945312500e+03,7.254652099609375000e+02,8.349732756614685059e-01,1.788660522460937500e+03,7.303931884765625000e+02,9.057406187057495117e-01,1.724597534179687500e+03,7.353210449218750000e+02,7.544263005256652832e-01,1.714741699218750000e+03,7.353210449218750000e+02,8.146778345108032227e-01,1.778804687500000000e+03,8.289515380859375000e+02,7.425631284713745117e-01,1.685174194335937500e+03,8.733027343750000000e+02,7.730746269226074219e-01,1.803444213867187500e+03,9.718610839843750000e+02,8.834108710289001465e-01,1.611255493164062500e+03,9.718610839843750000e+02,6.960006356239318848e-01,1.754165039062500000e+03,4.741414489746093750e+02,9.579743146896362305e-01,1.744309204101562500e+03,5.480601806640625000e+02,9.108117818832397461e-01,1.719669677734375000e+03,7.303931884765625000e+02,8.273908495903015137e-01,1.857651367187500000e+03,9.866448974609375000e+02,7.211711406707763672e-01,1.650678833007812500e+03,1.001428588867187500e+03,6.026119589805603027e-01,1.852723388671875000e+03,9.817169189453125000e+02,7.478126287460327148e-01,1.645750854492187500e+03,1.001428588867187500e+03,4.932782948017120361e-01,1.798516357421875000e+03,9.965007324218750000e+02,7.752351760864257812e-01,1.601399658203125000e+03,9.767890625000000000e+02,6.454002857208251953e-01,1.626781493826663336e+03,4.675446330850714389e+02,1.938068916417830678e+02,5.196838729434241486e+02,0.000000000000000000e+00
5.294300000000000000e+04,1.930000000000000000e+02,7.852000000000000000e+03,1.850000000000000000e+02,1.873536499023437500e+03,5.472141113281250000e+02,7.882327437400817871e-01,1.878285400390625000e+03,5.329672241210937500e+02,8.287062644958496094e-01,1.864038574218750000e+03,5.329672241210937500e+02,7.784851789474487305e-01,1.826046752929687500e+03,5.377161865234375000e+02,4.756073355674743652e-01,1.835544677734375000e+03,5.377161865234375000e+02,7.828379273414611816e-01,1.826046752929687500e+03,5.947039184570312500e+02,8.056539297103881836e-01,1.826046752929687500e+03,5.947039184570312500e+02,8.668309450149536133e-01,1.845042602539062500e+03,6.944323730468750000e+02,8.194876909255981445e-01,1.849791625976562500e+03,6.896834106445312500e+02,8.150063753128051758e-01,1.873536499023437500e+03,7.656670532226562500e+02,9.016131162643432617e-01,1.873536499023437500e+03,7.656670532226562500e+02,9.128642678260803223e-01,1.830795654296875000e+03,7.799140014648437500e+02,8.895503282546997070e-01,1.830795654296875000e+03,7.799140014648437500e+02,9.899058341979980469e-01,1.821297729492187500e+03,9.128853149414062500e+02,7.634767889976501465e-01,1.849791625976562500e+03,9.128853149414062500e+02,7.876905202865600586e-01,1.816548706054687500e+03,9.841199340820312500e+02,5.510876178741455078e-01,1.854540527343750000e+03,9.841199340820312500e+02,5.865358710289001465e-01,1.849791625976562500e+03,4.902264099121093750e+02,9.217971563339233398e-01,1.840293579101562500e+03,5.662100219726562500e+02,8.957079648971557617e-01,1.826046752929687500e+03,7.751649780273437500e+02,9.107490777969360352e-01,1.816548706054687500e+03,9.983668823242187500e+02,1.780478805303573608e-01,1.883034423828125000e+03,9.936179199218750000e+02,2.072473764419555664e-01,1.811799804687500000e+03,9.841199340820312500e+02,2.473255693912506104e-01,1.887783447265625000e+03,1.003115844726562500e+03,2.831236720085144043e-01,1.807050781250000000e+03,9.936179199218750000e+02,3.031548261642456055e-01,1.849791625976562500e+03,9.888689575195312500e+02,4.089995026588439941e-01,1.744642080930898373e+03,4.758952186447185113e+02,1.739910463336793782e+02,4.774697618185806505e+02,0.000000000000000000e+00
5.294400000000000000e+04,1.930000000000000000e+02,7.852000000000000000e+03,1.860000000000000000e+02,1.900529785156250000e+03,5.461398315429687500e+02,8.790166974067687988e-01,1.900529785156250000e+03,5.324994506835937500e+02,8.267910480499267578e-01,1.895982910156250000e+03,5.324994506835937500e+02,8.638463616371154785e-01,1.845968139648437500e+03,5.324994506835937500e+02,6.033540964126586914e-01,1.868702148437500000e+03,5.324994506835937500e+02,7.856011986732482910e-01,1.864155395507812500e+03,5.916077880859375000e+02,7.736017704010009766e-01,1.845968139648437500e+03,5.961546020507812500e+02,8.140448331832885742e-01,1.864155395507812500e+03,6.916373291015625000e+02,7.915235757827758789e-01,1.855061767578125000e+03,6.916373291015625000e+02,7.183021306991577148e-01,1.886889404296875000e+03,7.734796752929687500e+02,8.080326914787292480e-01,1.877795776367187500e+03,7.780264282226562500e+02,7.518940567970275879e-01,1.850515014648437500e+03,7.780264282226562500e+02,7.636527419090270996e-01,1.845968139648437500e+03,7.780264282226562500e+02,8.182055354118347168e-01,1.850515014648437500e+03,9.053367309570312500e+02,5.054444670677185059e-01,1.864155395507812500e+03,9.053367309570312500e+02,6.191460490226745605e-01,1.836874633789062500e+03,9.598983154296875000e+02,5.224597454071044922e-01,1.859608520507812500e+03,9.689918823242187500e+02,4.830345213413238525e-01,1.877795776367187500e+03,4.915782775878906250e+02,9.270213842391967773e-01,1.864155395507812500e+03,5.597802124023437500e+02,8.738275170326232910e-01,1.845968139648437500e+03,7.689328613281250000e+02,8.495985269546508789e-01,1.836874633789062500e+03,9.826322631835937500e+02,7.618924975395202637e-02,1.875522338867187500e+03,9.939992675781250000e+02,8.042153716087341309e-02,1.823234252929687500e+03,9.598983154296875000e+02,1.204987838864326477e-01,1.884615966796875000e+03,9.939992675781250000e+02,1.345973908901214600e-01,1.823234252929687500e+03,9.598983154296875000e+02,3.389056921005249023e-01,1.836874633789062500e+03,9.689918823242187500e+02,2.788821160793304443e-01,1.765787158636071126e+03,4.783718210834809952e+02,1.666763448896808768e+02,4.686723756370524825e+02,0.000000000000000000e+00
5.294500000000000000e+04,1.930000000000000000e+02,7.852000000000000000e+03,1.870000000000000000e+02,1.903105590820312500e+03,5.362554321289062500e+02,4.791267514228820801e-01,1.908218505859375000e+03,5.209167480468750000e+02,4.826338291168212891e-01,1.897992797851562500e+03,5.209167480468750000e+02,5.444262623786926270e-01,1.877541137695312500e+03,5.311425781250000000e+02,2.973527014255523682e-01,1.877541137695312500e+03,5.311425781250000000e+02,6.414037346839904785e-01,1.887766967773437500e+03,4.953522644042968750e+02,3.651159107685089111e-01,1.887766967773437500e+03,4.953522644042968750e+02,4.028287827968597412e-01,1.872428222656250000e+03,6.691908569335937500e+02,2.815008759498596191e-01,1.872428222656250000e+03,6.743037719726562500e+02,1.949588507413864136e-01,1.887766967773437500e+03,8.430294189453125000e+02,3.668285906314849854e-01,1.887766967773437500e+03,8.328036499023437500e+02,5.372831225395202637e-01,1.867315307617187500e+03,6.845295410156250000e+02,3.880678713321685791e-01,1.867315307617187500e+03,6.845295410156250000e+02,3.293752074241638184e-01,1.882654052734375000e+03,9.401745605468750000e+02,1.066013798117637634e-01,1.890323364257812500e+03,9.836341552734375000e+02,1.254764497280120850e-01,1.882654052734375000e+03,8.328036499023437500e+02,3.422133922576904297e-01,1.887766967773437500e+03,8.328036499023437500e+02,3.261689841747283936e-01,1.887766967773437500e+03,4.902393493652343750e+02,7.473596334457397461e-01,1.887766967773437500e+03,5.362554321289062500e+02,4.562191963195800781e-01,1.867315307617187500e+03,6.743037719726562500e+02,4.164270162582397461e-01,1.867315307617187500e+03,8.328036499023437500e+02,8.687004446983337402e-02,1.921000732421875000e+03,9.836341552734375000e+02,7.298051565885543823e-02,1.846863769531250000e+03,8.328036499023437500e+02,1.230005621910095215e-01,1.872428222656250000e+03,8.532552490234375000e+02,1.079198569059371948e-01,1.841750854492187500e+03,9.299487304687500000e+02,2.398332506418228149e-01,1.862202392578125000e+03,8.430294189453125000e+02,1.922843307256698608e-01,1.776126223559582741e+03,4.293683830105968013e+02,1.726363083650285262e+02,5.043251460132457282e+02,0.000000000000000000e+00
